/home/zubin/Desktop/Self-driving-car-simulation/Data/IMG/center_2019_03_01_18_29_06_258.jpg, /home/zubin/Desktop/Self-driving-car-simulation/Data/IMG/left_2019_03_01_18_29_06_258.jpg, /home/zubin/Desktop/Self-driving-car-simulation/Data/IMG/right_2019_03_01_18_29_06_258.jpg, 0, 0, 0, 7.904196E-05
/home/zubin/Desktop/Self-driving-car-simulation/Data/IMG/center_2019_03_01_18_29_06_372.jpg, /home/zubin/Desktop/Self-driving-car-simulation/Data/IMG/left_2019_03_01_18_29_06_372.jpg, /home/zubin/Desktop/Self-driving-car-simulation/Data/IMG/right_2019_03_01_18_29_06_372.jpg, 0, 0, 0, 7.791341E-05
/home/zubin/Desktop/Self-driving-car-simulation/Data/IMG/center_2019_03_01_18_29_06_490.jpg, /home/zubin/Desktop/Self-driving-car-simulation/Data/IMG/left_2019_03_01_18_29_06_490.jpg, /home/zubin/Desktop/Self-driving-car-simulation/Data/IMG/right_2019_03_01_18_29_06_490.jpg, 0, 0, 0, 7.813288E-05
/home/zubin/Desktop/Self-driving-car-simulation/Data/IMG/center_2019_03_01_18_29_06_590.jpg, /home/zubin/Desktop/Self-driving-car-simulation/Data/IMG/left_2019_03_01_18_29_06_590.jpg, /home/zubin/Desktop/Self-driving-car-simulation/Data/IMG/right_2019_03_01_18_29_06_590.jpg, 0, 0, 0, 8.269977E-05
/home/zubin/Desktop/Self-driving-car-simulation/Data/IMG/center_2019_03_01_18_29_06_691.jpg, /home/zubin/Desktop/Self-driving-car-simulation/Data/IMG/left_2019_03_01_18_29_06_691.jpg, /home/zubin/Desktop/Self-driving-car-simulation/Data/IMG/right_2019_03_01_18_29_06_691.jpg, 0, 0, 0, 8.323116E-05
/home/zubin/Desktop/Self-driving-car-simulation/Data/IMG/center_2019_03_01_18_29_06_817.jpg, /home/zubin/Desktop/Self-driving-car-simulation/Data/IMG/left_2019_03_01_18_29_06_817.jpg, /home/zubin/Desktop/Self-driving-car-simulation/Data/IMG/right_2019_03_01_18_29_06_817.jpg, 0, 0.3520374, 0, 0.2840019
/home/zubin/Desktop/Self-driving-car-simulation/Data/IMG/center_2019_03_01_18_29_06_934.jpg, /home/zubin/Desktop/Self-driving-car-simulation/Data/IMG/left_2019_03_01_18_29_06_934.jpg, /home/zubin/Desktop/Self-driving-car-simulation/Data/IMG/right_2019_03_01_18_29_06_934.jpg, -0.1917329, 0.6975746, 0, 1.037506
/home/zubin/Desktop/Self-driving-car-simulation/Data/IMG/center_2019_03_01_18_29_07_050.jpg, /home/zubin/Desktop/Self-driving-car-simulation/Data/IMG/left_2019_03_01_18_29_07_050.jpg, /home/zubin/Desktop/Self-driving-car-simulation/Data/IMG/right_2019_03_01_18_29_07_050.jpg, -0.5470862, 1, 0, 2.264475
/home/zubin/Desktop/Self-driving-car-simulation/Data/IMG/center_2019_03_01_18_29_07_156.jpg, /home/zubin/Desktop/Self-driving-car-simulation/Data/IMG/left_2019_03_01_18_29_07_156.jpg, /home/zubin/Desktop/Self-driving-car-simulation/Data/IMG/right_2019_03_01_18_29_07_156.jpg, -0.5904114, 1, 0, 3.622254
/home/zubin/Desktop/Self-driving-car-simulation/Data/IMG/center_2019_03_01_18_29_07_257.jpg, /home/zubin/Desktop/Self-driving-car-simulation/Data/IMG/left_2019_03_01_18_29_07_257.jpg, /home/zubin/Desktop/Self-driving-car-simulation/Data/IMG/right_2019_03_01_18_29_07_257.jpg, -0.2892802, 1, 0, 4.799594
/home/zubin/Desktop/Self-driving-car-simulation/Data/IMG/center_2019_03_01_18_29_07_374.jpg, /home/zubin/Desktop/Self-driving-car-simulation/Data/IMG/left_2019_03_01_18_29_07_374.jpg, /home/zubin/Desktop/Self-driving-car-simulation/Data/IMG/right_2019_03_01_18_29_07_374.jpg, 0, 1, 0, 6.183813
/home/zubin/Desktop/Self-driving-car-simulation/Data/IMG/center_2019_03_01_18_29_07_489.jpg, /home/zubin/Desktop/Self-driving-car-simulation/Data/IMG/left_2019_03_01_18_29_07_489.jpg, /home/zubin/Desktop/Self-driving-car-simulation/Data/IMG/right_2019_03_01_18_29_07_489.jpg, 0, 1, 0, 7.327912
/home/zubin/Desktop/Self-driving-car-simulation/Data/IMG/center_2019_03_01_18_29_07_589.jpg, /home/zubin/Desktop/Self-driving-car-simulation/Data/IMG/left_2019_03_01_18_29_07_589.jpg, /home/zubin/Desktop/Self-driving-car-simulation/Data/IMG/right_2019_03_01_18_29_07_589.jpg, -0.101532, 1, 0, 8.459347
/home/zubin/Desktop/Self-driving-car-simulation/Data/IMG/center_2019_03_01_18_29_07_690.jpg, /home/zubin/Desktop/Self-driving-car-simulation/Data/IMG/left_2019_03_01_18_29_07_690.jpg, /home/zubin/Desktop/Self-driving-car-simulation/Data/IMG/right_2019_03_01_18_29_07_690.jpg, -0.4056115, 1, 0, 9.540248
/home/zubin/Desktop/Self-driving-car-simulation/Data/IMG/center_2019_03_01_18_29_07_791.jpg, /home/zubin/Desktop/Self-driving-car-simulation/Data/IMG/left_2019_03_01_18_29_07_791.jpg, /home/zubin/Desktop/Self-driving-car-simulation/Data/IMG/right_2019_03_01_18_29_07_791.jpg, -0.4902363, 1, 0, 10.57263
/home/zubin/Desktop/Self-driving-car-simulation/Data/IMG/center_2019_03_01_18_29_07_906.jpg, /home/zubin/Desktop/Self-driving-car-simulation/Data/IMG/left_2019_03_01_18_29_07_906.jpg, /home/zubin/Desktop/Self-driving-car-simulation/Data/IMG/right_2019_03_01_18_29_07_906.jpg, -0.1461396, 1, 0, 11.73531
/home/zubin/Desktop/Self-driving-car-simulation/Data/IMG/center_2019_03_01_18_29_08_006.jpg, /home/zubin/Desktop/Self-driving-car-simulation/Data/IMG/left_2019_03_01_18_29_08_006.jpg, /home/zubin/Desktop/Self-driving-car-simulation/Data/IMG/right_2019_03_01_18_29_08_006.jpg, 0, 1, 0, 13.00623
/home/zubin/Desktop/Self-driving-car-simulation/Data/IMG/center_2019_03_01_18_29_08_117.jpg, /home/zubin/Desktop/Self-driving-car-simulation/Data/IMG/left_2019_03_01_18_29_08_117.jpg, /home/zubin/Desktop/Self-driving-car-simulation/Data/IMG/right_2019_03_01_18_29_08_117.jpg, 0, 1, 0, 13.97474
/home/zubin/Desktop/Self-driving-car-simulation/Data/IMG/center_2019_03_01_18_29_08_222.jpg, /home/zubin/Desktop/Self-driving-car-simulation/Data/IMG/left_2019_03_01_18_29_08_222.jpg, /home/zubin/Desktop/Self-driving-car-simulation/Data/IMG/right_2019_03_01_18_29_08_222.jpg, 0, 1, 0, 15.20687
/home/zubin/Desktop/Self-driving-car-simulation/Data/IMG/center_2019_03_01_18_29_08_323.jpg, /home/zubin/Desktop/Self-driving-car-simulation/Data/IMG/left_2019_03_01_18_29_08_323.jpg, /home/zubin/Desktop/Self-driving-car-simulation/Data/IMG/right_2019_03_01_18_29_08_323.jpg, -0.302727, 1, 0, 16.46067
/home/zubin/Desktop/Self-driving-car-simulation/Data/IMG/center_2019_03_01_18_29_08_424.jpg, /home/zubin/Desktop/Self-driving-car-simulation/Data/IMG/left_2019_03_01_18_29_08_424.jpg, /home/zubin/Desktop/Self-driving-car-simulation/Data/IMG/right_2019_03_01_18_29_08_424.jpg, -0.6069989, 1, 0, 17.16793
/home/zubin/Desktop/Self-driving-car-simulation/Data/IMG/center_2019_03_01_18_29_08_540.jpg, /home/zubin/Desktop/Self-driving-car-simulation/Data/IMG/left_2019_03_01_18_29_08_540.jpg, /home/zubin/Desktop/Self-driving-car-simulation/Data/IMG/right_2019_03_01_18_29_08_540.jpg, -0.2602408, 1, 0, 18.39119
/home/zubin/Desktop/Self-driving-car-simulation/Data/IMG/center_2019_03_01_18_29_08_658.jpg, /home/zubin/Desktop/Self-driving-car-simulation/Data/IMG/left_2019_03_01_18_29_08_658.jpg, /home/zubin/Desktop/Self-driving-car-simulation/Data/IMG/right_2019_03_01_18_29_08_658.jpg, 0, 1, 0, 19.62452
/home/zubin/Desktop/Self-driving-car-simulation/Data/IMG/center_2019_03_01_18_29_08_774.jpg, /home/zubin/Desktop/Self-driving-car-simulation/Data/IMG/left_2019_03_01_18_29_08_774.jpg, /home/zubin/Desktop/Self-driving-car-simulation/Data/IMG/right_2019_03_01_18_29_08_774.jpg, 0, 1, 0, 20.85631
/home/zubin/Desktop/Self-driving-car-simulation/Data/IMG/center_2019_03_01_18_29_08_889.jpg, /home/zubin/Desktop/Self-driving-car-simulation/Data/IMG/left_2019_03_01_18_29_08_889.jpg, /home/zubin/Desktop/Self-driving-car-simulation/Data/IMG/right_2019_03_01_18_29_08_889.jpg, -0.3437011, 1, 0, 21.87729
/home/zubin/Desktop/Self-driving-car-simulation/Data/IMG/center_2019_03_01_18_29_08_989.jpg, /home/zubin/Desktop/Self-driving-car-simulation/Data/IMG/left_2019_03_01_18_29_08_989.jpg, /home/zubin/Desktop/Self-driving-car-simulation/Data/IMG/right_2019_03_01_18_29_08_989.jpg, -0.603153, 1, 0, 22.64807
/home/zubin/Desktop/Self-driving-car-simulation/Data/IMG/center_2019_03_01_18_29_09_091.jpg, /home/zubin/Desktop/Self-driving-car-simulation/Data/IMG/left_2019_03_01_18_29_09_091.jpg, /home/zubin/Desktop/Self-driving-car-simulation/Data/IMG/right_2019_03_01_18_29_09_091.jpg, -0.3926818, 1, 0, 23.58002
/home/zubin/Desktop/Self-driving-car-simulation/Data/IMG/center_2019_03_01_18_29_09_208.jpg, /home/zubin/Desktop/Self-driving-car-simulation/Data/IMG/left_2019_03_01_18_29_09_208.jpg, /home/zubin/Desktop/Self-driving-car-simulation/Data/IMG/right_2019_03_01_18_29_09_208.jpg, 0, 1, 0, 24.74755
/home/zubin/Desktop/Self-driving-car-simulation/Data/IMG/center_2019_03_01_18_29_09_324.jpg, /home/zubin/Desktop/Self-driving-car-simulation/Data/IMG/left_2019_03_01_18_29_09_324.jpg, /home/zubin/Desktop/Self-driving-car-simulation/Data/IMG/right_2019_03_01_18_29_09_324.jpg, 0, 1, 0, 25.88048
/home/zubin/Desktop/Self-driving-car-simulation/Data/IMG/center_2019_03_01_18_29_09_440.jpg, /home/zubin/Desktop/Self-driving-car-simulation/Data/IMG/left_2019_03_01_18_29_09_440.jpg, /home/zubin/Desktop/Self-driving-car-simulation/Data/IMG/right_2019_03_01_18_29_09_440.jpg, 0, 1, 0, 27.01509
/home/zubin/Desktop/Self-driving-car-simulation/Data/IMG/center_2019_03_01_18_29_09_556.jpg, /home/zubin/Desktop/Self-driving-car-simulation/Data/IMG/left_2019_03_01_18_29_09_556.jpg, /home/zubin/Desktop/Self-driving-car-simulation/Data/IMG/right_2019_03_01_18_29_09_556.jpg, 0, 1, 0, 28.13783
/home/zubin/Desktop/Self-driving-car-simulation/Data/IMG/center_2019_03_01_18_29_09_671.jpg, /home/zubin/Desktop/Self-driving-car-simulation/Data/IMG/left_2019_03_01_18_29_09_671.jpg, /home/zubin/Desktop/Self-driving-car-simulation/Data/IMG/right_2019_03_01_18_29_09_671.jpg, 0, 1, 0, 29.06313
/home/zubin/Desktop/Self-driving-car-simulation/Data/IMG/center_2019_03_01_18_29_09_771.jpg, /home/zubin/Desktop/Self-driving-car-simulation/Data/IMG/left_2019_03_01_18_29_09_771.jpg, /home/zubin/Desktop/Self-driving-car-simulation/Data/IMG/right_2019_03_01_18_29_09_771.jpg, 0, 1, 0, 29.97956
/home/zubin/Desktop/Self-driving-car-simulation/Data/IMG/center_2019_03_01_18_29_09_872.jpg, /home/zubin/Desktop/Self-driving-car-simulation/Data/IMG/left_2019_03_01_18_29_09_872.jpg, /home/zubin/Desktop/Self-driving-car-simulation/Data/IMG/right_2019_03_01_18_29_09_872.jpg, -0.1499877, 1, 0, 30.18391
/home/zubin/Desktop/Self-driving-car-simulation/Data/IMG/center_2019_03_01_18_29_09_973.jpg, /home/zubin/Desktop/Self-driving-car-simulation/Data/IMG/left_2019_03_01_18_29_09_973.jpg, /home/zubin/Desktop/Self-driving-car-simulation/Data/IMG/right_2019_03_01_18_29_09_973.jpg, -0.1381767, 1, 0, 30.18946
/home/zubin/Desktop/Self-driving-car-simulation/Data/IMG/center_2019_03_01_18_29_10_088.jpg, /home/zubin/Desktop/Self-driving-car-simulation/Data/IMG/left_2019_03_01_18_29_10_088.jpg, /home/zubin/Desktop/Self-driving-car-simulation/Data/IMG/right_2019_03_01_18_29_10_088.jpg, 0, 1, 0, 30.18998
/home/zubin/Desktop/Self-driving-car-simulation/Data/IMG/center_2019_03_01_18_29_10_206.jpg, /home/zubin/Desktop/Self-driving-car-simulation/Data/IMG/left_2019_03_01_18_29_10_206.jpg, /home/zubin/Desktop/Self-driving-car-simulation/Data/IMG/right_2019_03_01_18_29_10_206.jpg, 0, 1, 0, 30.19032
/home/zubin/Desktop/Self-driving-car-simulation/Data/IMG/center_2019_03_01_18_29_10_320.jpg, /home/zubin/Desktop/Self-driving-car-simulation/Data/IMG/left_2019_03_01_18_29_10_320.jpg, /home/zubin/Desktop/Self-driving-car-simulation/Data/IMG/right_2019_03_01_18_29_10_320.jpg, 0, 1, 0, 30.1903
/home/zubin/Desktop/Self-driving-car-simulation/Data/IMG/center_2019_03_01_18_29_10_422.jpg, /home/zubin/Desktop/Self-driving-car-simulation/Data/IMG/left_2019_03_01_18_29_10_422.jpg, /home/zubin/Desktop/Self-driving-car-simulation/Data/IMG/right_2019_03_01_18_29_10_422.jpg, -0.3034859, 1, 0, 30.16871
/home/zubin/Desktop/Self-driving-car-simulation/Data/IMG/center_2019_03_01_18_29_10_538.jpg, /home/zubin/Desktop/Self-driving-car-simulation/Data/IMG/left_2019_03_01_18_29_10_538.jpg, /home/zubin/Desktop/Self-driving-car-simulation/Data/IMG/right_2019_03_01_18_29_10_538.jpg, -0.3572345, 1, 0, 30.17972
/home/zubin/Desktop/Self-driving-car-simulation/Data/IMG/center_2019_03_01_18_29_10_641.jpg, /home/zubin/Desktop/Self-driving-car-simulation/Data/IMG/left_2019_03_01_18_29_10_641.jpg, /home/zubin/Desktop/Self-driving-car-simulation/Data/IMG/right_2019_03_01_18_29_10_641.jpg, -0.04637432, 1, 0, 30.18939
/home/zubin/Desktop/Self-driving-car-simulation/Data/IMG/center_2019_03_01_18_29_10_754.jpg, /home/zubin/Desktop/Self-driving-car-simulation/Data/IMG/left_2019_03_01_18_29_10_754.jpg, /home/zubin/Desktop/Self-driving-car-simulation/Data/IMG/right_2019_03_01_18_29_10_754.jpg, 0, 1, 0, 30.18972
/home/zubin/Desktop/Self-driving-car-simulation/Data/IMG/center_2019_03_01_18_29_10_855.jpg, /home/zubin/Desktop/Self-driving-car-simulation/Data/IMG/left_2019_03_01_18_29_10_855.jpg, /home/zubin/Desktop/Self-driving-car-simulation/Data/IMG/right_2019_03_01_18_29_10_855.jpg, 0, 1, 0, 30.19029
/home/zubin/Desktop/Self-driving-car-simulation/Data/IMG/center_2019_03_01_18_29_10_956.jpg, /home/zubin/Desktop/Self-driving-car-simulation/Data/IMG/left_2019_03_01_18_29_10_956.jpg, /home/zubin/Desktop/Self-driving-car-simulation/Data/IMG/right_2019_03_01_18_29_10_956.jpg, -0.1764986, 1, 0, 30.18305
/home/zubin/Desktop/Self-driving-car-simulation/Data/IMG/center_2019_03_01_18_29_11_072.jpg, /home/zubin/Desktop/Self-driving-car-simulation/Data/IMG/left_2019_03_01_18_29_11_072.jpg, /home/zubin/Desktop/Self-driving-car-simulation/Data/IMG/right_2019_03_01_18_29_11_072.jpg, -0.1477768, 1, 0, 30.18958
/home/zubin/Desktop/Self-driving-car-simulation/Data/IMG/center_2019_03_01_18_29_11_189.jpg, /home/zubin/Desktop/Self-driving-car-simulation/Data/IMG/left_2019_03_01_18_29_11_189.jpg, /home/zubin/Desktop/Self-driving-car-simulation/Data/IMG/right_2019_03_01_18_29_11_189.jpg, 0, 1, 0, 30.19051
/home/zubin/Desktop/Self-driving-car-simulation/Data/IMG/center_2019_03_01_18_29_11_305.jpg, /home/zubin/Desktop/Self-driving-car-simulation/Data/IMG/left_2019_03_01_18_29_11_305.jpg, /home/zubin/Desktop/Self-driving-car-simulation/Data/IMG/right_2019_03_01_18_29_11_305.jpg, 0, 1, 0, 30.19032
/home/zubin/Desktop/Self-driving-car-simulation/Data/IMG/center_2019_03_01_18_29_11_405.jpg, /home/zubin/Desktop/Self-driving-car-simulation/Data/IMG/left_2019_03_01_18_29_11_405.jpg, /home/zubin/Desktop/Self-driving-car-simulation/Data/IMG/right_2019_03_01_18_29_11_405.jpg, 0, 1, 0, 30.19035
/home/zubin/Desktop/Self-driving-car-simulation/Data/IMG/center_2019_03_01_18_29_11_521.jpg, /home/zubin/Desktop/Self-driving-car-simulation/Data/IMG/left_2019_03_01_18_29_11_521.jpg, /home/zubin/Desktop/Self-driving-car-simulation/Data/IMG/right_2019_03_01_18_29_11_521.jpg, -0.240057, 1, 0, 30.17572
/home/zubin/Desktop/Self-driving-car-simulation/Data/IMG/center_2019_03_01_18_29_11_639.jpg, /home/zubin/Desktop/Self-driving-car-simulation/Data/IMG/left_2019_03_01_18_29_11_639.jpg, /home/zubin/Desktop/Self-driving-car-simulation/Data/IMG/right_2019_03_01_18_29_11_639.jpg, -0.2854435, 1, 0, 30.18365
/home/zubin/Desktop/Self-driving-car-simulation/Data/IMG/center_2019_03_01_18_29_11_754.jpg, /home/zubin/Desktop/Self-driving-car-simulation/Data/IMG/left_2019_03_01_18_29_11_754.jpg, /home/zubin/Desktop/Self-driving-car-simulation/Data/IMG/right_2019_03_01_18_29_11_754.jpg, 0, 1, 0, 30.18748
/home/zubin/Desktop/Self-driving-car-simulation/Data/IMG/center_2019_03_01_18_29_11_855.jpg, /home/zubin/Desktop/Self-driving-car-simulation/Data/IMG/left_2019_03_01_18_29_11_855.jpg, /home/zubin/Desktop/Self-driving-car-simulation/Data/IMG/right_2019_03_01_18_29_11_855.jpg, 0, 1, 0, 30.18979
/home/zubin/Desktop/Self-driving-car-simulation/Data/IMG/center_2019_03_01_18_29_11_970.jpg, /home/zubin/Desktop/Self-driving-car-simulation/Data/IMG/left_2019_03_01_18_29_11_970.jpg, /home/zubin/Desktop/Self-driving-car-simulation/Data/IMG/right_2019_03_01_18_29_11_970.jpg, 0, 1, 0, 30.18963
/home/zubin/Desktop/Self-driving-car-simulation/Data/IMG/center_2019_03_01_18_29_12_087.jpg, /home/zubin/Desktop/Self-driving-car-simulation/Data/IMG/left_2019_03_01_18_29_12_087.jpg, /home/zubin/Desktop/Self-driving-car-simulation/Data/IMG/right_2019_03_01_18_29_12_087.jpg, 0, 1, 0, 30.19034
/home/zubin/Desktop/Self-driving-car-simulation/Data/IMG/center_2019_03_01_18_29_12_204.jpg, /home/zubin/Desktop/Self-driving-car-simulation/Data/IMG/left_2019_03_01_18_29_12_204.jpg, /home/zubin/Desktop/Self-driving-car-simulation/Data/IMG/right_2019_03_01_18_29_12_204.jpg, 0, 1, 0, 30.19023
/home/zubin/Desktop/Self-driving-car-simulation/Data/IMG/center_2019_03_01_18_29_12_320.jpg, /home/zubin/Desktop/Self-driving-car-simulation/Data/IMG/left_2019_03_01_18_29_12_320.jpg, /home/zubin/Desktop/Self-driving-car-simulation/Data/IMG/right_2019_03_01_18_29_12_320.jpg, 0, 1, 0, 30.19079
/home/zubin/Desktop/Self-driving-car-simulation/Data/IMG/center_2019_03_01_18_29_12_421.jpg, /home/zubin/Desktop/Self-driving-car-simulation/Data/IMG/left_2019_03_01_18_29_12_421.jpg, /home/zubin/Desktop/Self-driving-car-simulation/Data/IMG/right_2019_03_01_18_29_12_421.jpg, 0, 1, 0, 30.19043
/home/zubin/Desktop/Self-driving-car-simulation/Data/IMG/center_2019_03_01_18_29_12_537.jpg, /home/zubin/Desktop/Self-driving-car-simulation/Data/IMG/left_2019_03_01_18_29_12_537.jpg, /home/zubin/Desktop/Self-driving-car-simulation/Data/IMG/right_2019_03_01_18_29_12_537.jpg, -0.2057519, 1, 0, 30.17895
/home/zubin/Desktop/Self-driving-car-simulation/Data/IMG/center_2019_03_01_18_29_12_654.jpg, /home/zubin/Desktop/Self-driving-car-simulation/Data/IMG/left_2019_03_01_18_29_12_654.jpg, /home/zubin/Desktop/Self-driving-car-simulation/Data/IMG/right_2019_03_01_18_29_12_654.jpg, -0.04302049, 1, 0, 30.1907
/home/zubin/Desktop/Self-driving-car-simulation/Data/IMG/center_2019_03_01_18_29_12_754.jpg, /home/zubin/Desktop/Self-driving-car-simulation/Data/IMG/left_2019_03_01_18_29_12_754.jpg, /home/zubin/Desktop/Self-driving-car-simulation/Data/IMG/right_2019_03_01_18_29_12_754.jpg, 0, 1, 0, 30.18995
/home/zubin/Desktop/Self-driving-car-simulation/Data/IMG/center_2019_03_01_18_29_12_867.jpg, /home/zubin/Desktop/Self-driving-car-simulation/Data/IMG/left_2019_03_01_18_29_12_867.jpg, /home/zubin/Desktop/Self-driving-car-simulation/Data/IMG/right_2019_03_01_18_29_12_867.jpg, 0, 1, 0, 30.19014
/home/zubin/Desktop/Self-driving-car-simulation/Data/IMG/center_2019_03_01_18_29_12_970.jpg, /home/zubin/Desktop/Self-driving-car-simulation/Data/IMG/left_2019_03_01_18_29_12_970.jpg, /home/zubin/Desktop/Self-driving-car-simulation/Data/IMG/right_2019_03_01_18_29_12_970.jpg, 0, 1, 0, 30.19088
/home/zubin/Desktop/Self-driving-car-simulation/Data/IMG/center_2019_03_01_18_29_13_086.jpg, /home/zubin/Desktop/Self-driving-car-simulation/Data/IMG/left_2019_03_01_18_29_13_086.jpg, /home/zubin/Desktop/Self-driving-car-simulation/Data/IMG/right_2019_03_01_18_29_13_086.jpg, -0.1541641, 1, 0, 30.18467
/home/zubin/Desktop/Self-driving-car-simulation/Data/IMG/center_2019_03_01_18_29_13_204.jpg, /home/zubin/Desktop/Self-driving-car-simulation/Data/IMG/left_2019_03_01_18_29_13_204.jpg, /home/zubin/Desktop/Self-driving-car-simulation/Data/IMG/right_2019_03_01_18_29_13_204.jpg, -0.1932957, 1, 0, 30.18762
/home/zubin/Desktop/Self-driving-car-simulation/Data/IMG/center_2019_03_01_18_29_13_317.jpg, /home/zubin/Desktop/Self-driving-car-simulation/Data/IMG/left_2019_03_01_18_29_13_317.jpg, /home/zubin/Desktop/Self-driving-car-simulation/Data/IMG/right_2019_03_01_18_29_13_317.jpg, 0, 1, 0, 30.18969
/home/zubin/Desktop/Self-driving-car-simulation/Data/IMG/center_2019_03_01_18_29_13_420.jpg, /home/zubin/Desktop/Self-driving-car-simulation/Data/IMG/left_2019_03_01_18_29_13_420.jpg, /home/zubin/Desktop/Self-driving-car-simulation/Data/IMG/right_2019_03_01_18_29_13_420.jpg, 0, 1, 0, 30.19007
/home/zubin/Desktop/Self-driving-car-simulation/Data/IMG/center_2019_03_01_18_29_13_536.jpg, /home/zubin/Desktop/Self-driving-car-simulation/Data/IMG/left_2019_03_01_18_29_13_536.jpg, /home/zubin/Desktop/Self-driving-car-simulation/Data/IMG/right_2019_03_01_18_29_13_536.jpg, 0, 1, 0, 30.19031
/home/zubin/Desktop/Self-driving-car-simulation/Data/IMG/center_2019_03_01_18_29_13_666.jpg, /home/zubin/Desktop/Self-driving-car-simulation/Data/IMG/left_2019_03_01_18_29_13_666.jpg, /home/zubin/Desktop/Self-driving-car-simulation/Data/IMG/right_2019_03_01_18_29_13_666.jpg, -0.1372805, 1, 0, 30.18561
/home/zubin/Desktop/Self-driving-car-simulation/Data/IMG/center_2019_03_01_18_29_13_767.jpg, /home/zubin/Desktop/Self-driving-car-simulation/Data/IMG/left_2019_03_01_18_29_13_767.jpg, /home/zubin/Desktop/Self-driving-car-simulation/Data/IMG/right_2019_03_01_18_29_13_767.jpg, -0.1559365, 1, 0, 30.18802
/home/zubin/Desktop/Self-driving-car-simulation/Data/IMG/center_2019_03_01_18_29_13_870.jpg, /home/zubin/Desktop/Self-driving-car-simulation/Data/IMG/left_2019_03_01_18_29_13_870.jpg, /home/zubin/Desktop/Self-driving-car-simulation/Data/IMG/right_2019_03_01_18_29_13_870.jpg, 0, 1, 0, 30.18977
/home/zubin/Desktop/Self-driving-car-simulation/Data/IMG/center_2019_03_01_18_29_13_987.jpg, /home/zubin/Desktop/Self-driving-car-simulation/Data/IMG/left_2019_03_01_18_29_13_987.jpg, /home/zubin/Desktop/Self-driving-car-simulation/Data/IMG/right_2019_03_01_18_29_13_987.jpg, 0, 1, 0, 30.19023
/home/zubin/Desktop/Self-driving-car-simulation/Data/IMG/center_2019_03_01_18_29_14_103.jpg, /home/zubin/Desktop/Self-driving-car-simulation/Data/IMG/left_2019_03_01_18_29_14_103.jpg, /home/zubin/Desktop/Self-driving-car-simulation/Data/IMG/right_2019_03_01_18_29_14_103.jpg, 0, 1, 0, 30.19031
/home/zubin/Desktop/Self-driving-car-simulation/Data/IMG/center_2019_03_01_18_29_14_220.jpg, /home/zubin/Desktop/Self-driving-car-simulation/Data/IMG/left_2019_03_01_18_29_14_220.jpg, /home/zubin/Desktop/Self-driving-car-simulation/Data/IMG/right_2019_03_01_18_29_14_220.jpg, -0.1552742, 1, 0, 30.18411
/home/zubin/Desktop/Self-driving-car-simulation/Data/IMG/center_2019_03_01_18_29_14_336.jpg, /home/zubin/Desktop/Self-driving-car-simulation/Data/IMG/left_2019_03_01_18_29_14_336.jpg, /home/zubin/Desktop/Self-driving-car-simulation/Data/IMG/right_2019_03_01_18_29_14_336.jpg, -0.3020017, 1, 0, 30.17943
/home/zubin/Desktop/Self-driving-car-simulation/Data/IMG/center_2019_03_01_18_29_14_452.jpg, /home/zubin/Desktop/Self-driving-car-simulation/Data/IMG/left_2019_03_01_18_29_14_452.jpg, /home/zubin/Desktop/Self-driving-car-simulation/Data/IMG/right_2019_03_01_18_29_14_452.jpg, -0.005001783, 1, 0, 30.18832
/home/zubin/Desktop/Self-driving-car-simulation/Data/IMG/center_2019_03_01_18_29_14_553.jpg, /home/zubin/Desktop/Self-driving-car-simulation/Data/IMG/left_2019_03_01_18_29_14_553.jpg, /home/zubin/Desktop/Self-driving-car-simulation/Data/IMG/right_2019_03_01_18_29_14_553.jpg, 0, 1, 0, 30.18987
/home/zubin/Desktop/Self-driving-car-simulation/Data/IMG/center_2019_03_01_18_29_14_668.jpg, /home/zubin/Desktop/Self-driving-car-simulation/Data/IMG/left_2019_03_01_18_29_14_668.jpg, /home/zubin/Desktop/Self-driving-car-simulation/Data/IMG/right_2019_03_01_18_29_14_668.jpg, 0, 1, 0, 30.19029
/home/zubin/Desktop/Self-driving-car-simulation/Data/IMG/center_2019_03_01_18_29_14_769.jpg, /home/zubin/Desktop/Self-driving-car-simulation/Data/IMG/left_2019_03_01_18_29_14_769.jpg, /home/zubin/Desktop/Self-driving-car-simulation/Data/IMG/right_2019_03_01_18_29_14_769.jpg, 0, 1, 0, 30.18999
/home/zubin/Desktop/Self-driving-car-simulation/Data/IMG/center_2019_03_01_18_29_14_869.jpg, /home/zubin/Desktop/Self-driving-car-simulation/Data/IMG/left_2019_03_01_18_29_14_869.jpg, /home/zubin/Desktop/Self-driving-car-simulation/Data/IMG/right_2019_03_01_18_29_14_869.jpg, -0.1400163, 1, 0, 30.18544
/home/zubin/Desktop/Self-driving-car-simulation/Data/IMG/center_2019_03_01_18_29_14_986.jpg, /home/zubin/Desktop/Self-driving-car-simulation/Data/IMG/left_2019_03_01_18_29_14_986.jpg, /home/zubin/Desktop/Self-driving-car-simulation/Data/IMG/right_2019_03_01_18_29_14_986.jpg, -0.2860022, 1, 0, 30.17672
/home/zubin/Desktop/Self-driving-car-simulation/Data/IMG/center_2019_03_01_18_29_15_102.jpg, /home/zubin/Desktop/Self-driving-car-simulation/Data/IMG/left_2019_03_01_18_29_15_102.jpg, /home/zubin/Desktop/Self-driving-car-simulation/Data/IMG/right_2019_03_01_18_29_15_102.jpg, 0, 1, 0, 30.18823
/home/zubin/Desktop/Self-driving-car-simulation/Data/IMG/center_2019_03_01_18_29_15_219.jpg, /home/zubin/Desktop/Self-driving-car-simulation/Data/IMG/left_2019_03_01_18_29_15_219.jpg, /home/zubin/Desktop/Self-driving-car-simulation/Data/IMG/right_2019_03_01_18_29_15_219.jpg, 0, 1, 0, 30.19015
/home/zubin/Desktop/Self-driving-car-simulation/Data/IMG/center_2019_03_01_18_29_15_335.jpg, /home/zubin/Desktop/Self-driving-car-simulation/Data/IMG/left_2019_03_01_18_29_15_335.jpg, /home/zubin/Desktop/Self-driving-car-simulation/Data/IMG/right_2019_03_01_18_29_15_335.jpg, 0, 1, 0, 30.19031
/home/zubin/Desktop/Self-driving-car-simulation/Data/IMG/center_2019_03_01_18_29_15_435.jpg, /home/zubin/Desktop/Self-driving-car-simulation/Data/IMG/left_2019_03_01_18_29_15_435.jpg, /home/zubin/Desktop/Self-driving-car-simulation/Data/IMG/right_2019_03_01_18_29_15_435.jpg, 0, 1, 0, 30.19032
/home/zubin/Desktop/Self-driving-car-simulation/Data/IMG/center_2019_03_01_18_29_15_551.jpg, /home/zubin/Desktop/Self-driving-car-simulation/Data/IMG/left_2019_03_01_18_29_15_551.jpg, /home/zubin/Desktop/Self-driving-car-simulation/Data/IMG/right_2019_03_01_18_29_15_551.jpg, -0.10638, 1, 0, 30.18728
/home/zubin/Desktop/Self-driving-car-simulation/Data/IMG/center_2019_03_01_18_29_15_669.jpg, /home/zubin/Desktop/Self-driving-car-simulation/Data/IMG/left_2019_03_01_18_29_15_669.jpg, /home/zubin/Desktop/Self-driving-car-simulation/Data/IMG/right_2019_03_01_18_29_15_669.jpg, -0.1242292, 1, 0, 30.19078
/home/zubin/Desktop/Self-driving-car-simulation/Data/IMG/center_2019_03_01_18_29_15_782.jpg, /home/zubin/Desktop/Self-driving-car-simulation/Data/IMG/left_2019_03_01_18_29_15_782.jpg, /home/zubin/Desktop/Self-driving-car-simulation/Data/IMG/right_2019_03_01_18_29_15_782.jpg, 0, 1, 0, 30.19029
/home/zubin/Desktop/Self-driving-car-simulation/Data/IMG/center_2019_03_01_18_29_15_900.jpg, /home/zubin/Desktop/Self-driving-car-simulation/Data/IMG/left_2019_03_01_18_29_15_900.jpg, /home/zubin/Desktop/Self-driving-car-simulation/Data/IMG/right_2019_03_01_18_29_15_900.jpg, 0, 1, 0, 30.19021
/home/zubin/Desktop/Self-driving-car-simulation/Data/IMG/center_2019_03_01_18_29_16_015.jpg, /home/zubin/Desktop/Self-driving-car-simulation/Data/IMG/left_2019_03_01_18_29_16_015.jpg, /home/zubin/Desktop/Self-driving-car-simulation/Data/IMG/right_2019_03_01_18_29_16_015.jpg, 0, 1, 0, 30.19092
/home/zubin/Desktop/Self-driving-car-simulation/Data/IMG/center_2019_03_01_18_29_16_116.jpg, /home/zubin/Desktop/Self-driving-car-simulation/Data/IMG/left_2019_03_01_18_29_16_116.jpg, /home/zubin/Desktop/Self-driving-car-simulation/Data/IMG/right_2019_03_01_18_29_16_116.jpg, 0, 1, 0, 30.19042
/home/zubin/Desktop/Self-driving-car-simulation/Data/IMG/center_2019_03_01_18_29_16_231.jpg, /home/zubin/Desktop/Self-driving-car-simulation/Data/IMG/left_2019_03_01_18_29_16_231.jpg, /home/zubin/Desktop/Self-driving-car-simulation/Data/IMG/right_2019_03_01_18_29_16_231.jpg, 0, 1, 0, 30.19039
/home/zubin/Desktop/Self-driving-car-simulation/Data/IMG/center_2019_03_01_18_29_16_332.jpg, /home/zubin/Desktop/Self-driving-car-simulation/Data/IMG/left_2019_03_01_18_29_16_332.jpg, /home/zubin/Desktop/Self-driving-car-simulation/Data/IMG/right_2019_03_01_18_29_16_332.jpg, -0.2520239, 1, 0, 30.17469
/home/zubin/Desktop/Self-driving-car-simulation/Data/IMG/center_2019_03_01_18_29_16_448.jpg, /home/zubin/Desktop/Self-driving-car-simulation/Data/IMG/left_2019_03_01_18_29_16_448.jpg, /home/zubin/Desktop/Self-driving-car-simulation/Data/IMG/right_2019_03_01_18_29_16_448.jpg, 0, 1, 0, 30.18959
/home/zubin/Desktop/Self-driving-car-simulation/Data/IMG/center_2019_03_01_18_29_16_566.jpg, /home/zubin/Desktop/Self-driving-car-simulation/Data/IMG/left_2019_03_01_18_29_16_566.jpg, /home/zubin/Desktop/Self-driving-car-simulation/Data/IMG/right_2019_03_01_18_29_16_566.jpg, 0, 1, 0, 30.19004
/home/zubin/Desktop/Self-driving-car-simulation/Data/IMG/center_2019_03_01_18_29_16_666.jpg, /home/zubin/Desktop/Self-driving-car-simulation/Data/IMG/left_2019_03_01_18_29_16_666.jpg, /home/zubin/Desktop/Self-driving-car-simulation/Data/IMG/right_2019_03_01_18_29_16_666.jpg, 0, 1, 0, 30.19014
/home/zubin/Desktop/Self-driving-car-simulation/Data/IMG/center_2019_03_01_18_29_16_779.jpg, /home/zubin/Desktop/Self-driving-car-simulation/Data/IMG/left_2019_03_01_18_29_16_779.jpg, /home/zubin/Desktop/Self-driving-car-simulation/Data/IMG/right_2019_03_01_18_29_16_779.jpg, 0, 1, 0, 30.19172
/home/zubin/Desktop/Self-driving-car-simulation/Data/IMG/center_2019_03_01_18_29_16_881.jpg, /home/zubin/Desktop/Self-driving-car-simulation/Data/IMG/left_2019_03_01_18_29_16_881.jpg, /home/zubin/Desktop/Self-driving-car-simulation/Data/IMG/right_2019_03_01_18_29_16_881.jpg, 0, 1, 0, 30.19051
/home/zubin/Desktop/Self-driving-car-simulation/Data/IMG/center_2019_03_01_18_29_16_997.jpg, /home/zubin/Desktop/Self-driving-car-simulation/Data/IMG/left_2019_03_01_18_29_16_997.jpg, /home/zubin/Desktop/Self-driving-car-simulation/Data/IMG/right_2019_03_01_18_29_16_997.jpg, -0.09431076, 1, 0, 30.18845
/home/zubin/Desktop/Self-driving-car-simulation/Data/IMG/center_2019_03_01_18_29_17_098.jpg, /home/zubin/Desktop/Self-driving-car-simulation/Data/IMG/left_2019_03_01_18_29_17_098.jpg, /home/zubin/Desktop/Self-driving-car-simulation/Data/IMG/right_2019_03_01_18_29_17_098.jpg, -0.2866795, 1, 0, 30.17262
/home/zubin/Desktop/Self-driving-car-simulation/Data/IMG/center_2019_03_01_18_29_17_214.jpg, /home/zubin/Desktop/Self-driving-car-simulation/Data/IMG/left_2019_03_01_18_29_17_214.jpg, /home/zubin/Desktop/Self-driving-car-simulation/Data/IMG/right_2019_03_01_18_29_17_214.jpg, 0, 1, 0, 30.18916
/home/zubin/Desktop/Self-driving-car-simulation/Data/IMG/center_2019_03_01_18_29_17_332.jpg, /home/zubin/Desktop/Self-driving-car-simulation/Data/IMG/left_2019_03_01_18_29_17_332.jpg, /home/zubin/Desktop/Self-driving-car-simulation/Data/IMG/right_2019_03_01_18_29_17_332.jpg, 0, 1, 0, 30.1901
/home/zubin/Desktop/Self-driving-car-simulation/Data/IMG/center_2019_03_01_18_29_17_448.jpg, /home/zubin/Desktop/Self-driving-car-simulation/Data/IMG/left_2019_03_01_18_29_17_448.jpg, /home/zubin/Desktop/Self-driving-car-simulation/Data/IMG/right_2019_03_01_18_29_17_448.jpg, 0, 1, 0, 30.1903
/home/zubin/Desktop/Self-driving-car-simulation/Data/IMG/center_2019_03_01_18_29_17_565.jpg, /home/zubin/Desktop/Self-driving-car-simulation/Data/IMG/left_2019_03_01_18_29_17_565.jpg, /home/zubin/Desktop/Self-driving-car-simulation/Data/IMG/right_2019_03_01_18_29_17_565.jpg, 0, 1, 0, 30.19031
/home/zubin/Desktop/Self-driving-car-simulation/Data/IMG/center_2019_03_01_18_29_17_679.jpg, /home/zubin/Desktop/Self-driving-car-simulation/Data/IMG/left_2019_03_01_18_29_17_679.jpg, /home/zubin/Desktop/Self-driving-car-simulation/Data/IMG/right_2019_03_01_18_29_17_679.jpg, -0.1491272, 1, 0, 30.18792
/home/zubin/Desktop/Self-driving-car-simulation/Data/IMG/center_2019_03_01_18_29_17_780.jpg, /home/zubin/Desktop/Self-driving-car-simulation/Data/IMG/left_2019_03_01_18_29_17_780.jpg, /home/zubin/Desktop/Self-driving-car-simulation/Data/IMG/right_2019_03_01_18_29_17_780.jpg, 0, 1, 0, 30.18997
/home/zubin/Desktop/Self-driving-car-simulation/Data/IMG/center_2019_03_01_18_29_17_882.jpg, /home/zubin/Desktop/Self-driving-car-simulation/Data/IMG/left_2019_03_01_18_29_17_882.jpg, /home/zubin/Desktop/Self-driving-car-simulation/Data/IMG/right_2019_03_01_18_29_17_882.jpg, 0, 1, 0, 30.19054
/home/zubin/Desktop/Self-driving-car-simulation/Data/IMG/center_2019_03_01_18_29_17_995.jpg, /home/zubin/Desktop/Self-driving-car-simulation/Data/IMG/left_2019_03_01_18_29_17_995.jpg, /home/zubin/Desktop/Self-driving-car-simulation/Data/IMG/right_2019_03_01_18_29_17_995.jpg, 0, 1, 0, 30.19037
/home/zubin/Desktop/Self-driving-car-simulation/Data/IMG/center_2019_03_01_18_29_18_095.jpg, /home/zubin/Desktop/Self-driving-car-simulation/Data/IMG/left_2019_03_01_18_29_18_095.jpg, /home/zubin/Desktop/Self-driving-car-simulation/Data/IMG/right_2019_03_01_18_29_18_095.jpg, 0, 1, 0, 30.19068
/home/zubin/Desktop/Self-driving-car-simulation/Data/IMG/center_2019_03_01_18_29_18_196.jpg, /home/zubin/Desktop/Self-driving-car-simulation/Data/IMG/left_2019_03_01_18_29_18_196.jpg, /home/zubin/Desktop/Self-driving-car-simulation/Data/IMG/right_2019_03_01_18_29_18_196.jpg, -0.1472311, 1, 0, 30.18433
/home/zubin/Desktop/Self-driving-car-simulation/Data/IMG/center_2019_03_01_18_29_18_296.jpg, /home/zubin/Desktop/Self-driving-car-simulation/Data/IMG/left_2019_03_01_18_29_18_296.jpg, /home/zubin/Desktop/Self-driving-car-simulation/Data/IMG/right_2019_03_01_18_29_18_296.jpg, -0.2381186, 1, 0, 30.18379
/home/zubin/Desktop/Self-driving-car-simulation/Data/IMG/center_2019_03_01_18_29_18_412.jpg, /home/zubin/Desktop/Self-driving-car-simulation/Data/IMG/left_2019_03_01_18_29_18_412.jpg, /home/zubin/Desktop/Self-driving-car-simulation/Data/IMG/right_2019_03_01_18_29_18_412.jpg, 0, 1, 0, 30.18856
/home/zubin/Desktop/Self-driving-car-simulation/Data/IMG/center_2019_03_01_18_29_18_530.jpg, /home/zubin/Desktop/Self-driving-car-simulation/Data/IMG/left_2019_03_01_18_29_18_530.jpg, /home/zubin/Desktop/Self-driving-car-simulation/Data/IMG/right_2019_03_01_18_29_18_530.jpg, 0, 1, 0, 30.19017
/home/zubin/Desktop/Self-driving-car-simulation/Data/IMG/center_2019_03_01_18_29_18_645.jpg, /home/zubin/Desktop/Self-driving-car-simulation/Data/IMG/left_2019_03_01_18_29_18_645.jpg, /home/zubin/Desktop/Self-driving-car-simulation/Data/IMG/right_2019_03_01_18_29_18_645.jpg, 0, 1, 0, 30.19029
/home/zubin/Desktop/Self-driving-car-simulation/Data/IMG/center_2019_03_01_18_29_18_760.jpg, /home/zubin/Desktop/Self-driving-car-simulation/Data/IMG/left_2019_03_01_18_29_18_760.jpg, /home/zubin/Desktop/Self-driving-car-simulation/Data/IMG/right_2019_03_01_18_29_18_760.jpg, 0, 1, 0, 30.19038
/home/zubin/Desktop/Self-driving-car-simulation/Data/IMG/center_2019_03_01_18_29_18_864.jpg, /home/zubin/Desktop/Self-driving-car-simulation/Data/IMG/left_2019_03_01_18_29_18_864.jpg, /home/zubin/Desktop/Self-driving-car-simulation/Data/IMG/right_2019_03_01_18_29_18_864.jpg, 0, 1, 0, 30.1902
/home/zubin/Desktop/Self-driving-car-simulation/Data/IMG/center_2019_03_01_18_29_18_976.jpg, /home/zubin/Desktop/Self-driving-car-simulation/Data/IMG/left_2019_03_01_18_29_18_976.jpg, /home/zubin/Desktop/Self-driving-car-simulation/Data/IMG/right_2019_03_01_18_29_18_976.jpg, 0, 1, 0, 30.19077
/home/zubin/Desktop/Self-driving-car-simulation/Data/IMG/center_2019_03_01_18_29_19_078.jpg, /home/zubin/Desktop/Self-driving-car-simulation/Data/IMG/left_2019_03_01_18_29_19_078.jpg, /home/zubin/Desktop/Self-driving-car-simulation/Data/IMG/right_2019_03_01_18_29_19_078.jpg, 0, 1, 0, 30.19017
/home/zubin/Desktop/Self-driving-car-simulation/Data/IMG/center_2019_03_01_18_29_19_195.jpg, /home/zubin/Desktop/Self-driving-car-simulation/Data/IMG/left_2019_03_01_18_29_19_195.jpg, /home/zubin/Desktop/Self-driving-car-simulation/Data/IMG/right_2019_03_01_18_29_19_195.jpg, -0.2455673, 1, 0, 30.17662
/home/zubin/Desktop/Self-driving-car-simulation/Data/IMG/center_2019_03_01_18_29_19_296.jpg, /home/zubin/Desktop/Self-driving-car-simulation/Data/IMG/left_2019_03_01_18_29_19_296.jpg, /home/zubin/Desktop/Self-driving-car-simulation/Data/IMG/right_2019_03_01_18_29_19_296.jpg, 0, 1, 0, 30.18887
/home/zubin/Desktop/Self-driving-car-simulation/Data/IMG/center_2019_03_01_18_29_19_396.jpg, /home/zubin/Desktop/Self-driving-car-simulation/Data/IMG/left_2019_03_01_18_29_19_396.jpg, /home/zubin/Desktop/Self-driving-car-simulation/Data/IMG/right_2019_03_01_18_29_19_396.jpg, 0, 1, 0, 30.19014
/home/zubin/Desktop/Self-driving-car-simulation/Data/IMG/center_2019_03_01_18_29_19_510.jpg, /home/zubin/Desktop/Self-driving-car-simulation/Data/IMG/left_2019_03_01_18_29_19_510.jpg, /home/zubin/Desktop/Self-driving-car-simulation/Data/IMG/right_2019_03_01_18_29_19_510.jpg, 0, 1, 0, 30.19029
/home/zubin/Desktop/Self-driving-car-simulation/Data/IMG/center_2019_03_01_18_29_19_612.jpg, /home/zubin/Desktop/Self-driving-car-simulation/Data/IMG/left_2019_03_01_18_29_19_612.jpg, /home/zubin/Desktop/Self-driving-car-simulation/Data/IMG/right_2019_03_01_18_29_19_612.jpg, 0, 1, 0, 30.19029
/home/zubin/Desktop/Self-driving-car-simulation/Data/IMG/center_2019_03_01_18_29_19_712.jpg, /home/zubin/Desktop/Self-driving-car-simulation/Data/IMG/left_2019_03_01_18_29_19_712.jpg, /home/zubin/Desktop/Self-driving-car-simulation/Data/IMG/right_2019_03_01_18_29_19_712.jpg, 0, 1, 0, 30.19022
/home/zubin/Desktop/Self-driving-car-simulation/Data/IMG/center_2019_03_01_18_29_19_812.jpg, /home/zubin/Desktop/Self-driving-car-simulation/Data/IMG/left_2019_03_01_18_29_19_812.jpg, /home/zubin/Desktop/Self-driving-car-simulation/Data/IMG/right_2019_03_01_18_29_19_812.jpg, 0, 1, 0, 30.19027
/home/zubin/Desktop/Self-driving-car-simulation/Data/IMG/center_2019_03_01_18_29_19_927.jpg, /home/zubin/Desktop/Self-driving-car-simulation/Data/IMG/left_2019_03_01_18_29_19_927.jpg, /home/zubin/Desktop/Self-driving-car-simulation/Data/IMG/right_2019_03_01_18_29_19_927.jpg, 0, 1, 0, 30.19016
/home/zubin/Desktop/Self-driving-car-simulation/Data/IMG/center_2019_03_01_18_29_20_046.jpg, /home/zubin/Desktop/Self-driving-car-simulation/Data/IMG/left_2019_03_01_18_29_20_046.jpg, /home/zubin/Desktop/Self-driving-car-simulation/Data/IMG/right_2019_03_01_18_29_20_046.jpg, 0, 1, 0, 30.19023
/home/zubin/Desktop/Self-driving-car-simulation/Data/IMG/center_2019_03_01_18_29_20_162.jpg, /home/zubin/Desktop/Self-driving-car-simulation/Data/IMG/left_2019_03_01_18_29_20_162.jpg, /home/zubin/Desktop/Self-driving-car-simulation/Data/IMG/right_2019_03_01_18_29_20_162.jpg, 0, 1, 0, 30.19036
/home/zubin/Desktop/Self-driving-car-simulation/Data/IMG/center_2019_03_01_18_29_20_278.jpg, /home/zubin/Desktop/Self-driving-car-simulation/Data/IMG/left_2019_03_01_18_29_20_278.jpg, /home/zubin/Desktop/Self-driving-car-simulation/Data/IMG/right_2019_03_01_18_29_20_278.jpg, -0.2442956, 1, 0, 30.1732
/home/zubin/Desktop/Self-driving-car-simulation/Data/IMG/center_2019_03_01_18_29_20_392.jpg, /home/zubin/Desktop/Self-driving-car-simulation/Data/IMG/left_2019_03_01_18_29_20_392.jpg, /home/zubin/Desktop/Self-driving-car-simulation/Data/IMG/right_2019_03_01_18_29_20_392.jpg, 0, 1, 0, 30.18946
/home/zubin/Desktop/Self-driving-car-simulation/Data/IMG/center_2019_03_01_18_29_20_509.jpg, /home/zubin/Desktop/Self-driving-car-simulation/Data/IMG/left_2019_03_01_18_29_20_509.jpg, /home/zubin/Desktop/Self-driving-car-simulation/Data/IMG/right_2019_03_01_18_29_20_509.jpg, 0, 1, 0, 30.1902
/home/zubin/Desktop/Self-driving-car-simulation/Data/IMG/center_2019_03_01_18_29_20_627.jpg, /home/zubin/Desktop/Self-driving-car-simulation/Data/IMG/left_2019_03_01_18_29_20_627.jpg, /home/zubin/Desktop/Self-driving-car-simulation/Data/IMG/right_2019_03_01_18_29_20_627.jpg, 0, 1, 0, 30.19028
/home/zubin/Desktop/Self-driving-car-simulation/Data/IMG/center_2019_03_01_18_29_20_727.jpg, /home/zubin/Desktop/Self-driving-car-simulation/Data/IMG/left_2019_03_01_18_29_20_727.jpg, /home/zubin/Desktop/Self-driving-car-simulation/Data/IMG/right_2019_03_01_18_29_20_727.jpg, 0, 1, 0, 30.1903
/home/zubin/Desktop/Self-driving-car-simulation/Data/IMG/center_2019_03_01_18_29_20_845.jpg, /home/zubin/Desktop/Self-driving-car-simulation/Data/IMG/left_2019_03_01_18_29_20_845.jpg, /home/zubin/Desktop/Self-driving-car-simulation/Data/IMG/right_2019_03_01_18_29_20_845.jpg, 0, 1, 0, 30.1903
/home/zubin/Desktop/Self-driving-car-simulation/Data/IMG/center_2019_03_01_18_29_20_959.jpg, /home/zubin/Desktop/Self-driving-car-simulation/Data/IMG/left_2019_03_01_18_29_20_959.jpg, /home/zubin/Desktop/Self-driving-car-simulation/Data/IMG/right_2019_03_01_18_29_20_959.jpg, -0.342222, 1, 0, 30.16359
/home/zubin/Desktop/Self-driving-car-simulation/Data/IMG/center_2019_03_01_18_29_21_077.jpg, /home/zubin/Desktop/Self-driving-car-simulation/Data/IMG/left_2019_03_01_18_29_21_077.jpg, /home/zubin/Desktop/Self-driving-car-simulation/Data/IMG/right_2019_03_01_18_29_21_077.jpg, 0, 1, 0, 30.18905
/home/zubin/Desktop/Self-driving-car-simulation/Data/IMG/center_2019_03_01_18_29_21_191.jpg, /home/zubin/Desktop/Self-driving-car-simulation/Data/IMG/left_2019_03_01_18_29_21_191.jpg, /home/zubin/Desktop/Self-driving-car-simulation/Data/IMG/right_2019_03_01_18_29_21_191.jpg, 0, 1, 0, 30.19002
/home/zubin/Desktop/Self-driving-car-simulation/Data/IMG/center_2019_03_01_18_29_21_294.jpg, /home/zubin/Desktop/Self-driving-car-simulation/Data/IMG/left_2019_03_01_18_29_21_294.jpg, /home/zubin/Desktop/Self-driving-car-simulation/Data/IMG/right_2019_03_01_18_29_21_294.jpg, 0, 1, 0, 30.19067
/home/zubin/Desktop/Self-driving-car-simulation/Data/IMG/center_2019_03_01_18_29_21_408.jpg, /home/zubin/Desktop/Self-driving-car-simulation/Data/IMG/left_2019_03_01_18_29_21_408.jpg, /home/zubin/Desktop/Self-driving-car-simulation/Data/IMG/right_2019_03_01_18_29_21_408.jpg, 0, 1, 0, 30.19046
/home/zubin/Desktop/Self-driving-car-simulation/Data/IMG/center_2019_03_01_18_29_21_509.jpg, /home/zubin/Desktop/Self-driving-car-simulation/Data/IMG/left_2019_03_01_18_29_21_509.jpg, /home/zubin/Desktop/Self-driving-car-simulation/Data/IMG/right_2019_03_01_18_29_21_509.jpg, 0, 1, 0, 30.18991
/home/zubin/Desktop/Self-driving-car-simulation/Data/IMG/center_2019_03_01_18_29_21_611.jpg, /home/zubin/Desktop/Self-driving-car-simulation/Data/IMG/left_2019_03_01_18_29_21_611.jpg, /home/zubin/Desktop/Self-driving-car-simulation/Data/IMG/right_2019_03_01_18_29_21_611.jpg, 0, 1, 0, 30.19032
/home/zubin/Desktop/Self-driving-car-simulation/Data/IMG/center_2019_03_01_18_29_21_724.jpg, /home/zubin/Desktop/Self-driving-car-simulation/Data/IMG/left_2019_03_01_18_29_21_724.jpg, /home/zubin/Desktop/Self-driving-car-simulation/Data/IMG/right_2019_03_01_18_29_21_724.jpg, 0, 1, 0, 30.1903
/home/zubin/Desktop/Self-driving-car-simulation/Data/IMG/center_2019_03_01_18_29_21_826.jpg, /home/zubin/Desktop/Self-driving-car-simulation/Data/IMG/left_2019_03_01_18_29_21_826.jpg, /home/zubin/Desktop/Self-driving-car-simulation/Data/IMG/right_2019_03_01_18_29_21_826.jpg, 0, 1, 0, 30.19029
/home/zubin/Desktop/Self-driving-car-simulation/Data/IMG/center_2019_03_01_18_29_21_943.jpg, /home/zubin/Desktop/Self-driving-car-simulation/Data/IMG/left_2019_03_01_18_29_21_943.jpg, /home/zubin/Desktop/Self-driving-car-simulation/Data/IMG/right_2019_03_01_18_29_21_943.jpg, 0, 1, 0, 30.19027
/home/zubin/Desktop/Self-driving-car-simulation/Data/IMG/center_2019_03_01_18_29_22_055.jpg, /home/zubin/Desktop/Self-driving-car-simulation/Data/IMG/left_2019_03_01_18_29_22_055.jpg, /home/zubin/Desktop/Self-driving-car-simulation/Data/IMG/right_2019_03_01_18_29_22_055.jpg, 0, 1, 0, 30.19027
/home/zubin/Desktop/Self-driving-car-simulation/Data/IMG/center_2019_03_01_18_29_22_157.jpg, /home/zubin/Desktop/Self-driving-car-simulation/Data/IMG/left_2019_03_01_18_29_22_157.jpg, /home/zubin/Desktop/Self-driving-car-simulation/Data/IMG/right_2019_03_01_18_29_22_157.jpg, -0.03160858, 1, 0, 30.1906
/home/zubin/Desktop/Self-driving-car-simulation/Data/IMG/center_2019_03_01_18_29_22_258.jpg, /home/zubin/Desktop/Self-driving-car-simulation/Data/IMG/left_2019_03_01_18_29_22_258.jpg, /home/zubin/Desktop/Self-driving-car-simulation/Data/IMG/right_2019_03_01_18_29_22_258.jpg, 0, 1, 0, 30.19018
/home/zubin/Desktop/Self-driving-car-simulation/Data/IMG/center_2019_03_01_18_29_22_373.jpg, /home/zubin/Desktop/Self-driving-car-simulation/Data/IMG/left_2019_03_01_18_29_22_373.jpg, /home/zubin/Desktop/Self-driving-car-simulation/Data/IMG/right_2019_03_01_18_29_22_373.jpg, 0, 1, 0, 30.19018
/home/zubin/Desktop/Self-driving-car-simulation/Data/IMG/center_2019_03_01_18_29_22_474.jpg, /home/zubin/Desktop/Self-driving-car-simulation/Data/IMG/left_2019_03_01_18_29_22_474.jpg, /home/zubin/Desktop/Self-driving-car-simulation/Data/IMG/right_2019_03_01_18_29_22_474.jpg, 0, 1, 0, 30.1902
/home/zubin/Desktop/Self-driving-car-simulation/Data/IMG/center_2019_03_01_18_29_22_594.jpg, /home/zubin/Desktop/Self-driving-car-simulation/Data/IMG/left_2019_03_01_18_29_22_594.jpg, /home/zubin/Desktop/Self-driving-car-simulation/Data/IMG/right_2019_03_01_18_29_22_594.jpg, 0, 1, 0, 30.19043
/home/zubin/Desktop/Self-driving-car-simulation/Data/IMG/center_2019_03_01_18_29_22_707.jpg, /home/zubin/Desktop/Self-driving-car-simulation/Data/IMG/left_2019_03_01_18_29_22_707.jpg, /home/zubin/Desktop/Self-driving-car-simulation/Data/IMG/right_2019_03_01_18_29_22_707.jpg, -0.2122049, 1, 0, 30.17796
/home/zubin/Desktop/Self-driving-car-simulation/Data/IMG/center_2019_03_01_18_29_22_822.jpg, /home/zubin/Desktop/Self-driving-car-simulation/Data/IMG/left_2019_03_01_18_29_22_822.jpg, /home/zubin/Desktop/Self-driving-car-simulation/Data/IMG/right_2019_03_01_18_29_22_822.jpg, -0.0980494, 1, 0, 30.19075
/home/zubin/Desktop/Self-driving-car-simulation/Data/IMG/center_2019_03_01_18_29_22_941.jpg, /home/zubin/Desktop/Self-driving-car-simulation/Data/IMG/left_2019_03_01_18_29_22_941.jpg, /home/zubin/Desktop/Self-driving-car-simulation/Data/IMG/right_2019_03_01_18_29_22_941.jpg, 0, 1, 0, 30.18985
/home/zubin/Desktop/Self-driving-car-simulation/Data/IMG/center_2019_03_01_18_29_23_041.jpg, /home/zubin/Desktop/Self-driving-car-simulation/Data/IMG/left_2019_03_01_18_29_23_041.jpg, /home/zubin/Desktop/Self-driving-car-simulation/Data/IMG/right_2019_03_01_18_29_23_041.jpg, 0, 1, 0, 30.19014
/home/zubin/Desktop/Self-driving-car-simulation/Data/IMG/center_2019_03_01_18_29_23_158.jpg, /home/zubin/Desktop/Self-driving-car-simulation/Data/IMG/left_2019_03_01_18_29_23_158.jpg, /home/zubin/Desktop/Self-driving-car-simulation/Data/IMG/right_2019_03_01_18_29_23_158.jpg, 0, 1, 0, 30.19013
/home/zubin/Desktop/Self-driving-car-simulation/Data/IMG/center_2019_03_01_18_29_23_274.jpg, /home/zubin/Desktop/Self-driving-car-simulation/Data/IMG/left_2019_03_01_18_29_23_274.jpg, /home/zubin/Desktop/Self-driving-car-simulation/Data/IMG/right_2019_03_01_18_29_23_274.jpg, 0, 1, 0, 30.19014
/home/zubin/Desktop/Self-driving-car-simulation/Data/IMG/center_2019_03_01_18_29_23_389.jpg, /home/zubin/Desktop/Self-driving-car-simulation/Data/IMG/left_2019_03_01_18_29_23_389.jpg, /home/zubin/Desktop/Self-driving-car-simulation/Data/IMG/right_2019_03_01_18_29_23_389.jpg, 0, 1, 0, 30.19011
/home/zubin/Desktop/Self-driving-car-simulation/Data/IMG/center_2019_03_01_18_29_23_491.jpg, /home/zubin/Desktop/Self-driving-car-simulation/Data/IMG/left_2019_03_01_18_29_23_491.jpg, /home/zubin/Desktop/Self-driving-car-simulation/Data/IMG/right_2019_03_01_18_29_23_491.jpg, 0, 1, 0, 30.19011
/home/zubin/Desktop/Self-driving-car-simulation/Data/IMG/center_2019_03_01_18_29_23_607.jpg, /home/zubin/Desktop/Self-driving-car-simulation/Data/IMG/left_2019_03_01_18_29_23_607.jpg, /home/zubin/Desktop/Self-driving-car-simulation/Data/IMG/right_2019_03_01_18_29_23_607.jpg, 0, 1, 0, 30.19011
/home/zubin/Desktop/Self-driving-car-simulation/Data/IMG/center_2019_03_01_18_29_23_726.jpg, /home/zubin/Desktop/Self-driving-car-simulation/Data/IMG/left_2019_03_01_18_29_23_726.jpg, /home/zubin/Desktop/Self-driving-car-simulation/Data/IMG/right_2019_03_01_18_29_23_726.jpg, 0, 1, 0, 30.19012
/home/zubin/Desktop/Self-driving-car-simulation/Data/IMG/center_2019_03_01_18_29_23_839.jpg, /home/zubin/Desktop/Self-driving-car-simulation/Data/IMG/left_2019_03_01_18_29_23_839.jpg, /home/zubin/Desktop/Self-driving-car-simulation/Data/IMG/right_2019_03_01_18_29_23_839.jpg, 0, 1, 0, 30.19074
/home/zubin/Desktop/Self-driving-car-simulation/Data/IMG/center_2019_03_01_18_29_23_941.jpg, /home/zubin/Desktop/Self-driving-car-simulation/Data/IMG/left_2019_03_01_18_29_23_941.jpg, /home/zubin/Desktop/Self-driving-car-simulation/Data/IMG/right_2019_03_01_18_29_23_941.jpg, 0, 1, 0, 30.1903
/home/zubin/Desktop/Self-driving-car-simulation/Data/IMG/center_2019_03_01_18_29_24_057.jpg, /home/zubin/Desktop/Self-driving-car-simulation/Data/IMG/left_2019_03_01_18_29_24_057.jpg, /home/zubin/Desktop/Self-driving-car-simulation/Data/IMG/right_2019_03_01_18_29_24_057.jpg, 0, 1, 0, 30.19066
/home/zubin/Desktop/Self-driving-car-simulation/Data/IMG/center_2019_03_01_18_29_24_174.jpg, /home/zubin/Desktop/Self-driving-car-simulation/Data/IMG/left_2019_03_01_18_29_24_174.jpg, /home/zubin/Desktop/Self-driving-car-simulation/Data/IMG/right_2019_03_01_18_29_24_174.jpg, 0, 1, 0, 30.19036
/home/zubin/Desktop/Self-driving-car-simulation/Data/IMG/center_2019_03_01_18_29_24_290.jpg, /home/zubin/Desktop/Self-driving-car-simulation/Data/IMG/left_2019_03_01_18_29_24_290.jpg, /home/zubin/Desktop/Self-driving-car-simulation/Data/IMG/right_2019_03_01_18_29_24_290.jpg, 0, 1, 0, 30.19032
/home/zubin/Desktop/Self-driving-car-simulation/Data/IMG/center_2019_03_01_18_29_24_390.jpg, /home/zubin/Desktop/Self-driving-car-simulation/Data/IMG/left_2019_03_01_18_29_24_390.jpg, /home/zubin/Desktop/Self-driving-car-simulation/Data/IMG/right_2019_03_01_18_29_24_390.jpg, 0, 1, 0, 30.19033
/home/zubin/Desktop/Self-driving-car-simulation/Data/IMG/center_2019_03_01_18_29_24_506.jpg, /home/zubin/Desktop/Self-driving-car-simulation/Data/IMG/left_2019_03_01_18_29_24_506.jpg, /home/zubin/Desktop/Self-driving-car-simulation/Data/IMG/right_2019_03_01_18_29_24_506.jpg, 0, 1, 0, 30.1903
/home/zubin/Desktop/Self-driving-car-simulation/Data/IMG/center_2019_03_01_18_29_24_609.jpg, /home/zubin/Desktop/Self-driving-car-simulation/Data/IMG/left_2019_03_01_18_29_24_609.jpg, /home/zubin/Desktop/Self-driving-car-simulation/Data/IMG/right_2019_03_01_18_29_24_609.jpg, 0, 1, 0, 30.19032
/home/zubin/Desktop/Self-driving-car-simulation/Data/IMG/center_2019_03_01_18_29_24_719.jpg, /home/zubin/Desktop/Self-driving-car-simulation/Data/IMG/left_2019_03_01_18_29_24_719.jpg, /home/zubin/Desktop/Self-driving-car-simulation/Data/IMG/right_2019_03_01_18_29_24_719.jpg, 0, 1, 0, 30.19034
/home/zubin/Desktop/Self-driving-car-simulation/Data/IMG/center_2019_03_01_18_29_24_821.jpg, /home/zubin/Desktop/Self-driving-car-simulation/Data/IMG/left_2019_03_01_18_29_24_821.jpg, /home/zubin/Desktop/Self-driving-car-simulation/Data/IMG/right_2019_03_01_18_29_24_821.jpg, 0, 1, 0, 30.19033
/home/zubin/Desktop/Self-driving-car-simulation/Data/IMG/center_2019_03_01_18_29_24_923.jpg, /home/zubin/Desktop/Self-driving-car-simulation/Data/IMG/left_2019_03_01_18_29_24_923.jpg, /home/zubin/Desktop/Self-driving-car-simulation/Data/IMG/right_2019_03_01_18_29_24_923.jpg, 0, 1, 0, 30.19033
/home/zubin/Desktop/Self-driving-car-simulation/Data/IMG/center_2019_03_01_18_29_25_039.jpg, /home/zubin/Desktop/Self-driving-car-simulation/Data/IMG/left_2019_03_01_18_29_25_039.jpg, /home/zubin/Desktop/Self-driving-car-simulation/Data/IMG/right_2019_03_01_18_29_25_039.jpg, 0, 1, 0, 30.19033
/home/zubin/Desktop/Self-driving-car-simulation/Data/IMG/center_2019_03_01_18_29_25_157.jpg, /home/zubin/Desktop/Self-driving-car-simulation/Data/IMG/left_2019_03_01_18_29_25_157.jpg, /home/zubin/Desktop/Self-driving-car-simulation/Data/IMG/right_2019_03_01_18_29_25_157.jpg, 0, 1, 0, 30.19092
/home/zubin/Desktop/Self-driving-car-simulation/Data/IMG/center_2019_03_01_18_29_25_273.jpg, /home/zubin/Desktop/Self-driving-car-simulation/Data/IMG/left_2019_03_01_18_29_25_273.jpg, /home/zubin/Desktop/Self-driving-car-simulation/Data/IMG/right_2019_03_01_18_29_25_273.jpg, -0.109452, 1, 0, 30.18711
/home/zubin/Desktop/Self-driving-car-simulation/Data/IMG/center_2019_03_01_18_29_25_388.jpg, /home/zubin/Desktop/Self-driving-car-simulation/Data/IMG/left_2019_03_01_18_29_25_388.jpg, /home/zubin/Desktop/Self-driving-car-simulation/Data/IMG/right_2019_03_01_18_29_25_388.jpg, -0.07287669, 1, 0, 30.19094
/home/zubin/Desktop/Self-driving-car-simulation/Data/IMG/center_2019_03_01_18_29_25_490.jpg, /home/zubin/Desktop/Self-driving-car-simulation/Data/IMG/left_2019_03_01_18_29_25_490.jpg, /home/zubin/Desktop/Self-driving-car-simulation/Data/IMG/right_2019_03_01_18_29_25_490.jpg, 0, 1, 0, 30.19001
/home/zubin/Desktop/Self-driving-car-simulation/Data/IMG/center_2019_03_01_18_29_25_603.jpg, /home/zubin/Desktop/Self-driving-car-simulation/Data/IMG/left_2019_03_01_18_29_25_603.jpg, /home/zubin/Desktop/Self-driving-car-simulation/Data/IMG/right_2019_03_01_18_29_25_603.jpg, 0, 1, 0, 30.19027
/home/zubin/Desktop/Self-driving-car-simulation/Data/IMG/center_2019_03_01_18_29_25_704.jpg, /home/zubin/Desktop/Self-driving-car-simulation/Data/IMG/left_2019_03_01_18_29_25_704.jpg, /home/zubin/Desktop/Self-driving-car-simulation/Data/IMG/right_2019_03_01_18_29_25_704.jpg, 0, 1, 0, 30.19028
/home/zubin/Desktop/Self-driving-car-simulation/Data/IMG/center_2019_03_01_18_29_25_807.jpg, /home/zubin/Desktop/Self-driving-car-simulation/Data/IMG/left_2019_03_01_18_29_25_807.jpg, /home/zubin/Desktop/Self-driving-car-simulation/Data/IMG/right_2019_03_01_18_29_25_807.jpg, 0, 1, 0, 30.1903
/home/zubin/Desktop/Self-driving-car-simulation/Data/IMG/center_2019_03_01_18_29_25_923.jpg, /home/zubin/Desktop/Self-driving-car-simulation/Data/IMG/left_2019_03_01_18_29_25_923.jpg, /home/zubin/Desktop/Self-driving-car-simulation/Data/IMG/right_2019_03_01_18_29_25_923.jpg, 0, 1, 0, 30.19027
/home/zubin/Desktop/Self-driving-car-simulation/Data/IMG/center_2019_03_01_18_29_26_036.jpg, /home/zubin/Desktop/Self-driving-car-simulation/Data/IMG/left_2019_03_01_18_29_26_036.jpg, /home/zubin/Desktop/Self-driving-car-simulation/Data/IMG/right_2019_03_01_18_29_26_036.jpg, 0, 1, 0, 30.19025
/home/zubin/Desktop/Self-driving-car-simulation/Data/IMG/center_2019_03_01_18_29_26_138.jpg, /home/zubin/Desktop/Self-driving-car-simulation/Data/IMG/left_2019_03_01_18_29_26_138.jpg, /home/zubin/Desktop/Self-driving-car-simulation/Data/IMG/right_2019_03_01_18_29_26_138.jpg, 0, 1, 0, 30.19027
/home/zubin/Desktop/Self-driving-car-simulation/Data/IMG/center_2019_03_01_18_29_26_252.jpg, /home/zubin/Desktop/Self-driving-car-simulation/Data/IMG/left_2019_03_01_18_29_26_252.jpg, /home/zubin/Desktop/Self-driving-car-simulation/Data/IMG/right_2019_03_01_18_29_26_252.jpg, 0, 1, 0, 30.19025
/home/zubin/Desktop/Self-driving-car-simulation/Data/IMG/center_2019_03_01_18_29_26_355.jpg, /home/zubin/Desktop/Self-driving-car-simulation/Data/IMG/left_2019_03_01_18_29_26_355.jpg, /home/zubin/Desktop/Self-driving-car-simulation/Data/IMG/right_2019_03_01_18_29_26_355.jpg, 0, 1, 0, 30.19027
/home/zubin/Desktop/Self-driving-car-simulation/Data/IMG/center_2019_03_01_18_29_26_471.jpg, /home/zubin/Desktop/Self-driving-car-simulation/Data/IMG/left_2019_03_01_18_29_26_471.jpg, /home/zubin/Desktop/Self-driving-car-simulation/Data/IMG/right_2019_03_01_18_29_26_471.jpg, 0, 1, 0, 30.19024
/home/zubin/Desktop/Self-driving-car-simulation/Data/IMG/center_2019_03_01_18_29_26_572.jpg, /home/zubin/Desktop/Self-driving-car-simulation/Data/IMG/left_2019_03_01_18_29_26_572.jpg, /home/zubin/Desktop/Self-driving-car-simulation/Data/IMG/right_2019_03_01_18_29_26_572.jpg, 0.3030424, 1, 0, 30.1691
/home/zubin/Desktop/Self-driving-car-simulation/Data/IMG/center_2019_03_01_18_29_26_688.jpg, /home/zubin/Desktop/Self-driving-car-simulation/Data/IMG/left_2019_03_01_18_29_26_688.jpg, /home/zubin/Desktop/Self-driving-car-simulation/Data/IMG/right_2019_03_01_18_29_26_688.jpg, 0.2229095, 1, 0, 30.19053
/home/zubin/Desktop/Self-driving-car-simulation/Data/IMG/center_2019_03_01_18_29_26_804.jpg, /home/zubin/Desktop/Self-driving-car-simulation/Data/IMG/left_2019_03_01_18_29_26_804.jpg, /home/zubin/Desktop/Self-driving-car-simulation/Data/IMG/right_2019_03_01_18_29_26_804.jpg, 0, 1, 0, 30.1879
/home/zubin/Desktop/Self-driving-car-simulation/Data/IMG/center_2019_03_01_18_29_26_919.jpg, /home/zubin/Desktop/Self-driving-car-simulation/Data/IMG/left_2019_03_01_18_29_26_919.jpg, /home/zubin/Desktop/Self-driving-car-simulation/Data/IMG/right_2019_03_01_18_29_26_919.jpg, -0.04820967, 1, 0, 30.18908
/home/zubin/Desktop/Self-driving-car-simulation/Data/IMG/center_2019_03_01_18_29_27_037.jpg, /home/zubin/Desktop/Self-driving-car-simulation/Data/IMG/left_2019_03_01_18_29_27_037.jpg, /home/zubin/Desktop/Self-driving-car-simulation/Data/IMG/right_2019_03_01_18_29_27_037.jpg, -0.291642, 1, 0, 30.1696
/home/zubin/Desktop/Self-driving-car-simulation/Data/IMG/center_2019_03_01_18_29_27_154.jpg, /home/zubin/Desktop/Self-driving-car-simulation/Data/IMG/left_2019_03_01_18_29_27_154.jpg, /home/zubin/Desktop/Self-driving-car-simulation/Data/IMG/right_2019_03_01_18_29_27_154.jpg, 0, 1, 0, 30.18832
/home/zubin/Desktop/Self-driving-car-simulation/Data/IMG/center_2019_03_01_18_29_27_271.jpg, /home/zubin/Desktop/Self-driving-car-simulation/Data/IMG/left_2019_03_01_18_29_27_271.jpg, /home/zubin/Desktop/Self-driving-car-simulation/Data/IMG/right_2019_03_01_18_29_27_271.jpg, 0, 1, 0, 30.19004
/home/zubin/Desktop/Self-driving-car-simulation/Data/IMG/center_2019_03_01_18_29_27_371.jpg, /home/zubin/Desktop/Self-driving-car-simulation/Data/IMG/left_2019_03_01_18_29_27_371.jpg, /home/zubin/Desktop/Self-driving-car-simulation/Data/IMG/right_2019_03_01_18_29_27_371.jpg, 0, 1, 0, 30.19026
/home/zubin/Desktop/Self-driving-car-simulation/Data/IMG/center_2019_03_01_18_29_27_486.jpg, /home/zubin/Desktop/Self-driving-car-simulation/Data/IMG/left_2019_03_01_18_29_27_486.jpg, /home/zubin/Desktop/Self-driving-car-simulation/Data/IMG/right_2019_03_01_18_29_27_486.jpg, -0.1517966, 1, 0, 30.18422
/home/zubin/Desktop/Self-driving-car-simulation/Data/IMG/center_2019_03_01_18_29_27_604.jpg, /home/zubin/Desktop/Self-driving-car-simulation/Data/IMG/left_2019_03_01_18_29_27_604.jpg, /home/zubin/Desktop/Self-driving-car-simulation/Data/IMG/right_2019_03_01_18_29_27_604.jpg, -0.1199191, 1, 0, 30.19003
/home/zubin/Desktop/Self-driving-car-simulation/Data/IMG/center_2019_03_01_18_29_27_720.jpg, /home/zubin/Desktop/Self-driving-car-simulation/Data/IMG/left_2019_03_01_18_29_27_720.jpg, /home/zubin/Desktop/Self-driving-car-simulation/Data/IMG/right_2019_03_01_18_29_27_720.jpg, 0, 1, 0, 30.18991
/home/zubin/Desktop/Self-driving-car-simulation/Data/IMG/center_2019_03_01_18_29_27_820.jpg, /home/zubin/Desktop/Self-driving-car-simulation/Data/IMG/left_2019_03_01_18_29_27_820.jpg, /home/zubin/Desktop/Self-driving-car-simulation/Data/IMG/right_2019_03_01_18_29_27_820.jpg, 0, 1, 0, 30.19027
/home/zubin/Desktop/Self-driving-car-simulation/Data/IMG/center_2019_03_01_18_29_27_933.jpg, /home/zubin/Desktop/Self-driving-car-simulation/Data/IMG/left_2019_03_01_18_29_27_933.jpg, /home/zubin/Desktop/Self-driving-car-simulation/Data/IMG/right_2019_03_01_18_29_27_933.jpg, 0, 1, 0, 30.1903
/home/zubin/Desktop/Self-driving-car-simulation/Data/IMG/center_2019_03_01_18_29_28_036.jpg, /home/zubin/Desktop/Self-driving-car-simulation/Data/IMG/left_2019_03_01_18_29_28_036.jpg, /home/zubin/Desktop/Self-driving-car-simulation/Data/IMG/right_2019_03_01_18_29_28_036.jpg, -0.184566, 1, 0, 30.18127
/home/zubin/Desktop/Self-driving-car-simulation/Data/IMG/center_2019_03_01_18_29_28_150.jpg, /home/zubin/Desktop/Self-driving-car-simulation/Data/IMG/left_2019_03_01_18_29_28_150.jpg, /home/zubin/Desktop/Self-driving-car-simulation/Data/IMG/right_2019_03_01_18_29_28_150.jpg, -0.1675537, 1, 0, 30.18884
/home/zubin/Desktop/Self-driving-car-simulation/Data/IMG/center_2019_03_01_18_29_28_253.jpg, /home/zubin/Desktop/Self-driving-car-simulation/Data/IMG/left_2019_03_01_18_29_28_253.jpg, /home/zubin/Desktop/Self-driving-car-simulation/Data/IMG/right_2019_03_01_18_29_28_253.jpg, 0, 1, 0, 30.18974
/home/zubin/Desktop/Self-driving-car-simulation/Data/IMG/center_2019_03_01_18_29_28_370.jpg, /home/zubin/Desktop/Self-driving-car-simulation/Data/IMG/left_2019_03_01_18_29_28_370.jpg, /home/zubin/Desktop/Self-driving-car-simulation/Data/IMG/right_2019_03_01_18_29_28_370.jpg, 0, 1, 0, 30.19025
/home/zubin/Desktop/Self-driving-car-simulation/Data/IMG/center_2019_03_01_18_29_28_487.jpg, /home/zubin/Desktop/Self-driving-car-simulation/Data/IMG/left_2019_03_01_18_29_28_487.jpg, /home/zubin/Desktop/Self-driving-car-simulation/Data/IMG/right_2019_03_01_18_29_28_487.jpg, 0, 1, 0, 30.19029
/home/zubin/Desktop/Self-driving-car-simulation/Data/IMG/center_2019_03_01_18_29_28_603.jpg, /home/zubin/Desktop/Self-driving-car-simulation/Data/IMG/left_2019_03_01_18_29_28_603.jpg, /home/zubin/Desktop/Self-driving-car-simulation/Data/IMG/right_2019_03_01_18_29_28_603.jpg, 0, 1, 0, 30.19029
/home/zubin/Desktop/Self-driving-car-simulation/Data/IMG/center_2019_03_01_18_29_28_704.jpg, /home/zubin/Desktop/Self-driving-car-simulation/Data/IMG/left_2019_03_01_18_29_28_704.jpg, /home/zubin/Desktop/Self-driving-car-simulation/Data/IMG/right_2019_03_01_18_29_28_704.jpg, 0, 1, 0, 30.19028
/home/zubin/Desktop/Self-driving-car-simulation/Data/IMG/center_2019_03_01_18_29_28_805.jpg, /home/zubin/Desktop/Self-driving-car-simulation/Data/IMG/left_2019_03_01_18_29_28_805.jpg, /home/zubin/Desktop/Self-driving-car-simulation/Data/IMG/right_2019_03_01_18_29_28_805.jpg, 0, 1, 0, 30.1903
/home/zubin/Desktop/Self-driving-car-simulation/Data/IMG/center_2019_03_01_18_29_28_920.jpg, /home/zubin/Desktop/Self-driving-car-simulation/Data/IMG/left_2019_03_01_18_29_28_920.jpg, /home/zubin/Desktop/Self-driving-car-simulation/Data/IMG/right_2019_03_01_18_29_28_920.jpg, 0, 1, 0, 30.19031
/home/zubin/Desktop/Self-driving-car-simulation/Data/IMG/center_2019_03_01_18_29_29_034.jpg, /home/zubin/Desktop/Self-driving-car-simulation/Data/IMG/left_2019_03_01_18_29_29_034.jpg, /home/zubin/Desktop/Self-driving-car-simulation/Data/IMG/right_2019_03_01_18_29_29_034.jpg, 0, 1, 0, 30.19028
/home/zubin/Desktop/Self-driving-car-simulation/Data/IMG/center_2019_03_01_18_29_29_136.jpg, /home/zubin/Desktop/Self-driving-car-simulation/Data/IMG/left_2019_03_01_18_29_29_136.jpg, /home/zubin/Desktop/Self-driving-car-simulation/Data/IMG/right_2019_03_01_18_29_29_136.jpg, 0, 1, 0, 30.1903
/home/zubin/Desktop/Self-driving-car-simulation/Data/IMG/center_2019_03_01_18_29_29_251.jpg, /home/zubin/Desktop/Self-driving-car-simulation/Data/IMG/left_2019_03_01_18_29_29_251.jpg, /home/zubin/Desktop/Self-driving-car-simulation/Data/IMG/right_2019_03_01_18_29_29_251.jpg, 0, 1, 0, 30.19029
/home/zubin/Desktop/Self-driving-car-simulation/Data/IMG/center_2019_03_01_18_29_29_368.jpg, /home/zubin/Desktop/Self-driving-car-simulation/Data/IMG/left_2019_03_01_18_29_29_368.jpg, /home/zubin/Desktop/Self-driving-car-simulation/Data/IMG/right_2019_03_01_18_29_29_368.jpg, -0.09384012, 1, 0, 30.18811
/home/zubin/Desktop/Self-driving-car-simulation/Data/IMG/center_2019_03_01_18_29_29_470.jpg, /home/zubin/Desktop/Self-driving-car-simulation/Data/IMG/left_2019_03_01_18_29_29_470.jpg, /home/zubin/Desktop/Self-driving-car-simulation/Data/IMG/right_2019_03_01_18_29_29_470.jpg, -0.1123288, 1, 0, 30.18852
/home/zubin/Desktop/Self-driving-car-simulation/Data/IMG/center_2019_03_01_18_29_29_587.jpg, /home/zubin/Desktop/Self-driving-car-simulation/Data/IMG/left_2019_03_01_18_29_29_587.jpg, /home/zubin/Desktop/Self-driving-car-simulation/Data/IMG/right_2019_03_01_18_29_29_587.jpg, 0, 1, 0, 30.19001
/home/zubin/Desktop/Self-driving-car-simulation/Data/IMG/center_2019_03_01_18_29_29_702.jpg, /home/zubin/Desktop/Self-driving-car-simulation/Data/IMG/left_2019_03_01_18_29_29_702.jpg, /home/zubin/Desktop/Self-driving-car-simulation/Data/IMG/right_2019_03_01_18_29_29_702.jpg, 0, 1, 0, 30.19028
/home/zubin/Desktop/Self-driving-car-simulation/Data/IMG/center_2019_03_01_18_29_29_818.jpg, /home/zubin/Desktop/Self-driving-car-simulation/Data/IMG/left_2019_03_01_18_29_29_818.jpg, /home/zubin/Desktop/Self-driving-car-simulation/Data/IMG/right_2019_03_01_18_29_29_818.jpg, 0, 1, 0, 30.19029
/home/zubin/Desktop/Self-driving-car-simulation/Data/IMG/center_2019_03_01_18_29_29_919.jpg, /home/zubin/Desktop/Self-driving-car-simulation/Data/IMG/left_2019_03_01_18_29_29_919.jpg, /home/zubin/Desktop/Self-driving-car-simulation/Data/IMG/right_2019_03_01_18_29_29_919.jpg, 0, 1, 0, 30.19028
/home/zubin/Desktop/Self-driving-car-simulation/Data/IMG/center_2019_03_01_18_29_30_036.jpg, /home/zubin/Desktop/Self-driving-car-simulation/Data/IMG/left_2019_03_01_18_29_30_036.jpg, /home/zubin/Desktop/Self-driving-car-simulation/Data/IMG/right_2019_03_01_18_29_30_036.jpg, 0, 1, 0, 30.19029
/home/zubin/Desktop/Self-driving-car-simulation/Data/IMG/center_2019_03_01_18_29_30_150.jpg, /home/zubin/Desktop/Self-driving-car-simulation/Data/IMG/left_2019_03_01_18_29_30_150.jpg, /home/zubin/Desktop/Self-driving-car-simulation/Data/IMG/right_2019_03_01_18_29_30_150.jpg, 0, 1, 0, 30.19033
/home/zubin/Desktop/Self-driving-car-simulation/Data/IMG/center_2019_03_01_18_29_30_267.jpg, /home/zubin/Desktop/Self-driving-car-simulation/Data/IMG/left_2019_03_01_18_29_30_267.jpg, /home/zubin/Desktop/Self-driving-car-simulation/Data/IMG/right_2019_03_01_18_29_30_267.jpg, 0, 1, 0, 30.1903
/home/zubin/Desktop/Self-driving-car-simulation/Data/IMG/center_2019_03_01_18_29_30_386.jpg, /home/zubin/Desktop/Self-driving-car-simulation/Data/IMG/left_2019_03_01_18_29_30_386.jpg, /home/zubin/Desktop/Self-driving-car-simulation/Data/IMG/right_2019_03_01_18_29_30_386.jpg, 0, 1, 0, 30.19031
/home/zubin/Desktop/Self-driving-car-simulation/Data/IMG/center_2019_03_01_18_29_30_498.jpg, /home/zubin/Desktop/Self-driving-car-simulation/Data/IMG/left_2019_03_01_18_29_30_498.jpg, /home/zubin/Desktop/Self-driving-car-simulation/Data/IMG/right_2019_03_01_18_29_30_498.jpg, 0, 1, 0, 30.19032
/home/zubin/Desktop/Self-driving-car-simulation/Data/IMG/center_2019_03_01_18_29_30_599.jpg, /home/zubin/Desktop/Self-driving-car-simulation/Data/IMG/left_2019_03_01_18_29_30_599.jpg, /home/zubin/Desktop/Self-driving-car-simulation/Data/IMG/right_2019_03_01_18_29_30_599.jpg, 0, 1, 0, 30.19032
/home/zubin/Desktop/Self-driving-car-simulation/Data/IMG/center_2019_03_01_18_29_30_701.jpg, /home/zubin/Desktop/Self-driving-car-simulation/Data/IMG/left_2019_03_01_18_29_30_701.jpg, /home/zubin/Desktop/Self-driving-car-simulation/Data/IMG/right_2019_03_01_18_29_30_701.jpg, -0.303591, 1, 0, 30.16772
/home/zubin/Desktop/Self-driving-car-simulation/Data/IMG/center_2019_03_01_18_29_30_818.jpg, /home/zubin/Desktop/Self-driving-car-simulation/Data/IMG/left_2019_03_01_18_29_30_818.jpg, /home/zubin/Desktop/Self-driving-car-simulation/Data/IMG/right_2019_03_01_18_29_30_818.jpg, 0, 1, 0, 30.18919
/home/zubin/Desktop/Self-driving-car-simulation/Data/IMG/center_2019_03_01_18_29_30_933.jpg, /home/zubin/Desktop/Self-driving-car-simulation/Data/IMG/left_2019_03_01_18_29_30_933.jpg, /home/zubin/Desktop/Self-driving-car-simulation/Data/IMG/right_2019_03_01_18_29_30_933.jpg, 0, 1, 0, 30.19016
/home/zubin/Desktop/Self-driving-car-simulation/Data/IMG/center_2019_03_01_18_29_31_033.jpg, /home/zubin/Desktop/Self-driving-car-simulation/Data/IMG/left_2019_03_01_18_29_31_033.jpg, /home/zubin/Desktop/Self-driving-car-simulation/Data/IMG/right_2019_03_01_18_29_31_033.jpg, 0, 1, 0, 30.19028
/home/zubin/Desktop/Self-driving-car-simulation/Data/IMG/center_2019_03_01_18_29_31_134.jpg, /home/zubin/Desktop/Self-driving-car-simulation/Data/IMG/left_2019_03_01_18_29_31_134.jpg, /home/zubin/Desktop/Self-driving-car-simulation/Data/IMG/right_2019_03_01_18_29_31_134.jpg, 0, 1, 0, 30.19031
/home/zubin/Desktop/Self-driving-car-simulation/Data/IMG/center_2019_03_01_18_29_31_250.jpg, /home/zubin/Desktop/Self-driving-car-simulation/Data/IMG/left_2019_03_01_18_29_31_250.jpg, /home/zubin/Desktop/Self-driving-car-simulation/Data/IMG/right_2019_03_01_18_29_31_250.jpg, 0.1030233, 1, 0, 30.18757
/home/zubin/Desktop/Self-driving-car-simulation/Data/IMG/center_2019_03_01_18_29_31_350.jpg, /home/zubin/Desktop/Self-driving-car-simulation/Data/IMG/left_2019_03_01_18_29_31_350.jpg, /home/zubin/Desktop/Self-driving-car-simulation/Data/IMG/right_2019_03_01_18_29_31_350.jpg, 0.2963455, 1, 0, 30.17143
/home/zubin/Desktop/Self-driving-car-simulation/Data/IMG/center_2019_03_01_18_29_31_451.jpg, /home/zubin/Desktop/Self-driving-car-simulation/Data/IMG/left_2019_03_01_18_29_31_451.jpg, /home/zubin/Desktop/Self-driving-car-simulation/Data/IMG/right_2019_03_01_18_29_31_451.jpg, 0, 1, 0, 30.18905
/home/zubin/Desktop/Self-driving-car-simulation/Data/IMG/center_2019_03_01_18_29_31_568.jpg, /home/zubin/Desktop/Self-driving-car-simulation/Data/IMG/left_2019_03_01_18_29_31_568.jpg, /home/zubin/Desktop/Self-driving-car-simulation/Data/IMG/right_2019_03_01_18_29_31_568.jpg, 0, 1, 0, 30.19001
/home/zubin/Desktop/Self-driving-car-simulation/Data/IMG/center_2019_03_01_18_29_31_683.jpg, /home/zubin/Desktop/Self-driving-car-simulation/Data/IMG/left_2019_03_01_18_29_31_683.jpg, /home/zubin/Desktop/Self-driving-car-simulation/Data/IMG/right_2019_03_01_18_29_31_683.jpg, 0, 1, 0, 30.19026
/home/zubin/Desktop/Self-driving-car-simulation/Data/IMG/center_2019_03_01_18_29_31_784.jpg, /home/zubin/Desktop/Self-driving-car-simulation/Data/IMG/left_2019_03_01_18_29_31_784.jpg, /home/zubin/Desktop/Self-driving-car-simulation/Data/IMG/right_2019_03_01_18_29_31_784.jpg, 0, 1, 0, 30.19031
/home/zubin/Desktop/Self-driving-car-simulation/Data/IMG/center_2019_03_01_18_29_31_902.jpg, /home/zubin/Desktop/Self-driving-car-simulation/Data/IMG/left_2019_03_01_18_29_31_902.jpg, /home/zubin/Desktop/Self-driving-car-simulation/Data/IMG/right_2019_03_01_18_29_31_902.jpg, -0.134948, 1, 0, 30.18821
/home/zubin/Desktop/Self-driving-car-simulation/Data/IMG/center_2019_03_01_18_29_32_016.jpg, /home/zubin/Desktop/Self-driving-car-simulation/Data/IMG/left_2019_03_01_18_29_32_016.jpg, /home/zubin/Desktop/Self-driving-car-simulation/Data/IMG/right_2019_03_01_18_29_32_016.jpg, 0, 1, 0, 30.19002
/home/zubin/Desktop/Self-driving-car-simulation/Data/IMG/center_2019_03_01_18_29_32_134.jpg, /home/zubin/Desktop/Self-driving-car-simulation/Data/IMG/left_2019_03_01_18_29_32_134.jpg, /home/zubin/Desktop/Self-driving-car-simulation/Data/IMG/right_2019_03_01_18_29_32_134.jpg, 0, 1, 0, 30.1902
/home/zubin/Desktop/Self-driving-car-simulation/Data/IMG/center_2019_03_01_18_29_32_252.jpg, /home/zubin/Desktop/Self-driving-car-simulation/Data/IMG/left_2019_03_01_18_29_32_252.jpg, /home/zubin/Desktop/Self-driving-car-simulation/Data/IMG/right_2019_03_01_18_29_32_252.jpg, 0, 1, 0, 30.19028
/home/zubin/Desktop/Self-driving-car-simulation/Data/IMG/center_2019_03_01_18_29_32_365.jpg, /home/zubin/Desktop/Self-driving-car-simulation/Data/IMG/left_2019_03_01_18_29_32_365.jpg, /home/zubin/Desktop/Self-driving-car-simulation/Data/IMG/right_2019_03_01_18_29_32_365.jpg, 0, 1, 0, 30.19029
/home/zubin/Desktop/Self-driving-car-simulation/Data/IMG/center_2019_03_01_18_29_32_467.jpg, /home/zubin/Desktop/Self-driving-car-simulation/Data/IMG/left_2019_03_01_18_29_32_467.jpg, /home/zubin/Desktop/Self-driving-car-simulation/Data/IMG/right_2019_03_01_18_29_32_467.jpg, -0.1717229, 1, 0, 30.18189
/home/zubin/Desktop/Self-driving-car-simulation/Data/IMG/center_2019_03_01_18_29_32_567.jpg, /home/zubin/Desktop/Self-driving-car-simulation/Data/IMG/left_2019_03_01_18_29_32_567.jpg, /home/zubin/Desktop/Self-driving-car-simulation/Data/IMG/right_2019_03_01_18_29_32_567.jpg, 0, 1, 0, 30.19004
/home/zubin/Desktop/Self-driving-car-simulation/Data/IMG/center_2019_03_01_18_29_32_683.jpg, /home/zubin/Desktop/Self-driving-car-simulation/Data/IMG/left_2019_03_01_18_29_32_683.jpg, /home/zubin/Desktop/Self-driving-car-simulation/Data/IMG/right_2019_03_01_18_29_32_683.jpg, 0, 1, 0, 30.19028
/home/zubin/Desktop/Self-driving-car-simulation/Data/IMG/center_2019_03_01_18_29_32_800.jpg, /home/zubin/Desktop/Self-driving-car-simulation/Data/IMG/left_2019_03_01_18_29_32_800.jpg, /home/zubin/Desktop/Self-driving-car-simulation/Data/IMG/right_2019_03_01_18_29_32_800.jpg, 0, 1, 0, 30.19027
/home/zubin/Desktop/Self-driving-car-simulation/Data/IMG/center_2019_03_01_18_29_32_915.jpg, /home/zubin/Desktop/Self-driving-car-simulation/Data/IMG/left_2019_03_01_18_29_32_915.jpg, /home/zubin/Desktop/Self-driving-car-simulation/Data/IMG/right_2019_03_01_18_29_32_915.jpg, 0, 1, 0, 30.19031
/home/zubin/Desktop/Self-driving-car-simulation/Data/IMG/center_2019_03_01_18_29_33_016.jpg, /home/zubin/Desktop/Self-driving-car-simulation/Data/IMG/left_2019_03_01_18_29_33_016.jpg, /home/zubin/Desktop/Self-driving-car-simulation/Data/IMG/right_2019_03_01_18_29_33_016.jpg, 0, 1, 0, 30.19033
/home/zubin/Desktop/Self-driving-car-simulation/Data/IMG/center_2019_03_01_18_29_33_117.jpg, /home/zubin/Desktop/Self-driving-car-simulation/Data/IMG/left_2019_03_01_18_29_33_117.jpg, /home/zubin/Desktop/Self-driving-car-simulation/Data/IMG/right_2019_03_01_18_29_33_117.jpg, -0.06468916, 1, 0, 30.19069
/home/zubin/Desktop/Self-driving-car-simulation/Data/IMG/center_2019_03_01_18_29_33_236.jpg, /home/zubin/Desktop/Self-driving-car-simulation/Data/IMG/left_2019_03_01_18_29_33_236.jpg, /home/zubin/Desktop/Self-driving-car-simulation/Data/IMG/right_2019_03_01_18_29_33_236.jpg, 0, 1, 0, 30.1902
/home/zubin/Desktop/Self-driving-car-simulation/Data/IMG/center_2019_03_01_18_29_33_336.jpg, /home/zubin/Desktop/Self-driving-car-simulation/Data/IMG/left_2019_03_01_18_29_33_336.jpg, /home/zubin/Desktop/Self-driving-car-simulation/Data/IMG/right_2019_03_01_18_29_33_336.jpg, 0, 1, 0, 30.19029
/home/zubin/Desktop/Self-driving-car-simulation/Data/IMG/center_2019_03_01_18_29_33_450.jpg, /home/zubin/Desktop/Self-driving-car-simulation/Data/IMG/left_2019_03_01_18_29_33_450.jpg, /home/zubin/Desktop/Self-driving-car-simulation/Data/IMG/right_2019_03_01_18_29_33_450.jpg, 0, 1, 0, 30.19031
/home/zubin/Desktop/Self-driving-car-simulation/Data/IMG/center_2019_03_01_18_29_33_552.jpg, /home/zubin/Desktop/Self-driving-car-simulation/Data/IMG/left_2019_03_01_18_29_33_552.jpg, /home/zubin/Desktop/Self-driving-car-simulation/Data/IMG/right_2019_03_01_18_29_33_552.jpg, 0, 1, 0, 30.19022
/home/zubin/Desktop/Self-driving-car-simulation/Data/IMG/center_2019_03_01_18_29_33_667.jpg, /home/zubin/Desktop/Self-driving-car-simulation/Data/IMG/left_2019_03_01_18_29_33_667.jpg, /home/zubin/Desktop/Self-driving-car-simulation/Data/IMG/right_2019_03_01_18_29_33_667.jpg, -0.1033437, 1, 0, 30.18754
/home/zubin/Desktop/Self-driving-car-simulation/Data/IMG/center_2019_03_01_18_29_33_783.jpg, /home/zubin/Desktop/Self-driving-car-simulation/Data/IMG/left_2019_03_01_18_29_33_783.jpg, /home/zubin/Desktop/Self-driving-car-simulation/Data/IMG/right_2019_03_01_18_29_33_783.jpg, 0, 1, 0, 30.18971
/home/zubin/Desktop/Self-driving-car-simulation/Data/IMG/center_2019_03_01_18_29_33_900.jpg, /home/zubin/Desktop/Self-driving-car-simulation/Data/IMG/left_2019_03_01_18_29_33_900.jpg, /home/zubin/Desktop/Self-driving-car-simulation/Data/IMG/right_2019_03_01_18_29_33_900.jpg, 0, 1, 0, 30.19024
/home/zubin/Desktop/Self-driving-car-simulation/Data/IMG/center_2019_03_01_18_29_34_016.jpg, /home/zubin/Desktop/Self-driving-car-simulation/Data/IMG/left_2019_03_01_18_29_34_016.jpg, /home/zubin/Desktop/Self-driving-car-simulation/Data/IMG/right_2019_03_01_18_29_34_016.jpg, 0, 1, 0, 30.19032
/home/zubin/Desktop/Self-driving-car-simulation/Data/IMG/center_2019_03_01_18_29_34_117.jpg, /home/zubin/Desktop/Self-driving-car-simulation/Data/IMG/left_2019_03_01_18_29_34_117.jpg, /home/zubin/Desktop/Self-driving-car-simulation/Data/IMG/right_2019_03_01_18_29_34_117.jpg, 0, 1, 0, 30.19029
/home/zubin/Desktop/Self-driving-car-simulation/Data/IMG/center_2019_03_01_18_29_34_232.jpg, /home/zubin/Desktop/Self-driving-car-simulation/Data/IMG/left_2019_03_01_18_29_34_232.jpg, /home/zubin/Desktop/Self-driving-car-simulation/Data/IMG/right_2019_03_01_18_29_34_232.jpg, 0, 1, 0, 30.19028
/home/zubin/Desktop/Self-driving-car-simulation/Data/IMG/center_2019_03_01_18_29_34_349.jpg, /home/zubin/Desktop/Self-driving-car-simulation/Data/IMG/left_2019_03_01_18_29_34_349.jpg, /home/zubin/Desktop/Self-driving-car-simulation/Data/IMG/right_2019_03_01_18_29_34_349.jpg, 0, 1, 0, 30.19033
/home/zubin/Desktop/Self-driving-car-simulation/Data/IMG/center_2019_03_01_18_29_34_466.jpg, /home/zubin/Desktop/Self-driving-car-simulation/Data/IMG/left_2019_03_01_18_29_34_466.jpg, /home/zubin/Desktop/Self-driving-car-simulation/Data/IMG/right_2019_03_01_18_29_34_466.jpg, -0.1450081, 1, 0, 30.18719
/home/zubin/Desktop/Self-driving-car-simulation/Data/IMG/center_2019_03_01_18_29_34_566.jpg, /home/zubin/Desktop/Self-driving-car-simulation/Data/IMG/left_2019_03_01_18_29_34_566.jpg, /home/zubin/Desktop/Self-driving-car-simulation/Data/IMG/right_2019_03_01_18_29_34_566.jpg, 0, 1, 0, 30.18998
/home/zubin/Desktop/Self-driving-car-simulation/Data/IMG/center_2019_03_01_18_29_34_682.jpg, /home/zubin/Desktop/Self-driving-car-simulation/Data/IMG/left_2019_03_01_18_29_34_682.jpg, /home/zubin/Desktop/Self-driving-car-simulation/Data/IMG/right_2019_03_01_18_29_34_682.jpg, 0, 1, 0, 30.1903
/home/zubin/Desktop/Self-driving-car-simulation/Data/IMG/center_2019_03_01_18_29_34_783.jpg, /home/zubin/Desktop/Self-driving-car-simulation/Data/IMG/left_2019_03_01_18_29_34_783.jpg, /home/zubin/Desktop/Self-driving-car-simulation/Data/IMG/right_2019_03_01_18_29_34_783.jpg, 0, 1, 0, 30.19031
/home/zubin/Desktop/Self-driving-car-simulation/Data/IMG/center_2019_03_01_18_29_34_899.jpg, /home/zubin/Desktop/Self-driving-car-simulation/Data/IMG/left_2019_03_01_18_29_34_899.jpg, /home/zubin/Desktop/Self-driving-car-simulation/Data/IMG/right_2019_03_01_18_29_34_899.jpg, 0, 1, 0, 30.19032
/home/zubin/Desktop/Self-driving-car-simulation/Data/IMG/center_2019_03_01_18_29_35_016.jpg, /home/zubin/Desktop/Self-driving-car-simulation/Data/IMG/left_2019_03_01_18_29_35_016.jpg, /home/zubin/Desktop/Self-driving-car-simulation/Data/IMG/right_2019_03_01_18_29_35_016.jpg, 0, 1, 0, 30.19031
/home/zubin/Desktop/Self-driving-car-simulation/Data/IMG/center_2019_03_01_18_29_35_129.jpg, /home/zubin/Desktop/Self-driving-car-simulation/Data/IMG/left_2019_03_01_18_29_35_129.jpg, /home/zubin/Desktop/Self-driving-car-simulation/Data/IMG/right_2019_03_01_18_29_35_129.jpg, 0, 1, 0, 30.19025
/home/zubin/Desktop/Self-driving-car-simulation/Data/IMG/center_2019_03_01_18_29_35_232.jpg, /home/zubin/Desktop/Self-driving-car-simulation/Data/IMG/left_2019_03_01_18_29_35_232.jpg, /home/zubin/Desktop/Self-driving-car-simulation/Data/IMG/right_2019_03_01_18_29_35_232.jpg, 0, 1, 0, 30.19031
/home/zubin/Desktop/Self-driving-car-simulation/Data/IMG/center_2019_03_01_18_29_35_349.jpg, /home/zubin/Desktop/Self-driving-car-simulation/Data/IMG/left_2019_03_01_18_29_35_349.jpg, /home/zubin/Desktop/Self-driving-car-simulation/Data/IMG/right_2019_03_01_18_29_35_349.jpg, 0, 1, 0, 30.1903
/home/zubin/Desktop/Self-driving-car-simulation/Data/IMG/center_2019_03_01_18_29_35_465.jpg, /home/zubin/Desktop/Self-driving-car-simulation/Data/IMG/left_2019_03_01_18_29_35_465.jpg, /home/zubin/Desktop/Self-driving-car-simulation/Data/IMG/right_2019_03_01_18_29_35_465.jpg, 0, 1, 0, 30.19031
/home/zubin/Desktop/Self-driving-car-simulation/Data/IMG/center_2019_03_01_18_29_35_581.jpg, /home/zubin/Desktop/Self-driving-car-simulation/Data/IMG/left_2019_03_01_18_29_35_581.jpg, /home/zubin/Desktop/Self-driving-car-simulation/Data/IMG/right_2019_03_01_18_29_35_581.jpg, 0, 1, 0, 30.1903
/home/zubin/Desktop/Self-driving-car-simulation/Data/IMG/center_2019_03_01_18_29_35_682.jpg, /home/zubin/Desktop/Self-driving-car-simulation/Data/IMG/left_2019_03_01_18_29_35_682.jpg, /home/zubin/Desktop/Self-driving-car-simulation/Data/IMG/right_2019_03_01_18_29_35_682.jpg, 0, 1, 0, 30.19028
/home/zubin/Desktop/Self-driving-car-simulation/Data/IMG/center_2019_03_01_18_29_35_796.jpg, /home/zubin/Desktop/Self-driving-car-simulation/Data/IMG/left_2019_03_01_18_29_35_796.jpg, /home/zubin/Desktop/Self-driving-car-simulation/Data/IMG/right_2019_03_01_18_29_35_796.jpg, -0.05592299, 1, 0, 30.19032
/home/zubin/Desktop/Self-driving-car-simulation/Data/IMG/center_2019_03_01_18_29_35_900.jpg, /home/zubin/Desktop/Self-driving-car-simulation/Data/IMG/left_2019_03_01_18_29_35_900.jpg, /home/zubin/Desktop/Self-driving-car-simulation/Data/IMG/right_2019_03_01_18_29_35_900.jpg, 0, 1, 0, 30.1902
/home/zubin/Desktop/Self-driving-car-simulation/Data/IMG/center_2019_03_01_18_29_36_014.jpg, /home/zubin/Desktop/Self-driving-car-simulation/Data/IMG/left_2019_03_01_18_29_36_014.jpg, /home/zubin/Desktop/Self-driving-car-simulation/Data/IMG/right_2019_03_01_18_29_36_014.jpg, 0, 1, 0, 30.19032
/home/zubin/Desktop/Self-driving-car-simulation/Data/IMG/center_2019_03_01_18_29_36_131.jpg, /home/zubin/Desktop/Self-driving-car-simulation/Data/IMG/left_2019_03_01_18_29_36_131.jpg, /home/zubin/Desktop/Self-driving-car-simulation/Data/IMG/right_2019_03_01_18_29_36_131.jpg, 0, 1, 0, 30.19031
/home/zubin/Desktop/Self-driving-car-simulation/Data/IMG/center_2019_03_01_18_29_36_231.jpg, /home/zubin/Desktop/Self-driving-car-simulation/Data/IMG/left_2019_03_01_18_29_36_231.jpg, /home/zubin/Desktop/Self-driving-car-simulation/Data/IMG/right_2019_03_01_18_29_36_231.jpg, 0, 1, 0, 30.19015
/home/zubin/Desktop/Self-driving-car-simulation/Data/IMG/center_2019_03_01_18_29_36_345.jpg, /home/zubin/Desktop/Self-driving-car-simulation/Data/IMG/left_2019_03_01_18_29_36_345.jpg, /home/zubin/Desktop/Self-driving-car-simulation/Data/IMG/right_2019_03_01_18_29_36_345.jpg, 0, 1, 0, 30.19031
/home/zubin/Desktop/Self-driving-car-simulation/Data/IMG/center_2019_03_01_18_29_36_463.jpg, /home/zubin/Desktop/Self-driving-car-simulation/Data/IMG/left_2019_03_01_18_29_36_463.jpg, /home/zubin/Desktop/Self-driving-car-simulation/Data/IMG/right_2019_03_01_18_29_36_463.jpg, 0, 1, 0, 30.19036
/home/zubin/Desktop/Self-driving-car-simulation/Data/IMG/center_2019_03_01_18_29_36_565.jpg, /home/zubin/Desktop/Self-driving-car-simulation/Data/IMG/left_2019_03_01_18_29_36_565.jpg, /home/zubin/Desktop/Self-driving-car-simulation/Data/IMG/right_2019_03_01_18_29_36_565.jpg, 0, 1, 0, 30.19029
/home/zubin/Desktop/Self-driving-car-simulation/Data/IMG/center_2019_03_01_18_29_36_680.jpg, /home/zubin/Desktop/Self-driving-car-simulation/Data/IMG/left_2019_03_01_18_29_36_680.jpg, /home/zubin/Desktop/Self-driving-car-simulation/Data/IMG/right_2019_03_01_18_29_36_680.jpg, 0, 1, 0, 30.19032
/home/zubin/Desktop/Self-driving-car-simulation/Data/IMG/center_2019_03_01_18_29_36_798.jpg, /home/zubin/Desktop/Self-driving-car-simulation/Data/IMG/left_2019_03_01_18_29_36_798.jpg, /home/zubin/Desktop/Self-driving-car-simulation/Data/IMG/right_2019_03_01_18_29_36_798.jpg, 0, 1, 0, 30.19027
/home/zubin/Desktop/Self-driving-car-simulation/Data/IMG/center_2019_03_01_18_29_36_913.jpg, /home/zubin/Desktop/Self-driving-car-simulation/Data/IMG/left_2019_03_01_18_29_36_913.jpg, /home/zubin/Desktop/Self-driving-car-simulation/Data/IMG/right_2019_03_01_18_29_36_913.jpg, 0, 1, 0, 30.19028
/home/zubin/Desktop/Self-driving-car-simulation/Data/IMG/center_2019_03_01_18_29_37_027.jpg, /home/zubin/Desktop/Self-driving-car-simulation/Data/IMG/left_2019_03_01_18_29_37_027.jpg, /home/zubin/Desktop/Self-driving-car-simulation/Data/IMG/right_2019_03_01_18_29_37_027.jpg, 0, 1, 0, 30.19031
/home/zubin/Desktop/Self-driving-car-simulation/Data/IMG/center_2019_03_01_18_29_37_128.jpg, /home/zubin/Desktop/Self-driving-car-simulation/Data/IMG/left_2019_03_01_18_29_37_128.jpg, /home/zubin/Desktop/Self-driving-car-simulation/Data/IMG/right_2019_03_01_18_29_37_128.jpg, 0, 1, 0, 30.1903
/home/zubin/Desktop/Self-driving-car-simulation/Data/IMG/center_2019_03_01_18_29_37_228.jpg, /home/zubin/Desktop/Self-driving-car-simulation/Data/IMG/left_2019_03_01_18_29_37_228.jpg, /home/zubin/Desktop/Self-driving-car-simulation/Data/IMG/right_2019_03_01_18_29_37_228.jpg, 0, 1, 0, 30.19034
/home/zubin/Desktop/Self-driving-car-simulation/Data/IMG/center_2019_03_01_18_29_37_329.jpg, /home/zubin/Desktop/Self-driving-car-simulation/Data/IMG/left_2019_03_01_18_29_37_329.jpg, /home/zubin/Desktop/Self-driving-car-simulation/Data/IMG/right_2019_03_01_18_29_37_329.jpg, 0, 1, 0, 30.19029
/home/zubin/Desktop/Self-driving-car-simulation/Data/IMG/center_2019_03_01_18_29_37_445.jpg, /home/zubin/Desktop/Self-driving-car-simulation/Data/IMG/left_2019_03_01_18_29_37_445.jpg, /home/zubin/Desktop/Self-driving-car-simulation/Data/IMG/right_2019_03_01_18_29_37_445.jpg, 0, 1, 0, 30.19033
/home/zubin/Desktop/Self-driving-car-simulation/Data/IMG/center_2019_03_01_18_29_37_548.jpg, /home/zubin/Desktop/Self-driving-car-simulation/Data/IMG/left_2019_03_01_18_29_37_548.jpg, /home/zubin/Desktop/Self-driving-car-simulation/Data/IMG/right_2019_03_01_18_29_37_548.jpg, 0, 1, 0, 30.19036
/home/zubin/Desktop/Self-driving-car-simulation/Data/IMG/center_2019_03_01_18_29_37_661.jpg, /home/zubin/Desktop/Self-driving-car-simulation/Data/IMG/left_2019_03_01_18_29_37_661.jpg, /home/zubin/Desktop/Self-driving-car-simulation/Data/IMG/right_2019_03_01_18_29_37_661.jpg, -0.04285812, 1, 0, 30.19038
/home/zubin/Desktop/Self-driving-car-simulation/Data/IMG/center_2019_03_01_18_29_37_762.jpg, /home/zubin/Desktop/Self-driving-car-simulation/Data/IMG/left_2019_03_01_18_29_37_762.jpg, /home/zubin/Desktop/Self-driving-car-simulation/Data/IMG/right_2019_03_01_18_29_37_762.jpg, 0, 1, 0, 30.19054
/home/zubin/Desktop/Self-driving-car-simulation/Data/IMG/center_2019_03_01_18_29_37_876.jpg, /home/zubin/Desktop/Self-driving-car-simulation/Data/IMG/left_2019_03_01_18_29_37_876.jpg, /home/zubin/Desktop/Self-driving-car-simulation/Data/IMG/right_2019_03_01_18_29_37_876.jpg, 0, 1, 0, 30.19029
/home/zubin/Desktop/Self-driving-car-simulation/Data/IMG/center_2019_03_01_18_29_37_979.jpg, /home/zubin/Desktop/Self-driving-car-simulation/Data/IMG/left_2019_03_01_18_29_37_979.jpg, /home/zubin/Desktop/Self-driving-car-simulation/Data/IMG/right_2019_03_01_18_29_37_979.jpg, 0, 1, 0, 30.19027
/home/zubin/Desktop/Self-driving-car-simulation/Data/IMG/center_2019_03_01_18_29_38_093.jpg, /home/zubin/Desktop/Self-driving-car-simulation/Data/IMG/left_2019_03_01_18_29_38_093.jpg, /home/zubin/Desktop/Self-driving-car-simulation/Data/IMG/right_2019_03_01_18_29_38_093.jpg, 0, 1, 0, 30.19032
/home/zubin/Desktop/Self-driving-car-simulation/Data/IMG/center_2019_03_01_18_29_38_194.jpg, /home/zubin/Desktop/Self-driving-car-simulation/Data/IMG/left_2019_03_01_18_29_38_194.jpg, /home/zubin/Desktop/Self-driving-car-simulation/Data/IMG/right_2019_03_01_18_29_38_194.jpg, -0.1736097, 1, 0, 30.1822
/home/zubin/Desktop/Self-driving-car-simulation/Data/IMG/center_2019_03_01_18_29_38_295.jpg, /home/zubin/Desktop/Self-driving-car-simulation/Data/IMG/left_2019_03_01_18_29_38_295.jpg, /home/zubin/Desktop/Self-driving-car-simulation/Data/IMG/right_2019_03_01_18_29_38_295.jpg, 0, 1, 0, 30.19014
/home/zubin/Desktop/Self-driving-car-simulation/Data/IMG/center_2019_03_01_18_29_38_410.jpg, /home/zubin/Desktop/Self-driving-car-simulation/Data/IMG/left_2019_03_01_18_29_38_410.jpg, /home/zubin/Desktop/Self-driving-car-simulation/Data/IMG/right_2019_03_01_18_29_38_410.jpg, 0, 1, 0, 30.19032
/home/zubin/Desktop/Self-driving-car-simulation/Data/IMG/center_2019_03_01_18_29_38_527.jpg, /home/zubin/Desktop/Self-driving-car-simulation/Data/IMG/left_2019_03_01_18_29_38_527.jpg, /home/zubin/Desktop/Self-driving-car-simulation/Data/IMG/right_2019_03_01_18_29_38_527.jpg, 0, 1, 0, 30.19034
/home/zubin/Desktop/Self-driving-car-simulation/Data/IMG/center_2019_03_01_18_29_38_628.jpg, /home/zubin/Desktop/Self-driving-car-simulation/Data/IMG/left_2019_03_01_18_29_38_628.jpg, /home/zubin/Desktop/Self-driving-car-simulation/Data/IMG/right_2019_03_01_18_29_38_628.jpg, 0, 1, 0, 30.19029
/home/zubin/Desktop/Self-driving-car-simulation/Data/IMG/center_2019_03_01_18_29_38_743.jpg, /home/zubin/Desktop/Self-driving-car-simulation/Data/IMG/left_2019_03_01_18_29_38_743.jpg, /home/zubin/Desktop/Self-driving-car-simulation/Data/IMG/right_2019_03_01_18_29_38_743.jpg, 0, 1, 0, 30.19028
/home/zubin/Desktop/Self-driving-car-simulation/Data/IMG/center_2019_03_01_18_29_38_844.jpg, /home/zubin/Desktop/Self-driving-car-simulation/Data/IMG/left_2019_03_01_18_29_38_844.jpg, /home/zubin/Desktop/Self-driving-car-simulation/Data/IMG/right_2019_03_01_18_29_38_844.jpg, 0, 1, 0, 30.19026
/home/zubin/Desktop/Self-driving-car-simulation/Data/IMG/center_2019_03_01_18_29_38_945.jpg, /home/zubin/Desktop/Self-driving-car-simulation/Data/IMG/left_2019_03_01_18_29_38_945.jpg, /home/zubin/Desktop/Self-driving-car-simulation/Data/IMG/right_2019_03_01_18_29_38_945.jpg, 0, 1, 0, 30.19028
/home/zubin/Desktop/Self-driving-car-simulation/Data/IMG/center_2019_03_01_18_29_39_063.jpg, /home/zubin/Desktop/Self-driving-car-simulation/Data/IMG/left_2019_03_01_18_29_39_063.jpg, /home/zubin/Desktop/Self-driving-car-simulation/Data/IMG/right_2019_03_01_18_29_39_063.jpg, -0.230499, 1, 0, 30.17761
/home/zubin/Desktop/Self-driving-car-simulation/Data/IMG/center_2019_03_01_18_29_39_176.jpg, /home/zubin/Desktop/Self-driving-car-simulation/Data/IMG/left_2019_03_01_18_29_39_176.jpg, /home/zubin/Desktop/Self-driving-car-simulation/Data/IMG/right_2019_03_01_18_29_39_176.jpg, 0, 1, 0, 30.18973
/home/zubin/Desktop/Self-driving-car-simulation/Data/IMG/center_2019_03_01_18_29_39_277.jpg, /home/zubin/Desktop/Self-driving-car-simulation/Data/IMG/left_2019_03_01_18_29_39_277.jpg, /home/zubin/Desktop/Self-driving-car-simulation/Data/IMG/right_2019_03_01_18_29_39_277.jpg, 0, 1, 0, 30.19021
/home/zubin/Desktop/Self-driving-car-simulation/Data/IMG/center_2019_03_01_18_29_39_378.jpg, /home/zubin/Desktop/Self-driving-car-simulation/Data/IMG/left_2019_03_01_18_29_39_378.jpg, /home/zubin/Desktop/Self-driving-car-simulation/Data/IMG/right_2019_03_01_18_29_39_378.jpg, 0, 1, 0, 30.19025
/home/zubin/Desktop/Self-driving-car-simulation/Data/IMG/center_2019_03_01_18_29_39_494.jpg, /home/zubin/Desktop/Self-driving-car-simulation/Data/IMG/left_2019_03_01_18_29_39_494.jpg, /home/zubin/Desktop/Self-driving-car-simulation/Data/IMG/right_2019_03_01_18_29_39_494.jpg, -0.05496597, 1, 0, 30.18967
/home/zubin/Desktop/Self-driving-car-simulation/Data/IMG/center_2019_03_01_18_29_39_595.jpg, /home/zubin/Desktop/Self-driving-car-simulation/Data/IMG/left_2019_03_01_18_29_39_595.jpg, /home/zubin/Desktop/Self-driving-car-simulation/Data/IMG/right_2019_03_01_18_29_39_595.jpg, -0.1509175, 1, 0, 30.18776
/home/zubin/Desktop/Self-driving-car-simulation/Data/IMG/center_2019_03_01_18_29_39_709.jpg, /home/zubin/Desktop/Self-driving-car-simulation/Data/IMG/left_2019_03_01_18_29_39_709.jpg, /home/zubin/Desktop/Self-driving-car-simulation/Data/IMG/right_2019_03_01_18_29_39_709.jpg, 0, 1, 0, 30.18992
/home/zubin/Desktop/Self-driving-car-simulation/Data/IMG/center_2019_03_01_18_29_39_827.jpg, /home/zubin/Desktop/Self-driving-car-simulation/Data/IMG/left_2019_03_01_18_29_39_827.jpg, /home/zubin/Desktop/Self-driving-car-simulation/Data/IMG/right_2019_03_01_18_29_39_827.jpg, 0, 1, 0, 30.19025
/home/zubin/Desktop/Self-driving-car-simulation/Data/IMG/center_2019_03_01_18_29_39_943.jpg, /home/zubin/Desktop/Self-driving-car-simulation/Data/IMG/left_2019_03_01_18_29_39_943.jpg, /home/zubin/Desktop/Self-driving-car-simulation/Data/IMG/right_2019_03_01_18_29_39_943.jpg, 0, 1, 0, 30.19026
/home/zubin/Desktop/Self-driving-car-simulation/Data/IMG/center_2019_03_01_18_29_40_059.jpg, /home/zubin/Desktop/Self-driving-car-simulation/Data/IMG/left_2019_03_01_18_29_40_059.jpg, /home/zubin/Desktop/Self-driving-car-simulation/Data/IMG/right_2019_03_01_18_29_40_059.jpg, 0, 1, 0, 30.19039
/home/zubin/Desktop/Self-driving-car-simulation/Data/IMG/center_2019_03_01_18_29_40_160.jpg, /home/zubin/Desktop/Self-driving-car-simulation/Data/IMG/left_2019_03_01_18_29_40_160.jpg, /home/zubin/Desktop/Self-driving-car-simulation/Data/IMG/right_2019_03_01_18_29_40_160.jpg, -0.3047726, 1, 0, 30.16743
/home/zubin/Desktop/Self-driving-car-simulation/Data/IMG/center_2019_03_01_18_29_40_276.jpg, /home/zubin/Desktop/Self-driving-car-simulation/Data/IMG/left_2019_03_01_18_29_40_276.jpg, /home/zubin/Desktop/Self-driving-car-simulation/Data/IMG/right_2019_03_01_18_29_40_276.jpg, 0, 1, 0, 30.18905
/home/zubin/Desktop/Self-driving-car-simulation/Data/IMG/center_2019_03_01_18_29_40_391.jpg, /home/zubin/Desktop/Self-driving-car-simulation/Data/IMG/left_2019_03_01_18_29_40_391.jpg, /home/zubin/Desktop/Self-driving-car-simulation/Data/IMG/right_2019_03_01_18_29_40_391.jpg, 0, 1, 0, 30.19017
/home/zubin/Desktop/Self-driving-car-simulation/Data/IMG/center_2019_03_01_18_29_40_493.jpg, /home/zubin/Desktop/Self-driving-car-simulation/Data/IMG/left_2019_03_01_18_29_40_493.jpg, /home/zubin/Desktop/Self-driving-car-simulation/Data/IMG/right_2019_03_01_18_29_40_493.jpg, 0, 1, 0, 30.19025
/home/zubin/Desktop/Self-driving-car-simulation/Data/IMG/center_2019_03_01_18_29_40_609.jpg, /home/zubin/Desktop/Self-driving-car-simulation/Data/IMG/left_2019_03_01_18_29_40_609.jpg, /home/zubin/Desktop/Self-driving-car-simulation/Data/IMG/right_2019_03_01_18_29_40_609.jpg, 0, 1, 0, 30.19032
/home/zubin/Desktop/Self-driving-car-simulation/Data/IMG/center_2019_03_01_18_29_40_724.jpg, /home/zubin/Desktop/Self-driving-car-simulation/Data/IMG/left_2019_03_01_18_29_40_724.jpg, /home/zubin/Desktop/Self-driving-car-simulation/Data/IMG/right_2019_03_01_18_29_40_724.jpg, 0, 1, 0, 30.19025
/home/zubin/Desktop/Self-driving-car-simulation/Data/IMG/center_2019_03_01_18_29_40_824.jpg, /home/zubin/Desktop/Self-driving-car-simulation/Data/IMG/left_2019_03_01_18_29_40_824.jpg, /home/zubin/Desktop/Self-driving-car-simulation/Data/IMG/right_2019_03_01_18_29_40_824.jpg, 0, 1, 0, 30.19028
/home/zubin/Desktop/Self-driving-car-simulation/Data/IMG/center_2019_03_01_18_29_40_926.jpg, /home/zubin/Desktop/Self-driving-car-simulation/Data/IMG/left_2019_03_01_18_29_40_926.jpg, /home/zubin/Desktop/Self-driving-car-simulation/Data/IMG/right_2019_03_01_18_29_40_926.jpg, 0, 1, 0, 30.19027
/home/zubin/Desktop/Self-driving-car-simulation/Data/IMG/center_2019_03_01_18_29_41_041.jpg, /home/zubin/Desktop/Self-driving-car-simulation/Data/IMG/left_2019_03_01_18_29_41_041.jpg, /home/zubin/Desktop/Self-driving-car-simulation/Data/IMG/right_2019_03_01_18_29_41_041.jpg, 0, 1, 0, 30.19028
/home/zubin/Desktop/Self-driving-car-simulation/Data/IMG/center_2019_03_01_18_29_41_145.jpg, /home/zubin/Desktop/Self-driving-car-simulation/Data/IMG/left_2019_03_01_18_29_41_145.jpg, /home/zubin/Desktop/Self-driving-car-simulation/Data/IMG/right_2019_03_01_18_29_41_145.jpg, 0, 1, 0, 30.19029
/home/zubin/Desktop/Self-driving-car-simulation/Data/IMG/center_2019_03_01_18_29_41_259.jpg, /home/zubin/Desktop/Self-driving-car-simulation/Data/IMG/left_2019_03_01_18_29_41_259.jpg, /home/zubin/Desktop/Self-driving-car-simulation/Data/IMG/right_2019_03_01_18_29_41_259.jpg, 0, 1, 0, 30.19035
/home/zubin/Desktop/Self-driving-car-simulation/Data/IMG/center_2019_03_01_18_29_41_360.jpg, /home/zubin/Desktop/Self-driving-car-simulation/Data/IMG/left_2019_03_01_18_29_41_360.jpg, /home/zubin/Desktop/Self-driving-car-simulation/Data/IMG/right_2019_03_01_18_29_41_360.jpg, 0, 1, 0, 30.19017
/home/zubin/Desktop/Self-driving-car-simulation/Data/IMG/center_2019_03_01_18_29_41_473.jpg, /home/zubin/Desktop/Self-driving-car-simulation/Data/IMG/left_2019_03_01_18_29_41_473.jpg, /home/zubin/Desktop/Self-driving-car-simulation/Data/IMG/right_2019_03_01_18_29_41_473.jpg, 0, 1, 0, 30.19027
/home/zubin/Desktop/Self-driving-car-simulation/Data/IMG/center_2019_03_01_18_29_41_575.jpg, /home/zubin/Desktop/Self-driving-car-simulation/Data/IMG/left_2019_03_01_18_29_41_575.jpg, /home/zubin/Desktop/Self-driving-car-simulation/Data/IMG/right_2019_03_01_18_29_41_575.jpg, 0, 1, 0, 30.19028
/home/zubin/Desktop/Self-driving-car-simulation/Data/IMG/center_2019_03_01_18_29_41_692.jpg, /home/zubin/Desktop/Self-driving-car-simulation/Data/IMG/left_2019_03_01_18_29_41_692.jpg, /home/zubin/Desktop/Self-driving-car-simulation/Data/IMG/right_2019_03_01_18_29_41_692.jpg, 0, 1, 0, 30.19026
/home/zubin/Desktop/Self-driving-car-simulation/Data/IMG/center_2019_03_01_18_29_41_808.jpg, /home/zubin/Desktop/Self-driving-car-simulation/Data/IMG/left_2019_03_01_18_29_41_808.jpg, /home/zubin/Desktop/Self-driving-car-simulation/Data/IMG/right_2019_03_01_18_29_41_808.jpg, -0.1545417, 1, 0, 30.184
/home/zubin/Desktop/Self-driving-car-simulation/Data/IMG/center_2019_03_01_18_29_41_908.jpg, /home/zubin/Desktop/Self-driving-car-simulation/Data/IMG/left_2019_03_01_18_29_41_908.jpg, /home/zubin/Desktop/Self-driving-car-simulation/Data/IMG/right_2019_03_01_18_29_41_908.jpg, 0, 1, 0, 30.1902
/home/zubin/Desktop/Self-driving-car-simulation/Data/IMG/center_2019_03_01_18_29_42_025.jpg, /home/zubin/Desktop/Self-driving-car-simulation/Data/IMG/left_2019_03_01_18_29_42_025.jpg, /home/zubin/Desktop/Self-driving-car-simulation/Data/IMG/right_2019_03_01_18_29_42_025.jpg, 0, 1, 0, 30.19028
/home/zubin/Desktop/Self-driving-car-simulation/Data/IMG/center_2019_03_01_18_29_42_126.jpg, /home/zubin/Desktop/Self-driving-car-simulation/Data/IMG/left_2019_03_01_18_29_42_126.jpg, /home/zubin/Desktop/Self-driving-car-simulation/Data/IMG/right_2019_03_01_18_29_42_126.jpg, 0, 1, 0, 30.19026
/home/zubin/Desktop/Self-driving-car-simulation/Data/IMG/center_2019_03_01_18_29_42_240.jpg, /home/zubin/Desktop/Self-driving-car-simulation/Data/IMG/left_2019_03_01_18_29_42_240.jpg, /home/zubin/Desktop/Self-driving-car-simulation/Data/IMG/right_2019_03_01_18_29_42_240.jpg, -0.05234671, 1, 0, 30.18969
/home/zubin/Desktop/Self-driving-car-simulation/Data/IMG/center_2019_03_01_18_29_42_340.jpg, /home/zubin/Desktop/Self-driving-car-simulation/Data/IMG/left_2019_03_01_18_29_42_340.jpg, /home/zubin/Desktop/Self-driving-car-simulation/Data/IMG/right_2019_03_01_18_29_42_340.jpg, -0.2563412, 1, 0, 30.1735
/home/zubin/Desktop/Self-driving-car-simulation/Data/IMG/center_2019_03_01_18_29_42_456.jpg, /home/zubin/Desktop/Self-driving-car-simulation/Data/IMG/left_2019_03_01_18_29_42_456.jpg, /home/zubin/Desktop/Self-driving-car-simulation/Data/IMG/right_2019_03_01_18_29_42_456.jpg, 0, 1, 0, 30.18952
/home/zubin/Desktop/Self-driving-car-simulation/Data/IMG/center_2019_03_01_18_29_42_557.jpg, /home/zubin/Desktop/Self-driving-car-simulation/Data/IMG/left_2019_03_01_18_29_42_557.jpg, /home/zubin/Desktop/Self-driving-car-simulation/Data/IMG/right_2019_03_01_18_29_42_557.jpg, 0, 1, 0, 30.19009
/home/zubin/Desktop/Self-driving-car-simulation/Data/IMG/center_2019_03_01_18_29_42_672.jpg, /home/zubin/Desktop/Self-driving-car-simulation/Data/IMG/left_2019_03_01_18_29_42_672.jpg, /home/zubin/Desktop/Self-driving-car-simulation/Data/IMG/right_2019_03_01_18_29_42_672.jpg, 0, 1, 0, 30.19028
/home/zubin/Desktop/Self-driving-car-simulation/Data/IMG/center_2019_03_01_18_29_42_773.jpg, /home/zubin/Desktop/Self-driving-car-simulation/Data/IMG/left_2019_03_01_18_29_42_773.jpg, /home/zubin/Desktop/Self-driving-car-simulation/Data/IMG/right_2019_03_01_18_29_42_773.jpg, 0, 1, 0, 30.19029
/home/zubin/Desktop/Self-driving-car-simulation/Data/IMG/center_2019_03_01_18_29_42_890.jpg, /home/zubin/Desktop/Self-driving-car-simulation/Data/IMG/left_2019_03_01_18_29_42_890.jpg, /home/zubin/Desktop/Self-driving-car-simulation/Data/IMG/right_2019_03_01_18_29_42_890.jpg, -0.198231, 1, 0, 30.1799
/home/zubin/Desktop/Self-driving-car-simulation/Data/IMG/center_2019_03_01_18_29_43_004.jpg, /home/zubin/Desktop/Self-driving-car-simulation/Data/IMG/left_2019_03_01_18_29_43_004.jpg, /home/zubin/Desktop/Self-driving-car-simulation/Data/IMG/right_2019_03_01_18_29_43_004.jpg, -0.2482202, 1, 0, 30.18658
/home/zubin/Desktop/Self-driving-car-simulation/Data/IMG/center_2019_03_01_18_29_43_106.jpg, /home/zubin/Desktop/Self-driving-car-simulation/Data/IMG/left_2019_03_01_18_29_43_106.jpg, /home/zubin/Desktop/Self-driving-car-simulation/Data/IMG/right_2019_03_01_18_29_43_106.jpg, 0, 1, 0, 30.18735
/home/zubin/Desktop/Self-driving-car-simulation/Data/IMG/center_2019_03_01_18_29_43_223.jpg, /home/zubin/Desktop/Self-driving-car-simulation/Data/IMG/left_2019_03_01_18_29_43_223.jpg, /home/zubin/Desktop/Self-driving-car-simulation/Data/IMG/right_2019_03_01_18_29_43_223.jpg, 0, 1, 0, 30.19009
/home/zubin/Desktop/Self-driving-car-simulation/Data/IMG/center_2019_03_01_18_29_43_325.jpg, /home/zubin/Desktop/Self-driving-car-simulation/Data/IMG/left_2019_03_01_18_29_43_325.jpg, /home/zubin/Desktop/Self-driving-car-simulation/Data/IMG/right_2019_03_01_18_29_43_325.jpg, 0, 1, 0, 30.19029
/home/zubin/Desktop/Self-driving-car-simulation/Data/IMG/center_2019_03_01_18_29_43_440.jpg, /home/zubin/Desktop/Self-driving-car-simulation/Data/IMG/left_2019_03_01_18_29_43_440.jpg, /home/zubin/Desktop/Self-driving-car-simulation/Data/IMG/right_2019_03_01_18_29_43_440.jpg, 0, 1, 0, 30.1903
/home/zubin/Desktop/Self-driving-car-simulation/Data/IMG/center_2019_03_01_18_29_43_555.jpg, /home/zubin/Desktop/Self-driving-car-simulation/Data/IMG/left_2019_03_01_18_29_43_555.jpg, /home/zubin/Desktop/Self-driving-car-simulation/Data/IMG/right_2019_03_01_18_29_43_555.jpg, 0, 1, 0, 30.19013
/home/zubin/Desktop/Self-driving-car-simulation/Data/IMG/center_2019_03_01_18_29_43_655.jpg, /home/zubin/Desktop/Self-driving-car-simulation/Data/IMG/left_2019_03_01_18_29_43_655.jpg, /home/zubin/Desktop/Self-driving-car-simulation/Data/IMG/right_2019_03_01_18_29_43_655.jpg, 0, 1, 0, 30.19032
/home/zubin/Desktop/Self-driving-car-simulation/Data/IMG/center_2019_03_01_18_29_43_770.jpg, /home/zubin/Desktop/Self-driving-car-simulation/Data/IMG/left_2019_03_01_18_29_43_770.jpg, /home/zubin/Desktop/Self-driving-car-simulation/Data/IMG/right_2019_03_01_18_29_43_770.jpg, -0.1942828, 1, 0, 30.18047
/home/zubin/Desktop/Self-driving-car-simulation/Data/IMG/center_2019_03_01_18_29_43_890.jpg, /home/zubin/Desktop/Self-driving-car-simulation/Data/IMG/left_2019_03_01_18_29_43_890.jpg, /home/zubin/Desktop/Self-driving-car-simulation/Data/IMG/right_2019_03_01_18_29_43_890.jpg, 0, 1, 0, 30.19022
/home/zubin/Desktop/Self-driving-car-simulation/Data/IMG/center_2019_03_01_18_29_44_004.jpg, /home/zubin/Desktop/Self-driving-car-simulation/Data/IMG/left_2019_03_01_18_29_44_004.jpg, /home/zubin/Desktop/Self-driving-car-simulation/Data/IMG/right_2019_03_01_18_29_44_004.jpg, 0, 1, 0, 30.19032
/home/zubin/Desktop/Self-driving-car-simulation/Data/IMG/center_2019_03_01_18_29_44_123.jpg, /home/zubin/Desktop/Self-driving-car-simulation/Data/IMG/left_2019_03_01_18_29_44_123.jpg, /home/zubin/Desktop/Self-driving-car-simulation/Data/IMG/right_2019_03_01_18_29_44_123.jpg, 0, 1, 0, 30.19033
/home/zubin/Desktop/Self-driving-car-simulation/Data/IMG/center_2019_03_01_18_29_44_237.jpg, /home/zubin/Desktop/Self-driving-car-simulation/Data/IMG/left_2019_03_01_18_29_44_237.jpg, /home/zubin/Desktop/Self-driving-car-simulation/Data/IMG/right_2019_03_01_18_29_44_237.jpg, -0.1003053, 1, 0, 30.18775
/home/zubin/Desktop/Self-driving-car-simulation/Data/IMG/center_2019_03_01_18_29_44_339.jpg, /home/zubin/Desktop/Self-driving-car-simulation/Data/IMG/left_2019_03_01_18_29_44_339.jpg, /home/zubin/Desktop/Self-driving-car-simulation/Data/IMG/right_2019_03_01_18_29_44_339.jpg, -0.1936684, 1, 0, 30.1866
/home/zubin/Desktop/Self-driving-car-simulation/Data/IMG/center_2019_03_01_18_29_44_454.jpg, /home/zubin/Desktop/Self-driving-car-simulation/Data/IMG/left_2019_03_01_18_29_44_454.jpg, /home/zubin/Desktop/Self-driving-car-simulation/Data/IMG/right_2019_03_01_18_29_44_454.jpg, 0, 1, 0, 30.1897
/home/zubin/Desktop/Self-driving-car-simulation/Data/IMG/center_2019_03_01_18_29_44_556.jpg, /home/zubin/Desktop/Self-driving-car-simulation/Data/IMG/left_2019_03_01_18_29_44_556.jpg, /home/zubin/Desktop/Self-driving-car-simulation/Data/IMG/right_2019_03_01_18_29_44_556.jpg, 0, 1, 0, 30.19039
/home/zubin/Desktop/Self-driving-car-simulation/Data/IMG/center_2019_03_01_18_29_44_671.jpg, /home/zubin/Desktop/Self-driving-car-simulation/Data/IMG/left_2019_03_01_18_29_44_671.jpg, /home/zubin/Desktop/Self-driving-car-simulation/Data/IMG/right_2019_03_01_18_29_44_671.jpg, 0, 1, 0, 30.19032
/home/zubin/Desktop/Self-driving-car-simulation/Data/IMG/center_2019_03_01_18_29_44_787.jpg, /home/zubin/Desktop/Self-driving-car-simulation/Data/IMG/left_2019_03_01_18_29_44_787.jpg, /home/zubin/Desktop/Self-driving-car-simulation/Data/IMG/right_2019_03_01_18_29_44_787.jpg, 0, 1, 0, 30.19031
/home/zubin/Desktop/Self-driving-car-simulation/Data/IMG/center_2019_03_01_18_29_44_888.jpg, /home/zubin/Desktop/Self-driving-car-simulation/Data/IMG/left_2019_03_01_18_29_44_888.jpg, /home/zubin/Desktop/Self-driving-car-simulation/Data/IMG/right_2019_03_01_18_29_44_888.jpg, 0, 1, 0, 30.19025
/home/zubin/Desktop/Self-driving-car-simulation/Data/IMG/center_2019_03_01_18_29_45_004.jpg, /home/zubin/Desktop/Self-driving-car-simulation/Data/IMG/left_2019_03_01_18_29_45_004.jpg, /home/zubin/Desktop/Self-driving-car-simulation/Data/IMG/right_2019_03_01_18_29_45_004.jpg, 0, 1, 0, 30.19027
/home/zubin/Desktop/Self-driving-car-simulation/Data/IMG/center_2019_03_01_18_29_45_120.jpg, /home/zubin/Desktop/Self-driving-car-simulation/Data/IMG/left_2019_03_01_18_29_45_120.jpg, /home/zubin/Desktop/Self-driving-car-simulation/Data/IMG/right_2019_03_01_18_29_45_120.jpg, -0.3488581, 1, 0, 30.16205
/home/zubin/Desktop/Self-driving-car-simulation/Data/IMG/center_2019_03_01_18_29_45_220.jpg, /home/zubin/Desktop/Self-driving-car-simulation/Data/IMG/left_2019_03_01_18_29_45_220.jpg, /home/zubin/Desktop/Self-driving-car-simulation/Data/IMG/right_2019_03_01_18_29_45_220.jpg, -0.04758024, 1, 0, 30.19073
/home/zubin/Desktop/Self-driving-car-simulation/Data/IMG/center_2019_03_01_18_29_45_337.jpg, /home/zubin/Desktop/Self-driving-car-simulation/Data/IMG/left_2019_03_01_18_29_45_337.jpg, /home/zubin/Desktop/Self-driving-car-simulation/Data/IMG/right_2019_03_01_18_29_45_337.jpg, 0, 1, 0, 30.18986
/home/zubin/Desktop/Self-driving-car-simulation/Data/IMG/center_2019_03_01_18_29_45_451.jpg, /home/zubin/Desktop/Self-driving-car-simulation/Data/IMG/left_2019_03_01_18_29_45_451.jpg, /home/zubin/Desktop/Self-driving-car-simulation/Data/IMG/right_2019_03_01_18_29_45_451.jpg, 0, 1, 0, 30.18943
/home/zubin/Desktop/Self-driving-car-simulation/Data/IMG/center_2019_03_01_18_29_45_570.jpg, /home/zubin/Desktop/Self-driving-car-simulation/Data/IMG/left_2019_03_01_18_29_45_570.jpg, /home/zubin/Desktop/Self-driving-car-simulation/Data/IMG/right_2019_03_01_18_29_45_570.jpg, 0, 1, 0, 30.19067
/home/zubin/Desktop/Self-driving-car-simulation/Data/IMG/center_2019_03_01_18_29_45_687.jpg, /home/zubin/Desktop/Self-driving-car-simulation/Data/IMG/left_2019_03_01_18_29_45_687.jpg, /home/zubin/Desktop/Self-driving-car-simulation/Data/IMG/right_2019_03_01_18_29_45_687.jpg, 0, 1, 0, 30.19027
/home/zubin/Desktop/Self-driving-car-simulation/Data/IMG/center_2019_03_01_18_29_45_800.jpg, /home/zubin/Desktop/Self-driving-car-simulation/Data/IMG/left_2019_03_01_18_29_45_800.jpg, /home/zubin/Desktop/Self-driving-car-simulation/Data/IMG/right_2019_03_01_18_29_45_800.jpg, -0.1955824, 1, 0, 30.17994
/home/zubin/Desktop/Self-driving-car-simulation/Data/IMG/center_2019_03_01_18_29_45_904.jpg, /home/zubin/Desktop/Self-driving-car-simulation/Data/IMG/left_2019_03_01_18_29_45_904.jpg, /home/zubin/Desktop/Self-driving-car-simulation/Data/IMG/right_2019_03_01_18_29_45_904.jpg, 0, 1, 0, 30.19001
/home/zubin/Desktop/Self-driving-car-simulation/Data/IMG/center_2019_03_01_18_29_46_018.jpg, /home/zubin/Desktop/Self-driving-car-simulation/Data/IMG/left_2019_03_01_18_29_46_018.jpg, /home/zubin/Desktop/Self-driving-car-simulation/Data/IMG/right_2019_03_01_18_29_46_018.jpg, 0, 1, 0, 30.19023
/home/zubin/Desktop/Self-driving-car-simulation/Data/IMG/center_2019_03_01_18_29_46_135.jpg, /home/zubin/Desktop/Self-driving-car-simulation/Data/IMG/left_2019_03_01_18_29_46_135.jpg, /home/zubin/Desktop/Self-driving-car-simulation/Data/IMG/right_2019_03_01_18_29_46_135.jpg, 0, 1, 0, 30.19028
/home/zubin/Desktop/Self-driving-car-simulation/Data/IMG/center_2019_03_01_18_29_46_251.jpg, /home/zubin/Desktop/Self-driving-car-simulation/Data/IMG/left_2019_03_01_18_29_46_251.jpg, /home/zubin/Desktop/Self-driving-car-simulation/Data/IMG/right_2019_03_01_18_29_46_251.jpg, 0, 1, 0, 30.19024
/home/zubin/Desktop/Self-driving-car-simulation/Data/IMG/center_2019_03_01_18_29_46_369.jpg, /home/zubin/Desktop/Self-driving-car-simulation/Data/IMG/left_2019_03_01_18_29_46_369.jpg, /home/zubin/Desktop/Self-driving-car-simulation/Data/IMG/right_2019_03_01_18_29_46_369.jpg, -0.4046338, 1, 0, 30.15484
/home/zubin/Desktop/Self-driving-car-simulation/Data/IMG/center_2019_03_01_18_29_46_469.jpg, /home/zubin/Desktop/Self-driving-car-simulation/Data/IMG/left_2019_03_01_18_29_46_469.jpg, /home/zubin/Desktop/Self-driving-car-simulation/Data/IMG/right_2019_03_01_18_29_46_469.jpg, -0.4931853, 1, 0, 30.15592
/home/zubin/Desktop/Self-driving-car-simulation/Data/IMG/center_2019_03_01_18_29_46_586.jpg, /home/zubin/Desktop/Self-driving-car-simulation/Data/IMG/left_2019_03_01_18_29_46_586.jpg, /home/zubin/Desktop/Self-driving-car-simulation/Data/IMG/right_2019_03_01_18_29_46_586.jpg, -0.1445189, 1, 0, 30.19331
/home/zubin/Desktop/Self-driving-car-simulation/Data/IMG/center_2019_03_01_18_29_46_700.jpg, /home/zubin/Desktop/Self-driving-car-simulation/Data/IMG/left_2019_03_01_18_29_46_700.jpg, /home/zubin/Desktop/Self-driving-car-simulation/Data/IMG/right_2019_03_01_18_29_46_700.jpg, 0, 1, 0, 30.18859
/home/zubin/Desktop/Self-driving-car-simulation/Data/IMG/center_2019_03_01_18_29_46_802.jpg, /home/zubin/Desktop/Self-driving-car-simulation/Data/IMG/left_2019_03_01_18_29_46_802.jpg, /home/zubin/Desktop/Self-driving-car-simulation/Data/IMG/right_2019_03_01_18_29_46_802.jpg, 0, 1, 0, 30.19099
/home/zubin/Desktop/Self-driving-car-simulation/Data/IMG/center_2019_03_01_18_29_46_918.jpg, /home/zubin/Desktop/Self-driving-car-simulation/Data/IMG/left_2019_03_01_18_29_46_918.jpg, /home/zubin/Desktop/Self-driving-car-simulation/Data/IMG/right_2019_03_01_18_29_46_918.jpg, 0, 1, 0, 30.19063
/home/zubin/Desktop/Self-driving-car-simulation/Data/IMG/center_2019_03_01_18_29_47_036.jpg, /home/zubin/Desktop/Self-driving-car-simulation/Data/IMG/left_2019_03_01_18_29_47_036.jpg, /home/zubin/Desktop/Self-driving-car-simulation/Data/IMG/right_2019_03_01_18_29_47_036.jpg, 0, 1, 0, 30.19003
/home/zubin/Desktop/Self-driving-car-simulation/Data/IMG/center_2019_03_01_18_29_47_151.jpg, /home/zubin/Desktop/Self-driving-car-simulation/Data/IMG/left_2019_03_01_18_29_47_151.jpg, /home/zubin/Desktop/Self-driving-car-simulation/Data/IMG/right_2019_03_01_18_29_47_151.jpg, 0, 1, 0, 30.19044
/home/zubin/Desktop/Self-driving-car-simulation/Data/IMG/center_2019_03_01_18_29_47_266.jpg, /home/zubin/Desktop/Self-driving-car-simulation/Data/IMG/left_2019_03_01_18_29_47_266.jpg, /home/zubin/Desktop/Self-driving-car-simulation/Data/IMG/right_2019_03_01_18_29_47_266.jpg, -0.3050315, 1, 0, 30.17004
/home/zubin/Desktop/Self-driving-car-simulation/Data/IMG/center_2019_03_01_18_29_47_367.jpg, /home/zubin/Desktop/Self-driving-car-simulation/Data/IMG/left_2019_03_01_18_29_47_367.jpg, /home/zubin/Desktop/Self-driving-car-simulation/Data/IMG/right_2019_03_01_18_29_47_367.jpg, -0.004296541, 1, 0, 30.18876
/home/zubin/Desktop/Self-driving-car-simulation/Data/IMG/center_2019_03_01_18_29_47_468.jpg, /home/zubin/Desktop/Self-driving-car-simulation/Data/IMG/left_2019_03_01_18_29_47_468.jpg, /home/zubin/Desktop/Self-driving-car-simulation/Data/IMG/right_2019_03_01_18_29_47_468.jpg, 0, 1, 0, 30.18973
/home/zubin/Desktop/Self-driving-car-simulation/Data/IMG/center_2019_03_01_18_29_47_582.jpg, /home/zubin/Desktop/Self-driving-car-simulation/Data/IMG/left_2019_03_01_18_29_47_582.jpg, /home/zubin/Desktop/Self-driving-car-simulation/Data/IMG/right_2019_03_01_18_29_47_582.jpg, 0, 1, 0, 30.18912
/home/zubin/Desktop/Self-driving-car-simulation/Data/IMG/center_2019_03_01_18_29_47_684.jpg, /home/zubin/Desktop/Self-driving-car-simulation/Data/IMG/left_2019_03_01_18_29_47_684.jpg, /home/zubin/Desktop/Self-driving-car-simulation/Data/IMG/right_2019_03_01_18_29_47_684.jpg, 0, 1, 0, 30.19044
/home/zubin/Desktop/Self-driving-car-simulation/Data/IMG/center_2019_03_01_18_29_47_798.jpg, /home/zubin/Desktop/Self-driving-car-simulation/Data/IMG/left_2019_03_01_18_29_47_798.jpg, /home/zubin/Desktop/Self-driving-car-simulation/Data/IMG/right_2019_03_01_18_29_47_798.jpg, -0.2012758, 1, 0, 30.17752
/home/zubin/Desktop/Self-driving-car-simulation/Data/IMG/center_2019_03_01_18_29_47_898.jpg, /home/zubin/Desktop/Self-driving-car-simulation/Data/IMG/left_2019_03_01_18_29_47_898.jpg, /home/zubin/Desktop/Self-driving-car-simulation/Data/IMG/right_2019_03_01_18_29_47_898.jpg, 0, 1, 0, 30.19036
/home/zubin/Desktop/Self-driving-car-simulation/Data/IMG/center_2019_03_01_18_29_48_000.jpg, /home/zubin/Desktop/Self-driving-car-simulation/Data/IMG/left_2019_03_01_18_29_48_000.jpg, /home/zubin/Desktop/Self-driving-car-simulation/Data/IMG/right_2019_03_01_18_29_48_000.jpg, 0, 1, 0, 30.19032
/home/zubin/Desktop/Self-driving-car-simulation/Data/IMG/center_2019_03_01_18_29_48_118.jpg, /home/zubin/Desktop/Self-driving-car-simulation/Data/IMG/left_2019_03_01_18_29_48_118.jpg, /home/zubin/Desktop/Self-driving-car-simulation/Data/IMG/right_2019_03_01_18_29_48_118.jpg, 0, 1, 0, 30.19032
/home/zubin/Desktop/Self-driving-car-simulation/Data/IMG/center_2019_03_01_18_29_48_236.jpg, /home/zubin/Desktop/Self-driving-car-simulation/Data/IMG/left_2019_03_01_18_29_48_236.jpg, /home/zubin/Desktop/Self-driving-car-simulation/Data/IMG/right_2019_03_01_18_29_48_236.jpg, 0, 1, 0, 30.19035
/home/zubin/Desktop/Self-driving-car-simulation/Data/IMG/center_2019_03_01_18_29_48_348.jpg, /home/zubin/Desktop/Self-driving-car-simulation/Data/IMG/left_2019_03_01_18_29_48_348.jpg, /home/zubin/Desktop/Self-driving-car-simulation/Data/IMG/right_2019_03_01_18_29_48_348.jpg, -0.3368247, 1, 0, 30.16344
/home/zubin/Desktop/Self-driving-car-simulation/Data/IMG/center_2019_03_01_18_29_48_449.jpg, /home/zubin/Desktop/Self-driving-car-simulation/Data/IMG/left_2019_03_01_18_29_48_449.jpg, /home/zubin/Desktop/Self-driving-car-simulation/Data/IMG/right_2019_03_01_18_29_48_449.jpg, -0.5270669, 1, 0, 30.14348
/home/zubin/Desktop/Self-driving-car-simulation/Data/IMG/center_2019_03_01_18_29_48_550.jpg, /home/zubin/Desktop/Self-driving-car-simulation/Data/IMG/left_2019_03_01_18_29_48_550.jpg, /home/zubin/Desktop/Self-driving-car-simulation/Data/IMG/right_2019_03_01_18_29_48_550.jpg, -0.2259121, 1, 0, 30.1944
/home/zubin/Desktop/Self-driving-car-simulation/Data/IMG/center_2019_03_01_18_29_48_667.jpg, /home/zubin/Desktop/Self-driving-car-simulation/Data/IMG/left_2019_03_01_18_29_48_667.jpg, /home/zubin/Desktop/Self-driving-car-simulation/Data/IMG/right_2019_03_01_18_29_48_667.jpg, 0, 1, 0, 30.18709
/home/zubin/Desktop/Self-driving-car-simulation/Data/IMG/center_2019_03_01_18_29_48_782.jpg, /home/zubin/Desktop/Self-driving-car-simulation/Data/IMG/left_2019_03_01_18_29_48_782.jpg, /home/zubin/Desktop/Self-driving-car-simulation/Data/IMG/right_2019_03_01_18_29_48_782.jpg, 0, 1, 0, 30.18992
/home/zubin/Desktop/Self-driving-car-simulation/Data/IMG/center_2019_03_01_18_29_48_899.jpg, /home/zubin/Desktop/Self-driving-car-simulation/Data/IMG/left_2019_03_01_18_29_48_899.jpg, /home/zubin/Desktop/Self-driving-car-simulation/Data/IMG/right_2019_03_01_18_29_48_899.jpg, 0, 1, 0, 30.19
/home/zubin/Desktop/Self-driving-car-simulation/Data/IMG/center_2019_03_01_18_29_49_000.jpg, /home/zubin/Desktop/Self-driving-car-simulation/Data/IMG/left_2019_03_01_18_29_49_000.jpg, /home/zubin/Desktop/Self-driving-car-simulation/Data/IMG/right_2019_03_01_18_29_49_000.jpg, 0, 1, 0, 30.19047
/home/zubin/Desktop/Self-driving-car-simulation/Data/IMG/center_2019_03_01_18_29_49_116.jpg, /home/zubin/Desktop/Self-driving-car-simulation/Data/IMG/left_2019_03_01_18_29_49_116.jpg, /home/zubin/Desktop/Self-driving-car-simulation/Data/IMG/right_2019_03_01_18_29_49_116.jpg, -0.157407, 1, 0, 30.1836
/home/zubin/Desktop/Self-driving-car-simulation/Data/IMG/center_2019_03_01_18_29_49_231.jpg, /home/zubin/Desktop/Self-driving-car-simulation/Data/IMG/left_2019_03_01_18_29_49_231.jpg, /home/zubin/Desktop/Self-driving-car-simulation/Data/IMG/right_2019_03_01_18_29_49_231.jpg, -0.3509703, 1, 0, 30.16618
/home/zubin/Desktop/Self-driving-car-simulation/Data/IMG/center_2019_03_01_18_29_49_349.jpg, /home/zubin/Desktop/Self-driving-car-simulation/Data/IMG/left_2019_03_01_18_29_49_349.jpg, /home/zubin/Desktop/Self-driving-car-simulation/Data/IMG/right_2019_03_01_18_29_49_349.jpg, 0, 1, 0, 30.18863
/home/zubin/Desktop/Self-driving-car-simulation/Data/IMG/center_2019_03_01_18_29_49_464.jpg, /home/zubin/Desktop/Self-driving-car-simulation/Data/IMG/left_2019_03_01_18_29_49_464.jpg, /home/zubin/Desktop/Self-driving-car-simulation/Data/IMG/right_2019_03_01_18_29_49_464.jpg, 0, 1, 0, 30.18991
/home/zubin/Desktop/Self-driving-car-simulation/Data/IMG/center_2019_03_01_18_29_49_582.jpg, /home/zubin/Desktop/Self-driving-car-simulation/Data/IMG/left_2019_03_01_18_29_49_582.jpg, /home/zubin/Desktop/Self-driving-car-simulation/Data/IMG/right_2019_03_01_18_29_49_582.jpg, 0, 1, 0, 30.19007
/home/zubin/Desktop/Self-driving-car-simulation/Data/IMG/center_2019_03_01_18_29_49_682.jpg, /home/zubin/Desktop/Self-driving-car-simulation/Data/IMG/left_2019_03_01_18_29_49_682.jpg, /home/zubin/Desktop/Self-driving-car-simulation/Data/IMG/right_2019_03_01_18_29_49_682.jpg, 0, 1, 0, 30.19065
/home/zubin/Desktop/Self-driving-car-simulation/Data/IMG/center_2019_03_01_18_29_49_797.jpg, /home/zubin/Desktop/Self-driving-car-simulation/Data/IMG/left_2019_03_01_18_29_49_797.jpg, /home/zubin/Desktop/Self-driving-car-simulation/Data/IMG/right_2019_03_01_18_29_49_797.jpg, -0.3428943, 1, 0, 30.16272
/home/zubin/Desktop/Self-driving-car-simulation/Data/IMG/center_2019_03_01_18_29_49_915.jpg, /home/zubin/Desktop/Self-driving-car-simulation/Data/IMG/left_2019_03_01_18_29_49_915.jpg, /home/zubin/Desktop/Self-driving-car-simulation/Data/IMG/right_2019_03_01_18_29_49_915.jpg, -0.2676208, 1, 0, 30.18863
/home/zubin/Desktop/Self-driving-car-simulation/Data/IMG/center_2019_03_01_18_29_50_031.jpg, /home/zubin/Desktop/Self-driving-car-simulation/Data/IMG/left_2019_03_01_18_29_50_031.jpg, /home/zubin/Desktop/Self-driving-car-simulation/Data/IMG/right_2019_03_01_18_29_50_031.jpg, 0, 1, 0, 30.18679
/home/zubin/Desktop/Self-driving-car-simulation/Data/IMG/center_2019_03_01_18_29_50_132.jpg, /home/zubin/Desktop/Self-driving-car-simulation/Data/IMG/left_2019_03_01_18_29_50_132.jpg, /home/zubin/Desktop/Self-driving-car-simulation/Data/IMG/right_2019_03_01_18_29_50_132.jpg, 0, 1, 0, 30.18968
/home/zubin/Desktop/Self-driving-car-simulation/Data/IMG/center_2019_03_01_18_29_50_246.jpg, /home/zubin/Desktop/Self-driving-car-simulation/Data/IMG/left_2019_03_01_18_29_50_246.jpg, /home/zubin/Desktop/Self-driving-car-simulation/Data/IMG/right_2019_03_01_18_29_50_246.jpg, -0.04353905, 1, 0, 30.18953
/home/zubin/Desktop/Self-driving-car-simulation/Data/IMG/center_2019_03_01_18_29_50_349.jpg, /home/zubin/Desktop/Self-driving-car-simulation/Data/IMG/left_2019_03_01_18_29_50_349.jpg, /home/zubin/Desktop/Self-driving-car-simulation/Data/IMG/right_2019_03_01_18_29_50_349.jpg, 0, 1, 0, 30.19059
/home/zubin/Desktop/Self-driving-car-simulation/Data/IMG/center_2019_03_01_18_29_50_467.jpg, /home/zubin/Desktop/Self-driving-car-simulation/Data/IMG/left_2019_03_01_18_29_50_467.jpg, /home/zubin/Desktop/Self-driving-car-simulation/Data/IMG/right_2019_03_01_18_29_50_467.jpg, 0, 1, 0, 30.18933
/home/zubin/Desktop/Self-driving-car-simulation/Data/IMG/center_2019_03_01_18_29_50_567.jpg, /home/zubin/Desktop/Self-driving-car-simulation/Data/IMG/left_2019_03_01_18_29_50_567.jpg, /home/zubin/Desktop/Self-driving-car-simulation/Data/IMG/right_2019_03_01_18_29_50_567.jpg, 0, 1, 0, 30.19061
/home/zubin/Desktop/Self-driving-car-simulation/Data/IMG/center_2019_03_01_18_29_50_683.jpg, /home/zubin/Desktop/Self-driving-car-simulation/Data/IMG/left_2019_03_01_18_29_50_683.jpg, /home/zubin/Desktop/Self-driving-car-simulation/Data/IMG/right_2019_03_01_18_29_50_683.jpg, 0, 1, 0, 30.19034
/home/zubin/Desktop/Self-driving-car-simulation/Data/IMG/center_2019_03_01_18_29_50_799.jpg, /home/zubin/Desktop/Self-driving-car-simulation/Data/IMG/left_2019_03_01_18_29_50_799.jpg, /home/zubin/Desktop/Self-driving-car-simulation/Data/IMG/right_2019_03_01_18_29_50_799.jpg, -0.202122, 1, 0, 30.17924
/home/zubin/Desktop/Self-driving-car-simulation/Data/IMG/center_2019_03_01_18_29_50_916.jpg, /home/zubin/Desktop/Self-driving-car-simulation/Data/IMG/left_2019_03_01_18_29_50_916.jpg, /home/zubin/Desktop/Self-driving-car-simulation/Data/IMG/right_2019_03_01_18_29_50_916.jpg, -0.1520755, 1, 0, 30.18905
/home/zubin/Desktop/Self-driving-car-simulation/Data/IMG/center_2019_03_01_18_29_51_032.jpg, /home/zubin/Desktop/Self-driving-car-simulation/Data/IMG/left_2019_03_01_18_29_51_032.jpg, /home/zubin/Desktop/Self-driving-car-simulation/Data/IMG/right_2019_03_01_18_29_51_032.jpg, 0, 1, 0, 30.18968
/home/zubin/Desktop/Self-driving-car-simulation/Data/IMG/center_2019_03_01_18_29_51_148.jpg, /home/zubin/Desktop/Self-driving-car-simulation/Data/IMG/left_2019_03_01_18_29_51_148.jpg, /home/zubin/Desktop/Self-driving-car-simulation/Data/IMG/right_2019_03_01_18_29_51_148.jpg, 0, 1, 0, 30.18972
/home/zubin/Desktop/Self-driving-car-simulation/Data/IMG/center_2019_03_01_18_29_51_249.jpg, /home/zubin/Desktop/Self-driving-car-simulation/Data/IMG/left_2019_03_01_18_29_51_249.jpg, /home/zubin/Desktop/Self-driving-car-simulation/Data/IMG/right_2019_03_01_18_29_51_249.jpg, 0, 1, 0, 30.1906
/home/zubin/Desktop/Self-driving-car-simulation/Data/IMG/center_2019_03_01_18_29_51_362.jpg, /home/zubin/Desktop/Self-driving-car-simulation/Data/IMG/left_2019_03_01_18_29_51_362.jpg, /home/zubin/Desktop/Self-driving-car-simulation/Data/IMG/right_2019_03_01_18_29_51_362.jpg, -0.09606028, 1, 0, 30.18804
/home/zubin/Desktop/Self-driving-car-simulation/Data/IMG/center_2019_03_01_18_29_51_465.jpg, /home/zubin/Desktop/Self-driving-car-simulation/Data/IMG/left_2019_03_01_18_29_51_465.jpg, /home/zubin/Desktop/Self-driving-car-simulation/Data/IMG/right_2019_03_01_18_29_51_465.jpg, -0.2978525, 1, 0, 30.169
/home/zubin/Desktop/Self-driving-car-simulation/Data/IMG/center_2019_03_01_18_29_51_565.jpg, /home/zubin/Desktop/Self-driving-car-simulation/Data/IMG/left_2019_03_01_18_29_51_565.jpg, /home/zubin/Desktop/Self-driving-car-simulation/Data/IMG/right_2019_03_01_18_29_51_565.jpg, 0, 1, 0, 30.18864
/home/zubin/Desktop/Self-driving-car-simulation/Data/IMG/center_2019_03_01_18_29_51_681.jpg, /home/zubin/Desktop/Self-driving-car-simulation/Data/IMG/left_2019_03_01_18_29_51_681.jpg, /home/zubin/Desktop/Self-driving-car-simulation/Data/IMG/right_2019_03_01_18_29_51_681.jpg, 0, 1, 0, 30.19029
/home/zubin/Desktop/Self-driving-car-simulation/Data/IMG/center_2019_03_01_18_29_51_799.jpg, /home/zubin/Desktop/Self-driving-car-simulation/Data/IMG/left_2019_03_01_18_29_51_799.jpg, /home/zubin/Desktop/Self-driving-car-simulation/Data/IMG/right_2019_03_01_18_29_51_799.jpg, 0, 1, 0, 30.18955
/home/zubin/Desktop/Self-driving-car-simulation/Data/IMG/center_2019_03_01_18_29_51_914.jpg, /home/zubin/Desktop/Self-driving-car-simulation/Data/IMG/left_2019_03_01_18_29_51_914.jpg, /home/zubin/Desktop/Self-driving-car-simulation/Data/IMG/right_2019_03_01_18_29_51_914.jpg, 0, 1, 0, 30.1906
/home/zubin/Desktop/Self-driving-car-simulation/Data/IMG/center_2019_03_01_18_29_52_030.jpg, /home/zubin/Desktop/Self-driving-car-simulation/Data/IMG/left_2019_03_01_18_29_52_030.jpg, /home/zubin/Desktop/Self-driving-car-simulation/Data/IMG/right_2019_03_01_18_29_52_030.jpg, -0.05283594, 1, 0, 30.18977
/home/zubin/Desktop/Self-driving-car-simulation/Data/IMG/center_2019_03_01_18_29_52_130.jpg, /home/zubin/Desktop/Self-driving-car-simulation/Data/IMG/left_2019_03_01_18_29_52_130.jpg, /home/zubin/Desktop/Self-driving-car-simulation/Data/IMG/right_2019_03_01_18_29_52_130.jpg, -0.3546116, 1, 0, 30.16178
/home/zubin/Desktop/Self-driving-car-simulation/Data/IMG/center_2019_03_01_18_29_52_247.jpg, /home/zubin/Desktop/Self-driving-car-simulation/Data/IMG/left_2019_03_01_18_29_52_247.jpg, /home/zubin/Desktop/Self-driving-car-simulation/Data/IMG/right_2019_03_01_18_29_52_247.jpg, 0, 1, 0, 30.18918
/home/zubin/Desktop/Self-driving-car-simulation/Data/IMG/center_2019_03_01_18_29_52_364.jpg, /home/zubin/Desktop/Self-driving-car-simulation/Data/IMG/left_2019_03_01_18_29_52_364.jpg, /home/zubin/Desktop/Self-driving-car-simulation/Data/IMG/right_2019_03_01_18_29_52_364.jpg, 0, 1, 0, 30.19038
/home/zubin/Desktop/Self-driving-car-simulation/Data/IMG/center_2019_03_01_18_29_52_480.jpg, /home/zubin/Desktop/Self-driving-car-simulation/Data/IMG/left_2019_03_01_18_29_52_480.jpg, /home/zubin/Desktop/Self-driving-car-simulation/Data/IMG/right_2019_03_01_18_29_52_480.jpg, 0, 1, 0, 30.19031
/home/zubin/Desktop/Self-driving-car-simulation/Data/IMG/center_2019_03_01_18_29_52_597.jpg, /home/zubin/Desktop/Self-driving-car-simulation/Data/IMG/left_2019_03_01_18_29_52_597.jpg, /home/zubin/Desktop/Self-driving-car-simulation/Data/IMG/right_2019_03_01_18_29_52_597.jpg, 0, 1, 0, 30.19049
/home/zubin/Desktop/Self-driving-car-simulation/Data/IMG/center_2019_03_01_18_29_52_715.jpg, /home/zubin/Desktop/Self-driving-car-simulation/Data/IMG/left_2019_03_01_18_29_52_715.jpg, /home/zubin/Desktop/Self-driving-car-simulation/Data/IMG/right_2019_03_01_18_29_52_715.jpg, -0.21327, 1, 0, 30.17849
/home/zubin/Desktop/Self-driving-car-simulation/Data/IMG/center_2019_03_01_18_29_52_829.jpg, /home/zubin/Desktop/Self-driving-car-simulation/Data/IMG/left_2019_03_01_18_29_52_829.jpg, /home/zubin/Desktop/Self-driving-car-simulation/Data/IMG/right_2019_03_01_18_29_52_829.jpg, -0.1082239, 1, 0, 30.1904
/home/zubin/Desktop/Self-driving-car-simulation/Data/IMG/center_2019_03_01_18_29_52_946.jpg, /home/zubin/Desktop/Self-driving-car-simulation/Data/IMG/left_2019_03_01_18_29_52_946.jpg, /home/zubin/Desktop/Self-driving-car-simulation/Data/IMG/right_2019_03_01_18_29_52_946.jpg, 0, 1, 0, 30.19003
/home/zubin/Desktop/Self-driving-car-simulation/Data/IMG/center_2019_03_01_18_29_53_050.jpg, /home/zubin/Desktop/Self-driving-car-simulation/Data/IMG/left_2019_03_01_18_29_53_050.jpg, /home/zubin/Desktop/Self-driving-car-simulation/Data/IMG/right_2019_03_01_18_29_53_050.jpg, 0, 1, 0, 30.18945
/home/zubin/Desktop/Self-driving-car-simulation/Data/IMG/center_2019_03_01_18_29_53_164.jpg, /home/zubin/Desktop/Self-driving-car-simulation/Data/IMG/left_2019_03_01_18_29_53_164.jpg, /home/zubin/Desktop/Self-driving-car-simulation/Data/IMG/right_2019_03_01_18_29_53_164.jpg, 0, 1, 0, 30.19056
/home/zubin/Desktop/Self-driving-car-simulation/Data/IMG/center_2019_03_01_18_29_53_281.jpg, /home/zubin/Desktop/Self-driving-car-simulation/Data/IMG/left_2019_03_01_18_29_53_281.jpg, /home/zubin/Desktop/Self-driving-car-simulation/Data/IMG/right_2019_03_01_18_29_53_281.jpg, 0, 1, 0, 30.1909
/home/zubin/Desktop/Self-driving-car-simulation/Data/IMG/center_2019_03_01_18_29_53_396.jpg, /home/zubin/Desktop/Self-driving-car-simulation/Data/IMG/left_2019_03_01_18_29_53_396.jpg, /home/zubin/Desktop/Self-driving-car-simulation/Data/IMG/right_2019_03_01_18_29_53_396.jpg, 0, 1, 0, 30.19021
/home/zubin/Desktop/Self-driving-car-simulation/Data/IMG/center_2019_03_01_18_29_53_514.jpg, /home/zubin/Desktop/Self-driving-car-simulation/Data/IMG/left_2019_03_01_18_29_53_514.jpg, /home/zubin/Desktop/Self-driving-car-simulation/Data/IMG/right_2019_03_01_18_29_53_514.jpg, 0, 1, 0, 30.19025
/home/zubin/Desktop/Self-driving-car-simulation/Data/IMG/center_2019_03_01_18_29_53_628.jpg, /home/zubin/Desktop/Self-driving-car-simulation/Data/IMG/left_2019_03_01_18_29_53_628.jpg, /home/zubin/Desktop/Self-driving-car-simulation/Data/IMG/right_2019_03_01_18_29_53_628.jpg, 0, 1, 0, 30.19028
/home/zubin/Desktop/Self-driving-car-simulation/Data/IMG/center_2019_03_01_18_29_53_747.jpg, /home/zubin/Desktop/Self-driving-car-simulation/Data/IMG/left_2019_03_01_18_29_53_747.jpg, /home/zubin/Desktop/Self-driving-car-simulation/Data/IMG/right_2019_03_01_18_29_53_747.jpg, 0, 1, 0, 30.19025
/home/zubin/Desktop/Self-driving-car-simulation/Data/IMG/center_2019_03_01_18_29_53_862.jpg, /home/zubin/Desktop/Self-driving-car-simulation/Data/IMG/left_2019_03_01_18_29_53_862.jpg, /home/zubin/Desktop/Self-driving-car-simulation/Data/IMG/right_2019_03_01_18_29_53_862.jpg, 0, 1, 0, 30.19028
/home/zubin/Desktop/Self-driving-car-simulation/Data/IMG/center_2019_03_01_18_29_53_980.jpg, /home/zubin/Desktop/Self-driving-car-simulation/Data/IMG/left_2019_03_01_18_29_53_980.jpg, /home/zubin/Desktop/Self-driving-car-simulation/Data/IMG/right_2019_03_01_18_29_53_980.jpg, -0.1030798, 1, 0, 30.18755
/home/zubin/Desktop/Self-driving-car-simulation/Data/IMG/center_2019_03_01_18_29_54_096.jpg, /home/zubin/Desktop/Self-driving-car-simulation/Data/IMG/left_2019_03_01_18_29_54_096.jpg, /home/zubin/Desktop/Self-driving-car-simulation/Data/IMG/right_2019_03_01_18_29_54_096.jpg, -0.1447527, 1, 0, 30.18858
/home/zubin/Desktop/Self-driving-car-simulation/Data/IMG/center_2019_03_01_18_29_54_213.jpg, /home/zubin/Desktop/Self-driving-car-simulation/Data/IMG/left_2019_03_01_18_29_54_213.jpg, /home/zubin/Desktop/Self-driving-car-simulation/Data/IMG/right_2019_03_01_18_29_54_213.jpg, 0, 1, 0, 30.18967
/home/zubin/Desktop/Self-driving-car-simulation/Data/IMG/center_2019_03_01_18_29_54_328.jpg, /home/zubin/Desktop/Self-driving-car-simulation/Data/IMG/left_2019_03_01_18_29_54_328.jpg, /home/zubin/Desktop/Self-driving-car-simulation/Data/IMG/right_2019_03_01_18_29_54_328.jpg, 0, 1, 0, 30.19026
/home/zubin/Desktop/Self-driving-car-simulation/Data/IMG/center_2019_03_01_18_29_54_445.jpg, /home/zubin/Desktop/Self-driving-car-simulation/Data/IMG/left_2019_03_01_18_29_54_445.jpg, /home/zubin/Desktop/Self-driving-car-simulation/Data/IMG/right_2019_03_01_18_29_54_445.jpg, 0, 1, 0, 30.1903
/home/zubin/Desktop/Self-driving-car-simulation/Data/IMG/center_2019_03_01_18_29_54_563.jpg, /home/zubin/Desktop/Self-driving-car-simulation/Data/IMG/left_2019_03_01_18_29_54_563.jpg, /home/zubin/Desktop/Self-driving-car-simulation/Data/IMG/right_2019_03_01_18_29_54_563.jpg, -0.3539665, 1, 0, 30.16207
/home/zubin/Desktop/Self-driving-car-simulation/Data/IMG/center_2019_03_01_18_29_54_677.jpg, /home/zubin/Desktop/Self-driving-car-simulation/Data/IMG/left_2019_03_01_18_29_54_677.jpg, /home/zubin/Desktop/Self-driving-car-simulation/Data/IMG/right_2019_03_01_18_29_54_677.jpg, -0.01109648, 1, 0, 30.18941
/home/zubin/Desktop/Self-driving-car-simulation/Data/IMG/center_2019_03_01_18_29_54_795.jpg, /home/zubin/Desktop/Self-driving-car-simulation/Data/IMG/left_2019_03_01_18_29_54_795.jpg, /home/zubin/Desktop/Self-driving-car-simulation/Data/IMG/right_2019_03_01_18_29_54_795.jpg, 0, 1, 0, 30.19012
/home/zubin/Desktop/Self-driving-car-simulation/Data/IMG/center_2019_03_01_18_29_54_908.jpg, /home/zubin/Desktop/Self-driving-car-simulation/Data/IMG/left_2019_03_01_18_29_54_908.jpg, /home/zubin/Desktop/Self-driving-car-simulation/Data/IMG/right_2019_03_01_18_29_54_908.jpg, 0, 1, 0, 30.19025
/home/zubin/Desktop/Self-driving-car-simulation/Data/IMG/center_2019_03_01_18_29_55_010.jpg, /home/zubin/Desktop/Self-driving-car-simulation/Data/IMG/left_2019_03_01_18_29_55_010.jpg, /home/zubin/Desktop/Self-driving-car-simulation/Data/IMG/right_2019_03_01_18_29_55_010.jpg, 0, 1, 0, 30.19028
/home/zubin/Desktop/Self-driving-car-simulation/Data/IMG/center_2019_03_01_18_29_55_126.jpg, /home/zubin/Desktop/Self-driving-car-simulation/Data/IMG/left_2019_03_01_18_29_55_126.jpg, /home/zubin/Desktop/Self-driving-car-simulation/Data/IMG/right_2019_03_01_18_29_55_126.jpg, -0.2037749, 1, 0, 30.17842
/home/zubin/Desktop/Self-driving-car-simulation/Data/IMG/center_2019_03_01_18_29_55_227.jpg, /home/zubin/Desktop/Self-driving-car-simulation/Data/IMG/left_2019_03_01_18_29_55_227.jpg, /home/zubin/Desktop/Self-driving-car-simulation/Data/IMG/right_2019_03_01_18_29_55_227.jpg, -0.2113917, 1, 0, 30.18824
/home/zubin/Desktop/Self-driving-car-simulation/Data/IMG/center_2019_03_01_18_29_55_345.jpg, /home/zubin/Desktop/Self-driving-car-simulation/Data/IMG/left_2019_03_01_18_29_55_345.jpg, /home/zubin/Desktop/Self-driving-car-simulation/Data/IMG/right_2019_03_01_18_29_55_345.jpg, 0, 1, 0, 30.18943
/home/zubin/Desktop/Self-driving-car-simulation/Data/IMG/center_2019_03_01_18_29_55_460.jpg, /home/zubin/Desktop/Self-driving-car-simulation/Data/IMG/left_2019_03_01_18_29_55_460.jpg, /home/zubin/Desktop/Self-driving-car-simulation/Data/IMG/right_2019_03_01_18_29_55_460.jpg, 0, 1, 0, 30.19013
/home/zubin/Desktop/Self-driving-car-simulation/Data/IMG/center_2019_03_01_18_29_55_577.jpg, /home/zubin/Desktop/Self-driving-car-simulation/Data/IMG/left_2019_03_01_18_29_55_577.jpg, /home/zubin/Desktop/Self-driving-car-simulation/Data/IMG/right_2019_03_01_18_29_55_577.jpg, 0, 1, 0, 30.19028
/home/zubin/Desktop/Self-driving-car-simulation/Data/IMG/center_2019_03_01_18_29_55_693.jpg, /home/zubin/Desktop/Self-driving-car-simulation/Data/IMG/left_2019_03_01_18_29_55_693.jpg, /home/zubin/Desktop/Self-driving-car-simulation/Data/IMG/right_2019_03_01_18_29_55_693.jpg, 0, 1, 0, 30.19028
/home/zubin/Desktop/Self-driving-car-simulation/Data/IMG/center_2019_03_01_18_29_55_807.jpg, /home/zubin/Desktop/Self-driving-car-simulation/Data/IMG/left_2019_03_01_18_29_55_807.jpg, /home/zubin/Desktop/Self-driving-car-simulation/Data/IMG/right_2019_03_01_18_29_55_807.jpg, 0, 1, 0, 30.19029
/home/zubin/Desktop/Self-driving-car-simulation/Data/IMG/center_2019_03_01_18_29_55_910.jpg, /home/zubin/Desktop/Self-driving-car-simulation/Data/IMG/left_2019_03_01_18_29_55_910.jpg, /home/zubin/Desktop/Self-driving-car-simulation/Data/IMG/right_2019_03_01_18_29_55_910.jpg, 0, 1, 0, 30.18978
/home/zubin/Desktop/Self-driving-car-simulation/Data/IMG/center_2019_03_01_18_29_56_027.jpg, /home/zubin/Desktop/Self-driving-car-simulation/Data/IMG/left_2019_03_01_18_29_56_027.jpg, /home/zubin/Desktop/Self-driving-car-simulation/Data/IMG/right_2019_03_01_18_29_56_027.jpg, 0, 1, 0, 30.19013
/home/zubin/Desktop/Self-driving-car-simulation/Data/IMG/center_2019_03_01_18_29_56_143.jpg, /home/zubin/Desktop/Self-driving-car-simulation/Data/IMG/left_2019_03_01_18_29_56_143.jpg, /home/zubin/Desktop/Self-driving-car-simulation/Data/IMG/right_2019_03_01_18_29_56_143.jpg, 0.1551125, 1, 0, 30.18425
/home/zubin/Desktop/Self-driving-car-simulation/Data/IMG/center_2019_03_01_18_29_56_258.jpg, /home/zubin/Desktop/Self-driving-car-simulation/Data/IMG/left_2019_03_01_18_29_56_258.jpg, /home/zubin/Desktop/Self-driving-car-simulation/Data/IMG/right_2019_03_01_18_29_56_258.jpg, 0.3119516, 1, 0, 30.17801
/home/zubin/Desktop/Self-driving-car-simulation/Data/IMG/center_2019_03_01_18_29_56_377.jpg, /home/zubin/Desktop/Self-driving-car-simulation/Data/IMG/left_2019_03_01_18_29_56_377.jpg, /home/zubin/Desktop/Self-driving-car-simulation/Data/IMG/right_2019_03_01_18_29_56_377.jpg, 0, 1, 0, 30.18785
/home/zubin/Desktop/Self-driving-car-simulation/Data/IMG/center_2019_03_01_18_29_56_492.jpg, /home/zubin/Desktop/Self-driving-car-simulation/Data/IMG/left_2019_03_01_18_29_56_492.jpg, /home/zubin/Desktop/Self-driving-car-simulation/Data/IMG/right_2019_03_01_18_29_56_492.jpg, 0, 1, 0, 30.19096
/home/zubin/Desktop/Self-driving-car-simulation/Data/IMG/center_2019_03_01_18_29_56_592.jpg, /home/zubin/Desktop/Self-driving-car-simulation/Data/IMG/left_2019_03_01_18_29_56_592.jpg, /home/zubin/Desktop/Self-driving-car-simulation/Data/IMG/right_2019_03_01_18_29_56_592.jpg, 0, 1, 0, 30.19038
/home/zubin/Desktop/Self-driving-car-simulation/Data/IMG/center_2019_03_01_18_29_56_706.jpg, /home/zubin/Desktop/Self-driving-car-simulation/Data/IMG/left_2019_03_01_18_29_56_706.jpg, /home/zubin/Desktop/Self-driving-car-simulation/Data/IMG/right_2019_03_01_18_29_56_706.jpg, -0.2508423, 1, 0, 30.17397
/home/zubin/Desktop/Self-driving-car-simulation/Data/IMG/center_2019_03_01_18_29_56_809.jpg, /home/zubin/Desktop/Self-driving-car-simulation/Data/IMG/left_2019_03_01_18_29_56_809.jpg, /home/zubin/Desktop/Self-driving-car-simulation/Data/IMG/right_2019_03_01_18_29_56_809.jpg, 0, 1, 0, 30.18937
/home/zubin/Desktop/Self-driving-car-simulation/Data/IMG/center_2019_03_01_18_29_56_926.jpg, /home/zubin/Desktop/Self-driving-car-simulation/Data/IMG/left_2019_03_01_18_29_56_926.jpg, /home/zubin/Desktop/Self-driving-car-simulation/Data/IMG/right_2019_03_01_18_29_56_926.jpg, 0, 1, 0, 30.19016
/home/zubin/Desktop/Self-driving-car-simulation/Data/IMG/center_2019_03_01_18_29_57_038.jpg, /home/zubin/Desktop/Self-driving-car-simulation/Data/IMG/left_2019_03_01_18_29_57_038.jpg, /home/zubin/Desktop/Self-driving-car-simulation/Data/IMG/right_2019_03_01_18_29_57_038.jpg, 0, 1, 0, 30.19029
/home/zubin/Desktop/Self-driving-car-simulation/Data/IMG/center_2019_03_01_18_29_57_141.jpg, /home/zubin/Desktop/Self-driving-car-simulation/Data/IMG/left_2019_03_01_18_29_57_141.jpg, /home/zubin/Desktop/Self-driving-car-simulation/Data/IMG/right_2019_03_01_18_29_57_141.jpg, 0, 1, 0, 30.1903
/home/zubin/Desktop/Self-driving-car-simulation/Data/IMG/center_2019_03_01_18_29_57_259.jpg, /home/zubin/Desktop/Self-driving-car-simulation/Data/IMG/left_2019_03_01_18_29_57_259.jpg, /home/zubin/Desktop/Self-driving-car-simulation/Data/IMG/right_2019_03_01_18_29_57_259.jpg, 0, 1, 0, 30.1903
/home/zubin/Desktop/Self-driving-car-simulation/Data/IMG/center_2019_03_01_18_29_57_375.jpg, /home/zubin/Desktop/Self-driving-car-simulation/Data/IMG/left_2019_03_01_18_29_57_375.jpg, /home/zubin/Desktop/Self-driving-car-simulation/Data/IMG/right_2019_03_01_18_29_57_375.jpg, 0, 1, 0, 30.19029
/home/zubin/Desktop/Self-driving-car-simulation/Data/IMG/center_2019_03_01_18_29_57_490.jpg, /home/zubin/Desktop/Self-driving-car-simulation/Data/IMG/left_2019_03_01_18_29_57_490.jpg, /home/zubin/Desktop/Self-driving-car-simulation/Data/IMG/right_2019_03_01_18_29_57_490.jpg, -0.2037807, 1, 0, 30.17965
/home/zubin/Desktop/Self-driving-car-simulation/Data/IMG/center_2019_03_01_18_29_57_592.jpg, /home/zubin/Desktop/Self-driving-car-simulation/Data/IMG/left_2019_03_01_18_29_57_592.jpg, /home/zubin/Desktop/Self-driving-car-simulation/Data/IMG/right_2019_03_01_18_29_57_592.jpg, 0, 1, 0, 30.18977
/home/zubin/Desktop/Self-driving-car-simulation/Data/IMG/center_2019_03_01_18_29_57_705.jpg, /home/zubin/Desktop/Self-driving-car-simulation/Data/IMG/left_2019_03_01_18_29_57_705.jpg, /home/zubin/Desktop/Self-driving-car-simulation/Data/IMG/right_2019_03_01_18_29_57_705.jpg, 0, 1, 0, 30.19027
/home/zubin/Desktop/Self-driving-car-simulation/Data/IMG/center_2019_03_01_18_29_57_805.jpg, /home/zubin/Desktop/Self-driving-car-simulation/Data/IMG/left_2019_03_01_18_29_57_805.jpg, /home/zubin/Desktop/Self-driving-car-simulation/Data/IMG/right_2019_03_01_18_29_57_805.jpg, 0, 1, 0, 30.1903
/home/zubin/Desktop/Self-driving-car-simulation/Data/IMG/center_2019_03_01_18_29_57_907.jpg, /home/zubin/Desktop/Self-driving-car-simulation/Data/IMG/left_2019_03_01_18_29_57_907.jpg, /home/zubin/Desktop/Self-driving-car-simulation/Data/IMG/right_2019_03_01_18_29_57_907.jpg, 0, 1, 0, 30.19032
/home/zubin/Desktop/Self-driving-car-simulation/Data/IMG/center_2019_03_01_18_29_58_007.jpg, /home/zubin/Desktop/Self-driving-car-simulation/Data/IMG/left_2019_03_01_18_29_58_007.jpg, /home/zubin/Desktop/Self-driving-car-simulation/Data/IMG/right_2019_03_01_18_29_58_007.jpg, -0.3011434, 1, 0, 30.16857
/home/zubin/Desktop/Self-driving-car-simulation/Data/IMG/center_2019_03_01_18_29_58_109.jpg, /home/zubin/Desktop/Self-driving-car-simulation/Data/IMG/left_2019_03_01_18_29_58_109.jpg, /home/zubin/Desktop/Self-driving-car-simulation/Data/IMG/right_2019_03_01_18_29_58_109.jpg, 0, 1, 0, 30.18922
/home/zubin/Desktop/Self-driving-car-simulation/Data/IMG/center_2019_03_01_18_29_58_222.jpg, /home/zubin/Desktop/Self-driving-car-simulation/Data/IMG/left_2019_03_01_18_29_58_222.jpg, /home/zubin/Desktop/Self-driving-car-simulation/Data/IMG/right_2019_03_01_18_29_58_222.jpg, 0, 1, 0, 30.19016
/home/zubin/Desktop/Self-driving-car-simulation/Data/IMG/center_2019_03_01_18_29_58_323.jpg, /home/zubin/Desktop/Self-driving-car-simulation/Data/IMG/left_2019_03_01_18_29_58_323.jpg, /home/zubin/Desktop/Self-driving-car-simulation/Data/IMG/right_2019_03_01_18_29_58_323.jpg, 0, 1, 0, 30.19027
/home/zubin/Desktop/Self-driving-car-simulation/Data/IMG/center_2019_03_01_18_29_58_441.jpg, /home/zubin/Desktop/Self-driving-car-simulation/Data/IMG/left_2019_03_01_18_29_58_441.jpg, /home/zubin/Desktop/Self-driving-car-simulation/Data/IMG/right_2019_03_01_18_29_58_441.jpg, 0, 1, 0, 30.19028
/home/zubin/Desktop/Self-driving-car-simulation/Data/IMG/center_2019_03_01_18_29_58_542.jpg, /home/zubin/Desktop/Self-driving-car-simulation/Data/IMG/left_2019_03_01_18_29_58_542.jpg, /home/zubin/Desktop/Self-driving-car-simulation/Data/IMG/right_2019_03_01_18_29_58_542.jpg, 0, 1, 0, 30.19031
/home/zubin/Desktop/Self-driving-car-simulation/Data/IMG/center_2019_03_01_18_29_58_657.jpg, /home/zubin/Desktop/Self-driving-car-simulation/Data/IMG/left_2019_03_01_18_29_58_657.jpg, /home/zubin/Desktop/Self-driving-car-simulation/Data/IMG/right_2019_03_01_18_29_58_657.jpg, -0.04287314, 1, 0, 30.18988
/home/zubin/Desktop/Self-driving-car-simulation/Data/IMG/center_2019_03_01_18_29_58_775.jpg, /home/zubin/Desktop/Self-driving-car-simulation/Data/IMG/left_2019_03_01_18_29_58_775.jpg, /home/zubin/Desktop/Self-driving-car-simulation/Data/IMG/right_2019_03_01_18_29_58_775.jpg, 0, 1, 0, 30.31106
/home/zubin/Desktop/Self-driving-car-simulation/Data/IMG/center_2019_03_01_18_29_58_890.jpg, /home/zubin/Desktop/Self-driving-car-simulation/Data/IMG/left_2019_03_01_18_29_58_890.jpg, /home/zubin/Desktop/Self-driving-car-simulation/Data/IMG/right_2019_03_01_18_29_58_890.jpg, 0, 1, 0, 30.17281
/home/zubin/Desktop/Self-driving-car-simulation/Data/IMG/center_2019_03_01_18_29_59_008.jpg, /home/zubin/Desktop/Self-driving-car-simulation/Data/IMG/left_2019_03_01_18_29_59_008.jpg, /home/zubin/Desktop/Self-driving-car-simulation/Data/IMG/right_2019_03_01_18_29_59_008.jpg, 0, 1, 0, 30.15951
/home/zubin/Desktop/Self-driving-car-simulation/Data/IMG/center_2019_03_01_18_29_59_124.jpg, /home/zubin/Desktop/Self-driving-car-simulation/Data/IMG/left_2019_03_01_18_29_59_124.jpg, /home/zubin/Desktop/Self-driving-car-simulation/Data/IMG/right_2019_03_01_18_29_59_124.jpg, 0, 1, 0, 30.18909
/home/zubin/Desktop/Self-driving-car-simulation/Data/IMG/center_2019_03_01_18_29_59_243.jpg, /home/zubin/Desktop/Self-driving-car-simulation/Data/IMG/left_2019_03_01_18_29_59_243.jpg, /home/zubin/Desktop/Self-driving-car-simulation/Data/IMG/right_2019_03_01_18_29_59_243.jpg, 0, 1, 0, 30.18952
/home/zubin/Desktop/Self-driving-car-simulation/Data/IMG/center_2019_03_01_18_29_59_358.jpg, /home/zubin/Desktop/Self-driving-car-simulation/Data/IMG/left_2019_03_01_18_29_59_358.jpg, /home/zubin/Desktop/Self-driving-car-simulation/Data/IMG/right_2019_03_01_18_29_59_358.jpg, -0.09868169, 1, 0, 30.18738
/home/zubin/Desktop/Self-driving-car-simulation/Data/IMG/center_2019_03_01_18_29_59_474.jpg, /home/zubin/Desktop/Self-driving-car-simulation/Data/IMG/left_2019_03_01_18_29_59_474.jpg, /home/zubin/Desktop/Self-driving-car-simulation/Data/IMG/right_2019_03_01_18_29_59_474.jpg, -0.06304193, 1, 0, 30.19007
/home/zubin/Desktop/Self-driving-car-simulation/Data/IMG/center_2019_03_01_18_29_59_590.jpg, /home/zubin/Desktop/Self-driving-car-simulation/Data/IMG/left_2019_03_01_18_29_59_590.jpg, /home/zubin/Desktop/Self-driving-car-simulation/Data/IMG/right_2019_03_01_18_29_59_590.jpg, 0, 1, 0, 30.18967
/home/zubin/Desktop/Self-driving-car-simulation/Data/IMG/center_2019_03_01_18_29_59_708.jpg, /home/zubin/Desktop/Self-driving-car-simulation/Data/IMG/left_2019_03_01_18_29_59_708.jpg, /home/zubin/Desktop/Self-driving-car-simulation/Data/IMG/right_2019_03_01_18_29_59_708.jpg, 0, 1, 0, 30.18989
/home/zubin/Desktop/Self-driving-car-simulation/Data/IMG/center_2019_03_01_18_29_59_824.jpg, /home/zubin/Desktop/Self-driving-car-simulation/Data/IMG/left_2019_03_01_18_29_59_824.jpg, /home/zubin/Desktop/Self-driving-car-simulation/Data/IMG/right_2019_03_01_18_29_59_824.jpg, 0, 1, 0, 30.18996
/home/zubin/Desktop/Self-driving-car-simulation/Data/IMG/center_2019_03_01_18_29_59_924.jpg, /home/zubin/Desktop/Self-driving-car-simulation/Data/IMG/left_2019_03_01_18_29_59_924.jpg, /home/zubin/Desktop/Self-driving-car-simulation/Data/IMG/right_2019_03_01_18_29_59_924.jpg, 0, 1, 0, 30.18994
/home/zubin/Desktop/Self-driving-car-simulation/Data/IMG/center_2019_03_01_18_30_00_041.jpg, /home/zubin/Desktop/Self-driving-car-simulation/Data/IMG/left_2019_03_01_18_30_00_041.jpg, /home/zubin/Desktop/Self-driving-car-simulation/Data/IMG/right_2019_03_01_18_30_00_041.jpg, 0, 1, 0, 30.18993
/home/zubin/Desktop/Self-driving-car-simulation/Data/IMG/center_2019_03_01_18_30_00_144.jpg, /home/zubin/Desktop/Self-driving-car-simulation/Data/IMG/left_2019_03_01_18_30_00_144.jpg, /home/zubin/Desktop/Self-driving-car-simulation/Data/IMG/right_2019_03_01_18_30_00_144.jpg, 0, 1, 0, 30.18996
/home/zubin/Desktop/Self-driving-car-simulation/Data/IMG/center_2019_03_01_18_30_00_256.jpg, /home/zubin/Desktop/Self-driving-car-simulation/Data/IMG/left_2019_03_01_18_30_00_256.jpg, /home/zubin/Desktop/Self-driving-car-simulation/Data/IMG/right_2019_03_01_18_30_00_256.jpg, 0, 1, 0, 30.18994
/home/zubin/Desktop/Self-driving-car-simulation/Data/IMG/center_2019_03_01_18_30_00_356.jpg, /home/zubin/Desktop/Self-driving-car-simulation/Data/IMG/left_2019_03_01_18_30_00_356.jpg, /home/zubin/Desktop/Self-driving-car-simulation/Data/IMG/right_2019_03_01_18_30_00_356.jpg, 0, 1, 0, 30.18997
/home/zubin/Desktop/Self-driving-car-simulation/Data/IMG/center_2019_03_01_18_30_00_457.jpg, /home/zubin/Desktop/Self-driving-car-simulation/Data/IMG/left_2019_03_01_18_30_00_457.jpg, /home/zubin/Desktop/Self-driving-car-simulation/Data/IMG/right_2019_03_01_18_30_00_457.jpg, 0, 1, 0, 30.18997
/home/zubin/Desktop/Self-driving-car-simulation/Data/IMG/center_2019_03_01_18_30_00_576.jpg, /home/zubin/Desktop/Self-driving-car-simulation/Data/IMG/left_2019_03_01_18_30_00_576.jpg, /home/zubin/Desktop/Self-driving-car-simulation/Data/IMG/right_2019_03_01_18_30_00_576.jpg, 0, 1, 0, 30.18996
/home/zubin/Desktop/Self-driving-car-simulation/Data/IMG/center_2019_03_01_18_30_00_689.jpg, /home/zubin/Desktop/Self-driving-car-simulation/Data/IMG/left_2019_03_01_18_30_00_689.jpg, /home/zubin/Desktop/Self-driving-car-simulation/Data/IMG/right_2019_03_01_18_30_00_689.jpg, 0, 1, 0, 30.18995
/home/zubin/Desktop/Self-driving-car-simulation/Data/IMG/center_2019_03_01_18_30_00_789.jpg, /home/zubin/Desktop/Self-driving-car-simulation/Data/IMG/left_2019_03_01_18_30_00_789.jpg, /home/zubin/Desktop/Self-driving-car-simulation/Data/IMG/right_2019_03_01_18_30_00_789.jpg, 0, 1, 0, 30.18994
/home/zubin/Desktop/Self-driving-car-simulation/Data/IMG/center_2019_03_01_18_30_00_891.jpg, /home/zubin/Desktop/Self-driving-car-simulation/Data/IMG/left_2019_03_01_18_30_00_891.jpg, /home/zubin/Desktop/Self-driving-car-simulation/Data/IMG/right_2019_03_01_18_30_00_891.jpg, 0, 1, 0, 30.18993
/home/zubin/Desktop/Self-driving-car-simulation/Data/IMG/center_2019_03_01_18_30_01_007.jpg, /home/zubin/Desktop/Self-driving-car-simulation/Data/IMG/left_2019_03_01_18_30_01_007.jpg, /home/zubin/Desktop/Self-driving-car-simulation/Data/IMG/right_2019_03_01_18_30_01_007.jpg, 0, 1, 0, 30.18993
/home/zubin/Desktop/Self-driving-car-simulation/Data/IMG/center_2019_03_01_18_30_01_123.jpg, /home/zubin/Desktop/Self-driving-car-simulation/Data/IMG/left_2019_03_01_18_30_01_123.jpg, /home/zubin/Desktop/Self-driving-car-simulation/Data/IMG/right_2019_03_01_18_30_01_123.jpg, 0, 1, 0, 30.18998
/home/zubin/Desktop/Self-driving-car-simulation/Data/IMG/center_2019_03_01_18_30_01_225.jpg, /home/zubin/Desktop/Self-driving-car-simulation/Data/IMG/left_2019_03_01_18_30_01_225.jpg, /home/zubin/Desktop/Self-driving-car-simulation/Data/IMG/right_2019_03_01_18_30_01_225.jpg, 0, 1, 0, 30.18996
/home/zubin/Desktop/Self-driving-car-simulation/Data/IMG/center_2019_03_01_18_30_01_340.jpg, /home/zubin/Desktop/Self-driving-car-simulation/Data/IMG/left_2019_03_01_18_30_01_340.jpg, /home/zubin/Desktop/Self-driving-car-simulation/Data/IMG/right_2019_03_01_18_30_01_340.jpg, 0, 1, 0, 30.18999
/home/zubin/Desktop/Self-driving-car-simulation/Data/IMG/center_2019_03_01_18_30_01_441.jpg, /home/zubin/Desktop/Self-driving-car-simulation/Data/IMG/left_2019_03_01_18_30_01_441.jpg, /home/zubin/Desktop/Self-driving-car-simulation/Data/IMG/right_2019_03_01_18_30_01_441.jpg, 0, 1, 0, 30.18995
/home/zubin/Desktop/Self-driving-car-simulation/Data/IMG/center_2019_03_01_18_30_01_556.jpg, /home/zubin/Desktop/Self-driving-car-simulation/Data/IMG/left_2019_03_01_18_30_01_556.jpg, /home/zubin/Desktop/Self-driving-car-simulation/Data/IMG/right_2019_03_01_18_30_01_556.jpg, 0, 1, 0, 30.18996
/home/zubin/Desktop/Self-driving-car-simulation/Data/IMG/center_2019_03_01_18_30_01_672.jpg, /home/zubin/Desktop/Self-driving-car-simulation/Data/IMG/left_2019_03_01_18_30_01_672.jpg, /home/zubin/Desktop/Self-driving-car-simulation/Data/IMG/right_2019_03_01_18_30_01_672.jpg, 0, 1, 0, 30.18997
/home/zubin/Desktop/Self-driving-car-simulation/Data/IMG/center_2019_03_01_18_30_01_772.jpg, /home/zubin/Desktop/Self-driving-car-simulation/Data/IMG/left_2019_03_01_18_30_01_772.jpg, /home/zubin/Desktop/Self-driving-car-simulation/Data/IMG/right_2019_03_01_18_30_01_772.jpg, 0, 1, 0, 30.18993
/home/zubin/Desktop/Self-driving-car-simulation/Data/IMG/center_2019_03_01_18_30_01_889.jpg, /home/zubin/Desktop/Self-driving-car-simulation/Data/IMG/left_2019_03_01_18_30_01_889.jpg, /home/zubin/Desktop/Self-driving-car-simulation/Data/IMG/right_2019_03_01_18_30_01_889.jpg, 0, 1, 0, 30.18998
/home/zubin/Desktop/Self-driving-car-simulation/Data/IMG/center_2019_03_01_18_30_01_989.jpg, /home/zubin/Desktop/Self-driving-car-simulation/Data/IMG/left_2019_03_01_18_30_01_989.jpg, /home/zubin/Desktop/Self-driving-car-simulation/Data/IMG/right_2019_03_01_18_30_01_989.jpg, 0, 1, 0, 30.18995
/home/zubin/Desktop/Self-driving-car-simulation/Data/IMG/center_2019_03_01_18_30_02_104.jpg, /home/zubin/Desktop/Self-driving-car-simulation/Data/IMG/left_2019_03_01_18_30_02_104.jpg, /home/zubin/Desktop/Self-driving-car-simulation/Data/IMG/right_2019_03_01_18_30_02_104.jpg, 0, 1, 0, 30.18995
/home/zubin/Desktop/Self-driving-car-simulation/Data/IMG/center_2019_03_01_18_30_02_205.jpg, /home/zubin/Desktop/Self-driving-car-simulation/Data/IMG/left_2019_03_01_18_30_02_205.jpg, /home/zubin/Desktop/Self-driving-car-simulation/Data/IMG/right_2019_03_01_18_30_02_205.jpg, 0, 1, 0, 30.18997
/home/zubin/Desktop/Self-driving-car-simulation/Data/IMG/center_2019_03_01_18_30_02_320.jpg, /home/zubin/Desktop/Self-driving-car-simulation/Data/IMG/left_2019_03_01_18_30_02_320.jpg, /home/zubin/Desktop/Self-driving-car-simulation/Data/IMG/right_2019_03_01_18_30_02_320.jpg, 0, 1, 0, 30.18995
/home/zubin/Desktop/Self-driving-car-simulation/Data/IMG/center_2019_03_01_18_30_02_424.jpg, /home/zubin/Desktop/Self-driving-car-simulation/Data/IMG/left_2019_03_01_18_30_02_424.jpg, /home/zubin/Desktop/Self-driving-car-simulation/Data/IMG/right_2019_03_01_18_30_02_424.jpg, 0, 1, 0, 30.18998
/home/zubin/Desktop/Self-driving-car-simulation/Data/IMG/center_2019_03_01_18_30_02_537.jpg, /home/zubin/Desktop/Self-driving-car-simulation/Data/IMG/left_2019_03_01_18_30_02_537.jpg, /home/zubin/Desktop/Self-driving-car-simulation/Data/IMG/right_2019_03_01_18_30_02_537.jpg, 0, 1, 0, 30.18995
/home/zubin/Desktop/Self-driving-car-simulation/Data/IMG/center_2019_03_01_18_30_02_655.jpg, /home/zubin/Desktop/Self-driving-car-simulation/Data/IMG/left_2019_03_01_18_30_02_655.jpg, /home/zubin/Desktop/Self-driving-car-simulation/Data/IMG/right_2019_03_01_18_30_02_655.jpg, 0, 1, 0, 30.18995
/home/zubin/Desktop/Self-driving-car-simulation/Data/IMG/center_2019_03_01_18_30_02_770.jpg, /home/zubin/Desktop/Self-driving-car-simulation/Data/IMG/left_2019_03_01_18_30_02_770.jpg, /home/zubin/Desktop/Self-driving-car-simulation/Data/IMG/right_2019_03_01_18_30_02_770.jpg, 0, 1, 0, 30.18994
/home/zubin/Desktop/Self-driving-car-simulation/Data/IMG/center_2019_03_01_18_30_02_870.jpg, /home/zubin/Desktop/Self-driving-car-simulation/Data/IMG/left_2019_03_01_18_30_02_870.jpg, /home/zubin/Desktop/Self-driving-car-simulation/Data/IMG/right_2019_03_01_18_30_02_870.jpg, 0, 1, 0, 30.18995
/home/zubin/Desktop/Self-driving-car-simulation/Data/IMG/center_2019_03_01_18_30_02_970.jpg, /home/zubin/Desktop/Self-driving-car-simulation/Data/IMG/left_2019_03_01_18_30_02_970.jpg, /home/zubin/Desktop/Self-driving-car-simulation/Data/IMG/right_2019_03_01_18_30_02_970.jpg, 0, 1, 0, 30.18998
/home/zubin/Desktop/Self-driving-car-simulation/Data/IMG/center_2019_03_01_18_30_03_071.jpg, /home/zubin/Desktop/Self-driving-car-simulation/Data/IMG/left_2019_03_01_18_30_03_071.jpg, /home/zubin/Desktop/Self-driving-car-simulation/Data/IMG/right_2019_03_01_18_30_03_071.jpg, 0, 1, 0, 30.18996
/home/zubin/Desktop/Self-driving-car-simulation/Data/IMG/center_2019_03_01_18_30_03_172.jpg, /home/zubin/Desktop/Self-driving-car-simulation/Data/IMG/left_2019_03_01_18_30_03_172.jpg, /home/zubin/Desktop/Self-driving-car-simulation/Data/IMG/right_2019_03_01_18_30_03_172.jpg, 0, 1, 0, 30.18996
/home/zubin/Desktop/Self-driving-car-simulation/Data/IMG/center_2019_03_01_18_30_03_285.jpg, /home/zubin/Desktop/Self-driving-car-simulation/Data/IMG/left_2019_03_01_18_30_03_285.jpg, /home/zubin/Desktop/Self-driving-car-simulation/Data/IMG/right_2019_03_01_18_30_03_285.jpg, 0, 1, 0, 30.18995
/home/zubin/Desktop/Self-driving-car-simulation/Data/IMG/center_2019_03_01_18_30_03_388.jpg, /home/zubin/Desktop/Self-driving-car-simulation/Data/IMG/left_2019_03_01_18_30_03_388.jpg, /home/zubin/Desktop/Self-driving-car-simulation/Data/IMG/right_2019_03_01_18_30_03_388.jpg, 0, 1, 0, 30.18996
/home/zubin/Desktop/Self-driving-car-simulation/Data/IMG/center_2019_03_01_18_30_03_503.jpg, /home/zubin/Desktop/Self-driving-car-simulation/Data/IMG/left_2019_03_01_18_30_03_503.jpg, /home/zubin/Desktop/Self-driving-car-simulation/Data/IMG/right_2019_03_01_18_30_03_503.jpg, 0, 1, 0, 30.18996
/home/zubin/Desktop/Self-driving-car-simulation/Data/IMG/center_2019_03_01_18_30_03_604.jpg, /home/zubin/Desktop/Self-driving-car-simulation/Data/IMG/left_2019_03_01_18_30_03_604.jpg, /home/zubin/Desktop/Self-driving-car-simulation/Data/IMG/right_2019_03_01_18_30_03_604.jpg, 0, 1, 0, 30.18995
/home/zubin/Desktop/Self-driving-car-simulation/Data/IMG/center_2019_03_01_18_30_03_720.jpg, /home/zubin/Desktop/Self-driving-car-simulation/Data/IMG/left_2019_03_01_18_30_03_720.jpg, /home/zubin/Desktop/Self-driving-car-simulation/Data/IMG/right_2019_03_01_18_30_03_720.jpg, 0, 1, 0, 30.18997
/home/zubin/Desktop/Self-driving-car-simulation/Data/IMG/center_2019_03_01_18_30_03_821.jpg, /home/zubin/Desktop/Self-driving-car-simulation/Data/IMG/left_2019_03_01_18_30_03_821.jpg, /home/zubin/Desktop/Self-driving-car-simulation/Data/IMG/right_2019_03_01_18_30_03_821.jpg, 0, 1, 0, 30.18996
/home/zubin/Desktop/Self-driving-car-simulation/Data/IMG/center_2019_03_01_18_30_03_922.jpg, /home/zubin/Desktop/Self-driving-car-simulation/Data/IMG/left_2019_03_01_18_30_03_922.jpg, /home/zubin/Desktop/Self-driving-car-simulation/Data/IMG/right_2019_03_01_18_30_03_922.jpg, 0, 1, 0, 30.18995
/home/zubin/Desktop/Self-driving-car-simulation/Data/IMG/center_2019_03_01_18_30_04_038.jpg, /home/zubin/Desktop/Self-driving-car-simulation/Data/IMG/left_2019_03_01_18_30_04_038.jpg, /home/zubin/Desktop/Self-driving-car-simulation/Data/IMG/right_2019_03_01_18_30_04_038.jpg, 0, 1, 0, 30.18997
/home/zubin/Desktop/Self-driving-car-simulation/Data/IMG/center_2019_03_01_18_30_04_152.jpg, /home/zubin/Desktop/Self-driving-car-simulation/Data/IMG/left_2019_03_01_18_30_04_152.jpg, /home/zubin/Desktop/Self-driving-car-simulation/Data/IMG/right_2019_03_01_18_30_04_152.jpg, 0, 1, 0, 30.18998
/home/zubin/Desktop/Self-driving-car-simulation/Data/IMG/center_2019_03_01_18_30_04_254.jpg, /home/zubin/Desktop/Self-driving-car-simulation/Data/IMG/left_2019_03_01_18_30_04_254.jpg, /home/zubin/Desktop/Self-driving-car-simulation/Data/IMG/right_2019_03_01_18_30_04_254.jpg, 0, 1, 0, 30.18996
/home/zubin/Desktop/Self-driving-car-simulation/Data/IMG/center_2019_03_01_18_30_04_356.jpg, /home/zubin/Desktop/Self-driving-car-simulation/Data/IMG/left_2019_03_01_18_30_04_356.jpg, /home/zubin/Desktop/Self-driving-car-simulation/Data/IMG/right_2019_03_01_18_30_04_356.jpg, 0, 1, 0, 30.18995
/home/zubin/Desktop/Self-driving-car-simulation/Data/IMG/center_2019_03_01_18_30_04_472.jpg, /home/zubin/Desktop/Self-driving-car-simulation/Data/IMG/left_2019_03_01_18_30_04_472.jpg, /home/zubin/Desktop/Self-driving-car-simulation/Data/IMG/right_2019_03_01_18_30_04_472.jpg, 0, 1, 0, 30.18993
/home/zubin/Desktop/Self-driving-car-simulation/Data/IMG/center_2019_03_01_18_30_04_586.jpg, /home/zubin/Desktop/Self-driving-car-simulation/Data/IMG/left_2019_03_01_18_30_04_586.jpg, /home/zubin/Desktop/Self-driving-car-simulation/Data/IMG/right_2019_03_01_18_30_04_586.jpg, 0, 1, 0, 30.18996
/home/zubin/Desktop/Self-driving-car-simulation/Data/IMG/center_2019_03_01_18_30_04_688.jpg, /home/zubin/Desktop/Self-driving-car-simulation/Data/IMG/left_2019_03_01_18_30_04_688.jpg, /home/zubin/Desktop/Self-driving-car-simulation/Data/IMG/right_2019_03_01_18_30_04_688.jpg, 0, 1, 0, 30.18998
/home/zubin/Desktop/Self-driving-car-simulation/Data/IMG/center_2019_03_01_18_30_04_789.jpg, /home/zubin/Desktop/Self-driving-car-simulation/Data/IMG/left_2019_03_01_18_30_04_789.jpg, /home/zubin/Desktop/Self-driving-car-simulation/Data/IMG/right_2019_03_01_18_30_04_789.jpg, 0, 1, 0, 30.18996
/home/zubin/Desktop/Self-driving-car-simulation/Data/IMG/center_2019_03_01_18_30_04_904.jpg, /home/zubin/Desktop/Self-driving-car-simulation/Data/IMG/left_2019_03_01_18_30_04_904.jpg, /home/zubin/Desktop/Self-driving-car-simulation/Data/IMG/right_2019_03_01_18_30_04_904.jpg, 0, 1, 0, 30.18996
/home/zubin/Desktop/Self-driving-car-simulation/Data/IMG/center_2019_03_01_18_30_05_020.jpg, /home/zubin/Desktop/Self-driving-car-simulation/Data/IMG/left_2019_03_01_18_30_05_020.jpg, /home/zubin/Desktop/Self-driving-car-simulation/Data/IMG/right_2019_03_01_18_30_05_020.jpg, 0, 1, 0, 30.18995
/home/zubin/Desktop/Self-driving-car-simulation/Data/IMG/center_2019_03_01_18_30_05_122.jpg, /home/zubin/Desktop/Self-driving-car-simulation/Data/IMG/left_2019_03_01_18_30_05_122.jpg, /home/zubin/Desktop/Self-driving-car-simulation/Data/IMG/right_2019_03_01_18_30_05_122.jpg, 0, 1, 0, 30.18996
/home/zubin/Desktop/Self-driving-car-simulation/Data/IMG/center_2019_03_01_18_30_05_237.jpg, /home/zubin/Desktop/Self-driving-car-simulation/Data/IMG/left_2019_03_01_18_30_05_237.jpg, /home/zubin/Desktop/Self-driving-car-simulation/Data/IMG/right_2019_03_01_18_30_05_237.jpg, 0, 1, 0, 30.18996
/home/zubin/Desktop/Self-driving-car-simulation/Data/IMG/center_2019_03_01_18_30_05_355.jpg, /home/zubin/Desktop/Self-driving-car-simulation/Data/IMG/left_2019_03_01_18_30_05_355.jpg, /home/zubin/Desktop/Self-driving-car-simulation/Data/IMG/right_2019_03_01_18_30_05_355.jpg, 0, 1, 0, 30.18997
/home/zubin/Desktop/Self-driving-car-simulation/Data/IMG/center_2019_03_01_18_30_05_469.jpg, /home/zubin/Desktop/Self-driving-car-simulation/Data/IMG/left_2019_03_01_18_30_05_469.jpg, /home/zubin/Desktop/Self-driving-car-simulation/Data/IMG/right_2019_03_01_18_30_05_469.jpg, 0, 1, 0, 30.18994
/home/zubin/Desktop/Self-driving-car-simulation/Data/IMG/center_2019_03_01_18_30_05_569.jpg, /home/zubin/Desktop/Self-driving-car-simulation/Data/IMG/left_2019_03_01_18_30_05_569.jpg, /home/zubin/Desktop/Self-driving-car-simulation/Data/IMG/right_2019_03_01_18_30_05_569.jpg, 0, 1, 0, 30.18995
/home/zubin/Desktop/Self-driving-car-simulation/Data/IMG/center_2019_03_01_18_30_05_687.jpg, /home/zubin/Desktop/Self-driving-car-simulation/Data/IMG/left_2019_03_01_18_30_05_687.jpg, /home/zubin/Desktop/Self-driving-car-simulation/Data/IMG/right_2019_03_01_18_30_05_687.jpg, 0, 1, 0, 30.18996
/home/zubin/Desktop/Self-driving-car-simulation/Data/IMG/center_2019_03_01_18_30_05_803.jpg, /home/zubin/Desktop/Self-driving-car-simulation/Data/IMG/left_2019_03_01_18_30_05_803.jpg, /home/zubin/Desktop/Self-driving-car-simulation/Data/IMG/right_2019_03_01_18_30_05_803.jpg, 0, 1, 0, 30.18996
/home/zubin/Desktop/Self-driving-car-simulation/Data/IMG/center_2019_03_01_18_30_05_919.jpg, /home/zubin/Desktop/Self-driving-car-simulation/Data/IMG/left_2019_03_01_18_30_05_919.jpg, /home/zubin/Desktop/Self-driving-car-simulation/Data/IMG/right_2019_03_01_18_30_05_919.jpg, 0, 1, 0, 30.18996
/home/zubin/Desktop/Self-driving-car-simulation/Data/IMG/center_2019_03_01_18_30_06_035.jpg, /home/zubin/Desktop/Self-driving-car-simulation/Data/IMG/left_2019_03_01_18_30_06_035.jpg, /home/zubin/Desktop/Self-driving-car-simulation/Data/IMG/right_2019_03_01_18_30_06_035.jpg, 0, 1, 0, 30.18995
/home/zubin/Desktop/Self-driving-car-simulation/Data/IMG/center_2019_03_01_18_30_06_136.jpg, /home/zubin/Desktop/Self-driving-car-simulation/Data/IMG/left_2019_03_01_18_30_06_136.jpg, /home/zubin/Desktop/Self-driving-car-simulation/Data/IMG/right_2019_03_01_18_30_06_136.jpg, 0, 1, 0, 30.18995
/home/zubin/Desktop/Self-driving-car-simulation/Data/IMG/center_2019_03_01_18_30_06_237.jpg, /home/zubin/Desktop/Self-driving-car-simulation/Data/IMG/left_2019_03_01_18_30_06_237.jpg, /home/zubin/Desktop/Self-driving-car-simulation/Data/IMG/right_2019_03_01_18_30_06_237.jpg, 0, 1, 0, 30.18995
/home/zubin/Desktop/Self-driving-car-simulation/Data/IMG/center_2019_03_01_18_30_06_339.jpg, /home/zubin/Desktop/Self-driving-car-simulation/Data/IMG/left_2019_03_01_18_30_06_339.jpg, /home/zubin/Desktop/Self-driving-car-simulation/Data/IMG/right_2019_03_01_18_30_06_339.jpg, 0, 1, 0, 30.18995
/home/zubin/Desktop/Self-driving-car-simulation/Data/IMG/center_2019_03_01_18_30_06_454.jpg, /home/zubin/Desktop/Self-driving-car-simulation/Data/IMG/left_2019_03_01_18_30_06_454.jpg, /home/zubin/Desktop/Self-driving-car-simulation/Data/IMG/right_2019_03_01_18_30_06_454.jpg, 0, 1, 0, 30.18997
/home/zubin/Desktop/Self-driving-car-simulation/Data/IMG/center_2019_03_01_18_30_06_571.jpg, /home/zubin/Desktop/Self-driving-car-simulation/Data/IMG/left_2019_03_01_18_30_06_571.jpg, /home/zubin/Desktop/Self-driving-car-simulation/Data/IMG/right_2019_03_01_18_30_06_571.jpg, 0, 1, 0, 30.18996
/home/zubin/Desktop/Self-driving-car-simulation/Data/IMG/center_2019_03_01_18_30_06_685.jpg, /home/zubin/Desktop/Self-driving-car-simulation/Data/IMG/left_2019_03_01_18_30_06_685.jpg, /home/zubin/Desktop/Self-driving-car-simulation/Data/IMG/right_2019_03_01_18_30_06_685.jpg, 0, 1, 0, 30.18996
/home/zubin/Desktop/Self-driving-car-simulation/Data/IMG/center_2019_03_01_18_30_06_802.jpg, /home/zubin/Desktop/Self-driving-car-simulation/Data/IMG/left_2019_03_01_18_30_06_802.jpg, /home/zubin/Desktop/Self-driving-car-simulation/Data/IMG/right_2019_03_01_18_30_06_802.jpg, 0, 1, 0, 30.12515
/home/zubin/Desktop/Self-driving-car-simulation/Data/IMG/center_2019_03_01_18_30_06_903.jpg, /home/zubin/Desktop/Self-driving-car-simulation/Data/IMG/left_2019_03_01_18_30_06_903.jpg, /home/zubin/Desktop/Self-driving-car-simulation/Data/IMG/right_2019_03_01_18_30_06_903.jpg, 0, 1, 0, 30.60561
/home/zubin/Desktop/Self-driving-car-simulation/Data/IMG/center_2019_03_01_18_30_07_009.jpg, /home/zubin/Desktop/Self-driving-car-simulation/Data/IMG/left_2019_03_01_18_30_07_009.jpg, /home/zubin/Desktop/Self-driving-car-simulation/Data/IMG/right_2019_03_01_18_30_07_009.jpg, 0, 1, 0, 30.09629
/home/zubin/Desktop/Self-driving-car-simulation/Data/IMG/center_2019_03_01_18_30_07_128.jpg, /home/zubin/Desktop/Self-driving-car-simulation/Data/IMG/left_2019_03_01_18_30_07_128.jpg, /home/zubin/Desktop/Self-driving-car-simulation/Data/IMG/right_2019_03_01_18_30_07_128.jpg, 0, 1, 0, 30.50114
/home/zubin/Desktop/Self-driving-car-simulation/Data/IMG/center_2019_03_01_18_30_07_221.jpg, /home/zubin/Desktop/Self-driving-car-simulation/Data/IMG/left_2019_03_01_18_30_07_221.jpg, /home/zubin/Desktop/Self-driving-car-simulation/Data/IMG/right_2019_03_01_18_30_07_221.jpg, 0, 1, 0, 30.17649
/home/zubin/Desktop/Self-driving-car-simulation/Data/IMG/center_2019_03_01_18_30_07_323.jpg, /home/zubin/Desktop/Self-driving-car-simulation/Data/IMG/left_2019_03_01_18_30_07_323.jpg, /home/zubin/Desktop/Self-driving-car-simulation/Data/IMG/right_2019_03_01_18_30_07_323.jpg, 0, 1, 0, 30.19013
/home/zubin/Desktop/Self-driving-car-simulation/Data/IMG/center_2019_03_01_18_30_07_435.jpg, /home/zubin/Desktop/Self-driving-car-simulation/Data/IMG/left_2019_03_01_18_30_07_435.jpg, /home/zubin/Desktop/Self-driving-car-simulation/Data/IMG/right_2019_03_01_18_30_07_435.jpg, 0, 1, 0, 30.19079
/home/zubin/Desktop/Self-driving-car-simulation/Data/IMG/center_2019_03_01_18_30_07_536.jpg, /home/zubin/Desktop/Self-driving-car-simulation/Data/IMG/left_2019_03_01_18_30_07_536.jpg, /home/zubin/Desktop/Self-driving-car-simulation/Data/IMG/right_2019_03_01_18_30_07_536.jpg, -0.128226, 1, 0, 30.18583
/home/zubin/Desktop/Self-driving-car-simulation/Data/IMG/center_2019_03_01_18_30_07_640.jpg, /home/zubin/Desktop/Self-driving-car-simulation/Data/IMG/left_2019_03_01_18_30_07_640.jpg, /home/zubin/Desktop/Self-driving-car-simulation/Data/IMG/right_2019_03_01_18_30_07_640.jpg, -0.2646954, 1, 0, 30.17817
/home/zubin/Desktop/Self-driving-car-simulation/Data/IMG/center_2019_03_01_18_30_07_750.jpg, /home/zubin/Desktop/Self-driving-car-simulation/Data/IMG/left_2019_03_01_18_30_07_750.jpg, /home/zubin/Desktop/Self-driving-car-simulation/Data/IMG/right_2019_03_01_18_30_07_750.jpg, 0, 1, 0, 30.18876
/home/zubin/Desktop/Self-driving-car-simulation/Data/IMG/center_2019_03_01_18_30_07_852.jpg, /home/zubin/Desktop/Self-driving-car-simulation/Data/IMG/left_2019_03_01_18_30_07_852.jpg, /home/zubin/Desktop/Self-driving-car-simulation/Data/IMG/right_2019_03_01_18_30_07_852.jpg, 0, 1, 0, 30.19001
/home/zubin/Desktop/Self-driving-car-simulation/Data/IMG/center_2019_03_01_18_30_07_952.jpg, /home/zubin/Desktop/Self-driving-car-simulation/Data/IMG/left_2019_03_01_18_30_07_952.jpg, /home/zubin/Desktop/Self-driving-car-simulation/Data/IMG/right_2019_03_01_18_30_07_952.jpg, 0, 1, 0, 30.19025
/home/zubin/Desktop/Self-driving-car-simulation/Data/IMG/center_2019_03_01_18_30_08_068.jpg, /home/zubin/Desktop/Self-driving-car-simulation/Data/IMG/left_2019_03_01_18_30_08_068.jpg, /home/zubin/Desktop/Self-driving-car-simulation/Data/IMG/right_2019_03_01_18_30_08_068.jpg, -0.1853313, 1, 0, 30.18176
/home/zubin/Desktop/Self-driving-car-simulation/Data/IMG/center_2019_03_01_18_30_08_183.jpg, /home/zubin/Desktop/Self-driving-car-simulation/Data/IMG/left_2019_03_01_18_30_08_183.jpg, /home/zubin/Desktop/Self-driving-car-simulation/Data/IMG/right_2019_03_01_18_30_08_183.jpg, -0.02364349, 1, 0, 30.19048
/home/zubin/Desktop/Self-driving-car-simulation/Data/IMG/center_2019_03_01_18_30_08_301.jpg, /home/zubin/Desktop/Self-driving-car-simulation/Data/IMG/left_2019_03_01_18_30_08_301.jpg, /home/zubin/Desktop/Self-driving-car-simulation/Data/IMG/right_2019_03_01_18_30_08_301.jpg, 0, 1, 0, 30.19011
/home/zubin/Desktop/Self-driving-car-simulation/Data/IMG/center_2019_03_01_18_30_08_415.jpg, /home/zubin/Desktop/Self-driving-car-simulation/Data/IMG/left_2019_03_01_18_30_08_415.jpg, /home/zubin/Desktop/Self-driving-car-simulation/Data/IMG/right_2019_03_01_18_30_08_415.jpg, 0, 1, 0, 30.1903
/home/zubin/Desktop/Self-driving-car-simulation/Data/IMG/center_2019_03_01_18_30_08_518.jpg, /home/zubin/Desktop/Self-driving-car-simulation/Data/IMG/left_2019_03_01_18_30_08_518.jpg, /home/zubin/Desktop/Self-driving-car-simulation/Data/IMG/right_2019_03_01_18_30_08_518.jpg, 0, 1, 0, 30.1903
/home/zubin/Desktop/Self-driving-car-simulation/Data/IMG/center_2019_03_01_18_30_08_635.jpg, /home/zubin/Desktop/Self-driving-car-simulation/Data/IMG/left_2019_03_01_18_30_08_635.jpg, /home/zubin/Desktop/Self-driving-car-simulation/Data/IMG/right_2019_03_01_18_30_08_635.jpg, -0.2394032, 1, 0, 30.17722
/home/zubin/Desktop/Self-driving-car-simulation/Data/IMG/center_2019_03_01_18_30_08_750.jpg, /home/zubin/Desktop/Self-driving-car-simulation/Data/IMG/left_2019_03_01_18_30_08_750.jpg, /home/zubin/Desktop/Self-driving-car-simulation/Data/IMG/right_2019_03_01_18_30_08_750.jpg, 0, 1, 0, 30.18927
/home/zubin/Desktop/Self-driving-car-simulation/Data/IMG/center_2019_03_01_18_30_08_869.jpg, /home/zubin/Desktop/Self-driving-car-simulation/Data/IMG/left_2019_03_01_18_30_08_869.jpg, /home/zubin/Desktop/Self-driving-car-simulation/Data/IMG/right_2019_03_01_18_30_08_869.jpg, 0, 1, 0, 30.19022
/home/zubin/Desktop/Self-driving-car-simulation/Data/IMG/center_2019_03_01_18_30_08_983.jpg, /home/zubin/Desktop/Self-driving-car-simulation/Data/IMG/left_2019_03_01_18_30_08_983.jpg, /home/zubin/Desktop/Self-driving-car-simulation/Data/IMG/right_2019_03_01_18_30_08_983.jpg, 0, 1, 0, 30.1903
/home/zubin/Desktop/Self-driving-car-simulation/Data/IMG/center_2019_03_01_18_30_09_099.jpg, /home/zubin/Desktop/Self-driving-car-simulation/Data/IMG/left_2019_03_01_18_30_09_099.jpg, /home/zubin/Desktop/Self-driving-car-simulation/Data/IMG/right_2019_03_01_18_30_09_099.jpg, 0, 1, 0, 30.19029
/home/zubin/Desktop/Self-driving-car-simulation/Data/IMG/center_2019_03_01_18_30_09_201.jpg, /home/zubin/Desktop/Self-driving-car-simulation/Data/IMG/left_2019_03_01_18_30_09_201.jpg, /home/zubin/Desktop/Self-driving-car-simulation/Data/IMG/right_2019_03_01_18_30_09_201.jpg, -0.05727911, 1, 0, 30.18954
/home/zubin/Desktop/Self-driving-car-simulation/Data/IMG/center_2019_03_01_18_30_09_315.jpg, /home/zubin/Desktop/Self-driving-car-simulation/Data/IMG/left_2019_03_01_18_30_09_315.jpg, /home/zubin/Desktop/Self-driving-car-simulation/Data/IMG/right_2019_03_01_18_30_09_315.jpg, -0.200901, 1, 0, 30.18573
/home/zubin/Desktop/Self-driving-car-simulation/Data/IMG/center_2019_03_01_18_30_09_419.jpg, /home/zubin/Desktop/Self-driving-car-simulation/Data/IMG/left_2019_03_01_18_30_09_419.jpg, /home/zubin/Desktop/Self-driving-car-simulation/Data/IMG/right_2019_03_01_18_30_09_419.jpg, 0, 1, 0, 30.18927
/home/zubin/Desktop/Self-driving-car-simulation/Data/IMG/center_2019_03_01_18_30_09_531.jpg, /home/zubin/Desktop/Self-driving-car-simulation/Data/IMG/left_2019_03_01_18_30_09_531.jpg, /home/zubin/Desktop/Self-driving-car-simulation/Data/IMG/right_2019_03_01_18_30_09_531.jpg, 0, 1, 0, 30.19018
/home/zubin/Desktop/Self-driving-car-simulation/Data/IMG/center_2019_03_01_18_30_09_632.jpg, /home/zubin/Desktop/Self-driving-car-simulation/Data/IMG/left_2019_03_01_18_30_09_632.jpg, /home/zubin/Desktop/Self-driving-car-simulation/Data/IMG/right_2019_03_01_18_30_09_632.jpg, 0, 1, 0, 30.19029
/home/zubin/Desktop/Self-driving-car-simulation/Data/IMG/center_2019_03_01_18_30_09_747.jpg, /home/zubin/Desktop/Self-driving-car-simulation/Data/IMG/left_2019_03_01_18_30_09_747.jpg, /home/zubin/Desktop/Self-driving-car-simulation/Data/IMG/right_2019_03_01_18_30_09_747.jpg, 0, 1, 0, 30.19029
/home/zubin/Desktop/Self-driving-car-simulation/Data/IMG/center_2019_03_01_18_30_09_848.jpg, /home/zubin/Desktop/Self-driving-car-simulation/Data/IMG/left_2019_03_01_18_30_09_848.jpg, /home/zubin/Desktop/Self-driving-car-simulation/Data/IMG/right_2019_03_01_18_30_09_848.jpg, -0.3022048, 1, 0, 30.16877
/home/zubin/Desktop/Self-driving-car-simulation/Data/IMG/center_2019_03_01_18_30_09_949.jpg, /home/zubin/Desktop/Self-driving-car-simulation/Data/IMG/left_2019_03_01_18_30_09_949.jpg, /home/zubin/Desktop/Self-driving-car-simulation/Data/IMG/right_2019_03_01_18_30_09_949.jpg, -0.3582215, 1, 0, 30.17381
/home/zubin/Desktop/Self-driving-car-simulation/Data/IMG/center_2019_03_01_18_30_10_066.jpg, /home/zubin/Desktop/Self-driving-car-simulation/Data/IMG/left_2019_03_01_18_30_10_066.jpg, /home/zubin/Desktop/Self-driving-car-simulation/Data/IMG/right_2019_03_01_18_30_10_066.jpg, -0.00840354, 1, 0, 30.18697
/home/zubin/Desktop/Self-driving-car-simulation/Data/IMG/center_2019_03_01_18_30_10_166.jpg, /home/zubin/Desktop/Self-driving-car-simulation/Data/IMG/left_2019_03_01_18_30_10_166.jpg, /home/zubin/Desktop/Self-driving-car-simulation/Data/IMG/right_2019_03_01_18_30_10_166.jpg, 0, 1, 0, 30.18968
/home/zubin/Desktop/Self-driving-car-simulation/Data/IMG/center_2019_03_01_18_30_10_268.jpg, /home/zubin/Desktop/Self-driving-car-simulation/Data/IMG/left_2019_03_01_18_30_10_268.jpg, /home/zubin/Desktop/Self-driving-car-simulation/Data/IMG/right_2019_03_01_18_30_10_268.jpg, 0, 1, 0, 30.19085
/home/zubin/Desktop/Self-driving-car-simulation/Data/IMG/center_2019_03_01_18_30_10_381.jpg, /home/zubin/Desktop/Self-driving-car-simulation/Data/IMG/left_2019_03_01_18_30_10_381.jpg, /home/zubin/Desktop/Self-driving-car-simulation/Data/IMG/right_2019_03_01_18_30_10_381.jpg, 0, 1, 0, 30.19014
/home/zubin/Desktop/Self-driving-car-simulation/Data/IMG/center_2019_03_01_18_30_10_499.jpg, /home/zubin/Desktop/Self-driving-car-simulation/Data/IMG/left_2019_03_01_18_30_10_499.jpg, /home/zubin/Desktop/Self-driving-car-simulation/Data/IMG/right_2019_03_01_18_30_10_499.jpg, 0, 1, 0, 30.19024
/home/zubin/Desktop/Self-driving-car-simulation/Data/IMG/center_2019_03_01_18_30_10_614.jpg, /home/zubin/Desktop/Self-driving-car-simulation/Data/IMG/left_2019_03_01_18_30_10_614.jpg, /home/zubin/Desktop/Self-driving-car-simulation/Data/IMG/right_2019_03_01_18_30_10_614.jpg, 0, 1, 0, 30.18984
/home/zubin/Desktop/Self-driving-car-simulation/Data/IMG/center_2019_03_01_18_30_10_732.jpg, /home/zubin/Desktop/Self-driving-car-simulation/Data/IMG/left_2019_03_01_18_30_10_732.jpg, /home/zubin/Desktop/Self-driving-car-simulation/Data/IMG/right_2019_03_01_18_30_10_732.jpg, 0, 1, 0, 30.1905
/home/zubin/Desktop/Self-driving-car-simulation/Data/IMG/center_2019_03_01_18_30_10_833.jpg, /home/zubin/Desktop/Self-driving-car-simulation/Data/IMG/left_2019_03_01_18_30_10_833.jpg, /home/zubin/Desktop/Self-driving-car-simulation/Data/IMG/right_2019_03_01_18_30_10_833.jpg, -0.3083546, 1, 0, 30.16634
/home/zubin/Desktop/Self-driving-car-simulation/Data/IMG/center_2019_03_01_18_30_10_948.jpg, /home/zubin/Desktop/Self-driving-car-simulation/Data/IMG/left_2019_03_01_18_30_10_948.jpg, /home/zubin/Desktop/Self-driving-car-simulation/Data/IMG/right_2019_03_01_18_30_10_948.jpg, 0, 1, 0, 30.18956
/home/zubin/Desktop/Self-driving-car-simulation/Data/IMG/center_2019_03_01_18_30_11_064.jpg, /home/zubin/Desktop/Self-driving-car-simulation/Data/IMG/left_2019_03_01_18_30_11_064.jpg, /home/zubin/Desktop/Self-driving-car-simulation/Data/IMG/right_2019_03_01_18_30_11_064.jpg, 0, 1, 0, 30.19087
/home/zubin/Desktop/Self-driving-car-simulation/Data/IMG/center_2019_03_01_18_30_11_180.jpg, /home/zubin/Desktop/Self-driving-car-simulation/Data/IMG/left_2019_03_01_18_30_11_180.jpg, /home/zubin/Desktop/Self-driving-car-simulation/Data/IMG/right_2019_03_01_18_30_11_180.jpg, 0, 1, 0, 30.18957
/home/zubin/Desktop/Self-driving-car-simulation/Data/IMG/center_2019_03_01_18_30_11_284.jpg, /home/zubin/Desktop/Self-driving-car-simulation/Data/IMG/left_2019_03_01_18_30_11_284.jpg, /home/zubin/Desktop/Self-driving-car-simulation/Data/IMG/right_2019_03_01_18_30_11_284.jpg, -0.2122858, 1, 0, 30.17945
/home/zubin/Desktop/Self-driving-car-simulation/Data/IMG/center_2019_03_01_18_30_11_399.jpg, /home/zubin/Desktop/Self-driving-car-simulation/Data/IMG/left_2019_03_01_18_30_11_399.jpg, /home/zubin/Desktop/Self-driving-car-simulation/Data/IMG/right_2019_03_01_18_30_11_399.jpg, -0.5564575, 1, 0, 30.13392
/home/zubin/Desktop/Self-driving-car-simulation/Data/IMG/center_2019_03_01_18_30_11_499.jpg, /home/zubin/Desktop/Self-driving-car-simulation/Data/IMG/left_2019_03_01_18_30_11_499.jpg, /home/zubin/Desktop/Self-driving-car-simulation/Data/IMG/right_2019_03_01_18_30_11_499.jpg, -0.4166944, 1, 0, 30.18501
/home/zubin/Desktop/Self-driving-car-simulation/Data/IMG/center_2019_03_01_18_30_11_600.jpg, /home/zubin/Desktop/Self-driving-car-simulation/Data/IMG/left_2019_03_01_18_30_11_600.jpg, /home/zubin/Desktop/Self-driving-car-simulation/Data/IMG/right_2019_03_01_18_30_11_600.jpg, -0.1131456, 1, 0, 30.19181
/home/zubin/Desktop/Self-driving-car-simulation/Data/IMG/center_2019_03_01_18_30_11_701.jpg, /home/zubin/Desktop/Self-driving-car-simulation/Data/IMG/left_2019_03_01_18_30_11_701.jpg, /home/zubin/Desktop/Self-driving-car-simulation/Data/IMG/right_2019_03_01_18_30_11_701.jpg, -0.09413409, 1, 0, 30.19171
/home/zubin/Desktop/Self-driving-car-simulation/Data/IMG/center_2019_03_01_18_30_11_802.jpg, /home/zubin/Desktop/Self-driving-car-simulation/Data/IMG/left_2019_03_01_18_30_11_802.jpg, /home/zubin/Desktop/Self-driving-car-simulation/Data/IMG/right_2019_03_01_18_30_11_802.jpg, -0.3986728, 1, 0, 30.16562
/home/zubin/Desktop/Self-driving-car-simulation/Data/IMG/center_2019_03_01_18_30_11_904.jpg, /home/zubin/Desktop/Self-driving-car-simulation/Data/IMG/left_2019_03_01_18_30_11_904.jpg, /home/zubin/Desktop/Self-driving-car-simulation/Data/IMG/right_2019_03_01_18_30_11_904.jpg, -0.7043037, 1, 0, 30.11775
/home/zubin/Desktop/Self-driving-car-simulation/Data/IMG/center_2019_03_01_18_30_12_006.jpg, /home/zubin/Desktop/Self-driving-car-simulation/Data/IMG/left_2019_03_01_18_30_12_006.jpg, /home/zubin/Desktop/Self-driving-car-simulation/Data/IMG/right_2019_03_01_18_30_12_006.jpg, -0.4003108, 1, 0, 30.19389
/home/zubin/Desktop/Self-driving-car-simulation/Data/IMG/center_2019_03_01_18_30_12_117.jpg, /home/zubin/Desktop/Self-driving-car-simulation/Data/IMG/left_2019_03_01_18_30_12_117.jpg, /home/zubin/Desktop/Self-driving-car-simulation/Data/IMG/right_2019_03_01_18_30_12_117.jpg, -0.06507254, 1, 0, 30.18993
/home/zubin/Desktop/Self-driving-car-simulation/Data/IMG/center_2019_03_01_18_30_12_222.jpg, /home/zubin/Desktop/Self-driving-car-simulation/Data/IMG/left_2019_03_01_18_30_12_222.jpg, /home/zubin/Desktop/Self-driving-car-simulation/Data/IMG/right_2019_03_01_18_30_12_222.jpg, -0.3776636, 1, 0, 30.17641
/home/zubin/Desktop/Self-driving-car-simulation/Data/IMG/center_2019_03_01_18_30_12_335.jpg, /home/zubin/Desktop/Self-driving-car-simulation/Data/IMG/left_2019_03_01_18_30_12_335.jpg, /home/zubin/Desktop/Self-driving-car-simulation/Data/IMG/right_2019_03_01_18_30_12_335.jpg, -0.03699875, 1, 0, 30.19045
/home/zubin/Desktop/Self-driving-car-simulation/Data/IMG/center_2019_03_01_18_30_12_439.jpg, /home/zubin/Desktop/Self-driving-car-simulation/Data/IMG/left_2019_03_01_18_30_12_439.jpg, /home/zubin/Desktop/Self-driving-car-simulation/Data/IMG/right_2019_03_01_18_30_12_439.jpg, 0, 1, 0, 30.18989
/home/zubin/Desktop/Self-driving-car-simulation/Data/IMG/center_2019_03_01_18_30_12_552.jpg, /home/zubin/Desktop/Self-driving-car-simulation/Data/IMG/left_2019_03_01_18_30_12_552.jpg, /home/zubin/Desktop/Self-driving-car-simulation/Data/IMG/right_2019_03_01_18_30_12_552.jpg, 0, 1, 0, 30.19029
/home/zubin/Desktop/Self-driving-car-simulation/Data/IMG/center_2019_03_01_18_30_12_665.jpg, /home/zubin/Desktop/Self-driving-car-simulation/Data/IMG/left_2019_03_01_18_30_12_665.jpg, /home/zubin/Desktop/Self-driving-car-simulation/Data/IMG/right_2019_03_01_18_30_12_665.jpg, 0, 1, 0, 30.19025
/home/zubin/Desktop/Self-driving-car-simulation/Data/IMG/center_2019_03_01_18_30_12_771.jpg, /home/zubin/Desktop/Self-driving-car-simulation/Data/IMG/left_2019_03_01_18_30_12_771.jpg, /home/zubin/Desktop/Self-driving-car-simulation/Data/IMG/right_2019_03_01_18_30_12_771.jpg, -0.2726941, 1, 0, 30.17267
/home/zubin/Desktop/Self-driving-car-simulation/Data/IMG/center_2019_03_01_18_30_12_883.jpg, /home/zubin/Desktop/Self-driving-car-simulation/Data/IMG/left_2019_03_01_18_30_12_883.jpg, /home/zubin/Desktop/Self-driving-car-simulation/Data/IMG/right_2019_03_01_18_30_12_883.jpg, -0.6559532, 1, 0, 30.11802
/home/zubin/Desktop/Self-driving-car-simulation/Data/IMG/center_2019_03_01_18_30_12_984.jpg, /home/zubin/Desktop/Self-driving-car-simulation/Data/IMG/left_2019_03_01_18_30_12_984.jpg, /home/zubin/Desktop/Self-driving-car-simulation/Data/IMG/right_2019_03_01_18_30_12_984.jpg, -0.3543599, 1, 0, 30.19147
/home/zubin/Desktop/Self-driving-car-simulation/Data/IMG/center_2019_03_01_18_30_13_087.jpg, /home/zubin/Desktop/Self-driving-car-simulation/Data/IMG/left_2019_03_01_18_30_13_087.jpg, /home/zubin/Desktop/Self-driving-car-simulation/Data/IMG/right_2019_03_01_18_30_13_087.jpg, -0.04527283, 1, 0, 30.19105
/home/zubin/Desktop/Self-driving-car-simulation/Data/IMG/center_2019_03_01_18_30_13_199.jpg, /home/zubin/Desktop/Self-driving-car-simulation/Data/IMG/left_2019_03_01_18_30_13_199.jpg, /home/zubin/Desktop/Self-driving-car-simulation/Data/IMG/right_2019_03_01_18_30_13_199.jpg, 0, 1, 0, 30.18989
/home/zubin/Desktop/Self-driving-car-simulation/Data/IMG/center_2019_03_01_18_30_13_316.jpg, /home/zubin/Desktop/Self-driving-car-simulation/Data/IMG/left_2019_03_01_18_30_13_316.jpg, /home/zubin/Desktop/Self-driving-car-simulation/Data/IMG/right_2019_03_01_18_30_13_316.jpg, 0, 1, 0, 30.19031
/home/zubin/Desktop/Self-driving-car-simulation/Data/IMG/center_2019_03_01_18_30_13_431.jpg, /home/zubin/Desktop/Self-driving-car-simulation/Data/IMG/left_2019_03_01_18_30_13_431.jpg, /home/zubin/Desktop/Self-driving-car-simulation/Data/IMG/right_2019_03_01_18_30_13_431.jpg, -0.2223744, 1, 0, 30.17872
/home/zubin/Desktop/Self-driving-car-simulation/Data/IMG/center_2019_03_01_18_30_13_546.jpg, /home/zubin/Desktop/Self-driving-car-simulation/Data/IMG/left_2019_03_01_18_30_13_546.jpg, /home/zubin/Desktop/Self-driving-car-simulation/Data/IMG/right_2019_03_01_18_30_13_546.jpg, -0.1778755, 1, 0, 30.19064
/home/zubin/Desktop/Self-driving-car-simulation/Data/IMG/center_2019_03_01_18_30_13_647.jpg, /home/zubin/Desktop/Self-driving-car-simulation/Data/IMG/left_2019_03_01_18_30_13_647.jpg, /home/zubin/Desktop/Self-driving-car-simulation/Data/IMG/right_2019_03_01_18_30_13_647.jpg, 0, 1, 0, 30.18923
/home/zubin/Desktop/Self-driving-car-simulation/Data/IMG/center_2019_03_01_18_30_13_749.jpg, /home/zubin/Desktop/Self-driving-car-simulation/Data/IMG/left_2019_03_01_18_30_13_749.jpg, /home/zubin/Desktop/Self-driving-car-simulation/Data/IMG/right_2019_03_01_18_30_13_749.jpg, 0, 1, 0, 30.19016
/home/zubin/Desktop/Self-driving-car-simulation/Data/IMG/center_2019_03_01_18_30_13_862.jpg, /home/zubin/Desktop/Self-driving-car-simulation/Data/IMG/left_2019_03_01_18_30_13_862.jpg, /home/zubin/Desktop/Self-driving-car-simulation/Data/IMG/right_2019_03_01_18_30_13_862.jpg, 0, 1, 0, 30.19032
/home/zubin/Desktop/Self-driving-car-simulation/Data/IMG/center_2019_03_01_18_30_13_965.jpg, /home/zubin/Desktop/Self-driving-car-simulation/Data/IMG/left_2019_03_01_18_30_13_965.jpg, /home/zubin/Desktop/Self-driving-car-simulation/Data/IMG/right_2019_03_01_18_30_13_965.jpg, -0.211755, 1, 0, 30.1791
/home/zubin/Desktop/Self-driving-car-simulation/Data/IMG/center_2019_03_01_18_30_14_067.jpg, /home/zubin/Desktop/Self-driving-car-simulation/Data/IMG/left_2019_03_01_18_30_14_067.jpg, /home/zubin/Desktop/Self-driving-car-simulation/Data/IMG/right_2019_03_01_18_30_14_067.jpg, -0.1036656, 1, 0, 30.19046
/home/zubin/Desktop/Self-driving-car-simulation/Data/IMG/center_2019_03_01_18_30_14_177.jpg, /home/zubin/Desktop/Self-driving-car-simulation/Data/IMG/left_2019_03_01_18_30_14_177.jpg, /home/zubin/Desktop/Self-driving-car-simulation/Data/IMG/right_2019_03_01_18_30_14_177.jpg, 0, 1, 0, 30.18997
/home/zubin/Desktop/Self-driving-car-simulation/Data/IMG/center_2019_03_01_18_30_14_278.jpg, /home/zubin/Desktop/Self-driving-car-simulation/Data/IMG/left_2019_03_01_18_30_14_278.jpg, /home/zubin/Desktop/Self-driving-car-simulation/Data/IMG/right_2019_03_01_18_30_14_278.jpg, 0, 1, 0, 30.19029
/home/zubin/Desktop/Self-driving-car-simulation/Data/IMG/center_2019_03_01_18_30_14_380.jpg, /home/zubin/Desktop/Self-driving-car-simulation/Data/IMG/left_2019_03_01_18_30_14_380.jpg, /home/zubin/Desktop/Self-driving-car-simulation/Data/IMG/right_2019_03_01_18_30_14_380.jpg, 0, 1, 0, 30.19029
/home/zubin/Desktop/Self-driving-car-simulation/Data/IMG/center_2019_03_01_18_30_14_480.jpg, /home/zubin/Desktop/Self-driving-car-simulation/Data/IMG/left_2019_03_01_18_30_14_480.jpg, /home/zubin/Desktop/Self-driving-car-simulation/Data/IMG/right_2019_03_01_18_30_14_480.jpg, -0.1790493, 1, 0, 30.18134
/home/zubin/Desktop/Self-driving-car-simulation/Data/IMG/center_2019_03_01_18_30_14_596.jpg, /home/zubin/Desktop/Self-driving-car-simulation/Data/IMG/left_2019_03_01_18_30_14_596.jpg, /home/zubin/Desktop/Self-driving-car-simulation/Data/IMG/right_2019_03_01_18_30_14_596.jpg, -0.3233971, 1, 0, 30.17802
/home/zubin/Desktop/Self-driving-car-simulation/Data/IMG/center_2019_03_01_18_30_14_713.jpg, /home/zubin/Desktop/Self-driving-car-simulation/Data/IMG/left_2019_03_01_18_30_14_713.jpg, /home/zubin/Desktop/Self-driving-car-simulation/Data/IMG/right_2019_03_01_18_30_14_713.jpg, -0.02471137, 1, 0, 30.18883
/home/zubin/Desktop/Self-driving-car-simulation/Data/IMG/center_2019_03_01_18_30_14_829.jpg, /home/zubin/Desktop/Self-driving-car-simulation/Data/IMG/left_2019_03_01_18_30_14_829.jpg, /home/zubin/Desktop/Self-driving-car-simulation/Data/IMG/right_2019_03_01_18_30_14_829.jpg, 0, 1, 0, 30.19002
/home/zubin/Desktop/Self-driving-car-simulation/Data/IMG/center_2019_03_01_18_30_14_942.jpg, /home/zubin/Desktop/Self-driving-car-simulation/Data/IMG/left_2019_03_01_18_30_14_942.jpg, /home/zubin/Desktop/Self-driving-car-simulation/Data/IMG/right_2019_03_01_18_30_14_942.jpg, 0, 1, 0, 30.19029
/home/zubin/Desktop/Self-driving-car-simulation/Data/IMG/center_2019_03_01_18_30_15_043.jpg, /home/zubin/Desktop/Self-driving-car-simulation/Data/IMG/left_2019_03_01_18_30_15_043.jpg, /home/zubin/Desktop/Self-driving-car-simulation/Data/IMG/right_2019_03_01_18_30_15_043.jpg, -0.09166503, 1, 0, 30.18859
/home/zubin/Desktop/Self-driving-car-simulation/Data/IMG/center_2019_03_01_18_30_15_144.jpg, /home/zubin/Desktop/Self-driving-car-simulation/Data/IMG/left_2019_03_01_18_30_15_144.jpg, /home/zubin/Desktop/Self-driving-car-simulation/Data/IMG/right_2019_03_01_18_30_15_144.jpg, -0.1967304, 1, 0, 30.18459
/home/zubin/Desktop/Self-driving-car-simulation/Data/IMG/center_2019_03_01_18_30_15_262.jpg, /home/zubin/Desktop/Self-driving-car-simulation/Data/IMG/left_2019_03_01_18_30_15_262.jpg, /home/zubin/Desktop/Self-driving-car-simulation/Data/IMG/right_2019_03_01_18_30_15_262.jpg, 0, 1, 0, 30.18977
/home/zubin/Desktop/Self-driving-car-simulation/Data/IMG/center_2019_03_01_18_30_15_376.jpg, /home/zubin/Desktop/Self-driving-car-simulation/Data/IMG/left_2019_03_01_18_30_15_376.jpg, /home/zubin/Desktop/Self-driving-car-simulation/Data/IMG/right_2019_03_01_18_30_15_376.jpg, 0, 1, 0, 30.19029
/home/zubin/Desktop/Self-driving-car-simulation/Data/IMG/center_2019_03_01_18_30_15_492.jpg, /home/zubin/Desktop/Self-driving-car-simulation/Data/IMG/left_2019_03_01_18_30_15_492.jpg, /home/zubin/Desktop/Self-driving-car-simulation/Data/IMG/right_2019_03_01_18_30_15_492.jpg, 0, 1, 0, 30.19033
/home/zubin/Desktop/Self-driving-car-simulation/Data/IMG/center_2019_03_01_18_30_15_610.jpg, /home/zubin/Desktop/Self-driving-car-simulation/Data/IMG/left_2019_03_01_18_30_15_610.jpg, /home/zubin/Desktop/Self-driving-car-simulation/Data/IMG/right_2019_03_01_18_30_15_610.jpg, 0, 1, 0, 30.19029
/home/zubin/Desktop/Self-driving-car-simulation/Data/IMG/center_2019_03_01_18_30_15_726.jpg, /home/zubin/Desktop/Self-driving-car-simulation/Data/IMG/left_2019_03_01_18_30_15_726.jpg, /home/zubin/Desktop/Self-driving-car-simulation/Data/IMG/right_2019_03_01_18_30_15_726.jpg, 0, 1, 0, 30.19031
/home/zubin/Desktop/Self-driving-car-simulation/Data/IMG/center_2019_03_01_18_30_15_826.jpg, /home/zubin/Desktop/Self-driving-car-simulation/Data/IMG/left_2019_03_01_18_30_15_826.jpg, /home/zubin/Desktop/Self-driving-car-simulation/Data/IMG/right_2019_03_01_18_30_15_826.jpg, 0, 1, 0, 30.19029
/home/zubin/Desktop/Self-driving-car-simulation/Data/IMG/center_2019_03_01_18_30_15_940.jpg, /home/zubin/Desktop/Self-driving-car-simulation/Data/IMG/left_2019_03_01_18_30_15_940.jpg, /home/zubin/Desktop/Self-driving-car-simulation/Data/IMG/right_2019_03_01_18_30_15_940.jpg, 0, 1, 0, 30.1903
/home/zubin/Desktop/Self-driving-car-simulation/Data/IMG/center_2019_03_01_18_30_16_059.jpg, /home/zubin/Desktop/Self-driving-car-simulation/Data/IMG/left_2019_03_01_18_30_16_059.jpg, /home/zubin/Desktop/Self-driving-car-simulation/Data/IMG/right_2019_03_01_18_30_16_059.jpg, 0, 1, 0, 30.19033
/home/zubin/Desktop/Self-driving-car-simulation/Data/IMG/center_2019_03_01_18_30_16_173.jpg, /home/zubin/Desktop/Self-driving-car-simulation/Data/IMG/left_2019_03_01_18_30_16_173.jpg, /home/zubin/Desktop/Self-driving-car-simulation/Data/IMG/right_2019_03_01_18_30_16_173.jpg, 0, 1, 0, 30.19029
/home/zubin/Desktop/Self-driving-car-simulation/Data/IMG/center_2019_03_01_18_30_16_291.jpg, /home/zubin/Desktop/Self-driving-car-simulation/Data/IMG/left_2019_03_01_18_30_16_291.jpg, /home/zubin/Desktop/Self-driving-car-simulation/Data/IMG/right_2019_03_01_18_30_16_291.jpg, 0, 1, 0, 30.19025
/home/zubin/Desktop/Self-driving-car-simulation/Data/IMG/center_2019_03_01_18_30_16_409.jpg, /home/zubin/Desktop/Self-driving-car-simulation/Data/IMG/left_2019_03_01_18_30_16_409.jpg, /home/zubin/Desktop/Self-driving-car-simulation/Data/IMG/right_2019_03_01_18_30_16_409.jpg, 0, 1, 0, 30.19032
/home/zubin/Desktop/Self-driving-car-simulation/Data/IMG/center_2019_03_01_18_30_16_524.jpg, /home/zubin/Desktop/Self-driving-car-simulation/Data/IMG/left_2019_03_01_18_30_16_524.jpg, /home/zubin/Desktop/Self-driving-car-simulation/Data/IMG/right_2019_03_01_18_30_16_524.jpg, 0, 1, 0, 30.19029
/home/zubin/Desktop/Self-driving-car-simulation/Data/IMG/center_2019_03_01_18_30_16_624.jpg, /home/zubin/Desktop/Self-driving-car-simulation/Data/IMG/left_2019_03_01_18_30_16_624.jpg, /home/zubin/Desktop/Self-driving-car-simulation/Data/IMG/right_2019_03_01_18_30_16_624.jpg, 0, 1, 0, 30.19031
/home/zubin/Desktop/Self-driving-car-simulation/Data/IMG/center_2019_03_01_18_30_16_740.jpg, /home/zubin/Desktop/Self-driving-car-simulation/Data/IMG/left_2019_03_01_18_30_16_740.jpg, /home/zubin/Desktop/Self-driving-car-simulation/Data/IMG/right_2019_03_01_18_30_16_740.jpg, 0, 1, 0, 30.1903
/home/zubin/Desktop/Self-driving-car-simulation/Data/IMG/center_2019_03_01_18_30_16_855.jpg, /home/zubin/Desktop/Self-driving-car-simulation/Data/IMG/left_2019_03_01_18_30_16_855.jpg, /home/zubin/Desktop/Self-driving-car-simulation/Data/IMG/right_2019_03_01_18_30_16_855.jpg, 0, 1, 0, 30.19028
/home/zubin/Desktop/Self-driving-car-simulation/Data/IMG/center_2019_03_01_18_30_16_957.jpg, /home/zubin/Desktop/Self-driving-car-simulation/Data/IMG/left_2019_03_01_18_30_16_957.jpg, /home/zubin/Desktop/Self-driving-car-simulation/Data/IMG/right_2019_03_01_18_30_16_957.jpg, 0, 1, 0, 30.19027
/home/zubin/Desktop/Self-driving-car-simulation/Data/IMG/center_2019_03_01_18_30_17_073.jpg, /home/zubin/Desktop/Self-driving-car-simulation/Data/IMG/left_2019_03_01_18_30_17_073.jpg, /home/zubin/Desktop/Self-driving-car-simulation/Data/IMG/right_2019_03_01_18_30_17_073.jpg, 0, 1, 0, 30.19029
/home/zubin/Desktop/Self-driving-car-simulation/Data/IMG/center_2019_03_01_18_30_17_187.jpg, /home/zubin/Desktop/Self-driving-car-simulation/Data/IMG/left_2019_03_01_18_30_17_187.jpg, /home/zubin/Desktop/Self-driving-car-simulation/Data/IMG/right_2019_03_01_18_30_17_187.jpg, 0, 1, 0, 30.19031
/home/zubin/Desktop/Self-driving-car-simulation/Data/IMG/center_2019_03_01_18_30_17_289.jpg, /home/zubin/Desktop/Self-driving-car-simulation/Data/IMG/left_2019_03_01_18_30_17_289.jpg, /home/zubin/Desktop/Self-driving-car-simulation/Data/IMG/right_2019_03_01_18_30_17_289.jpg, 0, 1, 0, 30.19029
/home/zubin/Desktop/Self-driving-car-simulation/Data/IMG/center_2019_03_01_18_30_17_405.jpg, /home/zubin/Desktop/Self-driving-car-simulation/Data/IMG/left_2019_03_01_18_30_17_405.jpg, /home/zubin/Desktop/Self-driving-car-simulation/Data/IMG/right_2019_03_01_18_30_17_405.jpg, 0, 1, 0, 30.1903
/home/zubin/Desktop/Self-driving-car-simulation/Data/IMG/center_2019_03_01_18_30_17_505.jpg, /home/zubin/Desktop/Self-driving-car-simulation/Data/IMG/left_2019_03_01_18_30_17_505.jpg, /home/zubin/Desktop/Self-driving-car-simulation/Data/IMG/right_2019_03_01_18_30_17_505.jpg, -0.2033701, 1, 0, 30.17867
/home/zubin/Desktop/Self-driving-car-simulation/Data/IMG/center_2019_03_01_18_30_17_622.jpg, /home/zubin/Desktop/Self-driving-car-simulation/Data/IMG/left_2019_03_01_18_30_17_622.jpg, /home/zubin/Desktop/Self-driving-car-simulation/Data/IMG/right_2019_03_01_18_30_17_622.jpg, 0, 1, 0, 30.18993
/home/zubin/Desktop/Self-driving-car-simulation/Data/IMG/center_2019_03_01_18_30_17_739.jpg, /home/zubin/Desktop/Self-driving-car-simulation/Data/IMG/left_2019_03_01_18_30_17_739.jpg, /home/zubin/Desktop/Self-driving-car-simulation/Data/IMG/right_2019_03_01_18_30_17_739.jpg, 0, 1, 0, 30.19024
/home/zubin/Desktop/Self-driving-car-simulation/Data/IMG/center_2019_03_01_18_30_17_856.jpg, /home/zubin/Desktop/Self-driving-car-simulation/Data/IMG/left_2019_03_01_18_30_17_856.jpg, /home/zubin/Desktop/Self-driving-car-simulation/Data/IMG/right_2019_03_01_18_30_17_856.jpg, 0, 1, 0, 30.1903
/home/zubin/Desktop/Self-driving-car-simulation/Data/IMG/center_2019_03_01_18_30_17_971.jpg, /home/zubin/Desktop/Self-driving-car-simulation/Data/IMG/left_2019_03_01_18_30_17_971.jpg, /home/zubin/Desktop/Self-driving-car-simulation/Data/IMG/right_2019_03_01_18_30_17_971.jpg, 0, 1, 0, 30.19028
/home/zubin/Desktop/Self-driving-car-simulation/Data/IMG/center_2019_03_01_18_30_18_087.jpg, /home/zubin/Desktop/Self-driving-car-simulation/Data/IMG/left_2019_03_01_18_30_18_087.jpg, /home/zubin/Desktop/Self-driving-car-simulation/Data/IMG/right_2019_03_01_18_30_18_087.jpg, 0, 1, 0, 30.19029
/home/zubin/Desktop/Self-driving-car-simulation/Data/IMG/center_2019_03_01_18_30_18_188.jpg, /home/zubin/Desktop/Self-driving-car-simulation/Data/IMG/left_2019_03_01_18_30_18_188.jpg, /home/zubin/Desktop/Self-driving-car-simulation/Data/IMG/right_2019_03_01_18_30_18_188.jpg, 0, 1, 0, 30.19028
/home/zubin/Desktop/Self-driving-car-simulation/Data/IMG/center_2019_03_01_18_30_18_289.jpg, /home/zubin/Desktop/Self-driving-car-simulation/Data/IMG/left_2019_03_01_18_30_18_289.jpg, /home/zubin/Desktop/Self-driving-car-simulation/Data/IMG/right_2019_03_01_18_30_18_289.jpg, 0, 1, 0, 30.1903
/home/zubin/Desktop/Self-driving-car-simulation/Data/IMG/center_2019_03_01_18_30_18_406.jpg, /home/zubin/Desktop/Self-driving-car-simulation/Data/IMG/left_2019_03_01_18_30_18_406.jpg, /home/zubin/Desktop/Self-driving-car-simulation/Data/IMG/right_2019_03_01_18_30_18_406.jpg, 0, 1, 0, 30.19031
/home/zubin/Desktop/Self-driving-car-simulation/Data/IMG/center_2019_03_01_18_30_18_517.jpg, /home/zubin/Desktop/Self-driving-car-simulation/Data/IMG/left_2019_03_01_18_30_18_517.jpg, /home/zubin/Desktop/Self-driving-car-simulation/Data/IMG/right_2019_03_01_18_30_18_517.jpg, 0, 1, 0, 30.19029
/home/zubin/Desktop/Self-driving-car-simulation/Data/IMG/center_2019_03_01_18_30_18_620.jpg, /home/zubin/Desktop/Self-driving-car-simulation/Data/IMG/left_2019_03_01_18_30_18_620.jpg, /home/zubin/Desktop/Self-driving-car-simulation/Data/IMG/right_2019_03_01_18_30_18_620.jpg, 0.1586037, 1, 0, 30.18362
/home/zubin/Desktop/Self-driving-car-simulation/Data/IMG/center_2019_03_01_18_30_18_721.jpg, /home/zubin/Desktop/Self-driving-car-simulation/Data/IMG/left_2019_03_01_18_30_18_721.jpg, /home/zubin/Desktop/Self-driving-car-simulation/Data/IMG/right_2019_03_01_18_30_18_721.jpg, 0.08456469, 1, 0, 30.19095
/home/zubin/Desktop/Self-driving-car-simulation/Data/IMG/center_2019_03_01_18_30_18_837.jpg, /home/zubin/Desktop/Self-driving-car-simulation/Data/IMG/left_2019_03_01_18_30_18_837.jpg, /home/zubin/Desktop/Self-driving-car-simulation/Data/IMG/right_2019_03_01_18_30_18_837.jpg, 0, 1, 0, 30.19002
/home/zubin/Desktop/Self-driving-car-simulation/Data/IMG/center_2019_03_01_18_30_18_952.jpg, /home/zubin/Desktop/Self-driving-car-simulation/Data/IMG/left_2019_03_01_18_30_18_952.jpg, /home/zubin/Desktop/Self-driving-car-simulation/Data/IMG/right_2019_03_01_18_30_18_952.jpg, 0, 1, 0, 30.18997
/home/zubin/Desktop/Self-driving-car-simulation/Data/IMG/center_2019_03_01_18_30_19_069.jpg, /home/zubin/Desktop/Self-driving-car-simulation/Data/IMG/left_2019_03_01_18_30_19_069.jpg, /home/zubin/Desktop/Self-driving-car-simulation/Data/IMG/right_2019_03_01_18_30_19_069.jpg, 0, 1, 0, 30.18978
/home/zubin/Desktop/Self-driving-car-simulation/Data/IMG/center_2019_03_01_18_30_19_184.jpg, /home/zubin/Desktop/Self-driving-car-simulation/Data/IMG/left_2019_03_01_18_30_19_184.jpg, /home/zubin/Desktop/Self-driving-car-simulation/Data/IMG/right_2019_03_01_18_30_19_184.jpg, 0, 1, 0, 30.19015
/home/zubin/Desktop/Self-driving-car-simulation/Data/IMG/center_2019_03_01_18_30_19_284.jpg, /home/zubin/Desktop/Self-driving-car-simulation/Data/IMG/left_2019_03_01_18_30_19_284.jpg, /home/zubin/Desktop/Self-driving-car-simulation/Data/IMG/right_2019_03_01_18_30_19_284.jpg, 0, 1, 0, 30.18951
/home/zubin/Desktop/Self-driving-car-simulation/Data/IMG/center_2019_03_01_18_30_19_384.jpg, /home/zubin/Desktop/Self-driving-car-simulation/Data/IMG/left_2019_03_01_18_30_19_384.jpg, /home/zubin/Desktop/Self-driving-car-simulation/Data/IMG/right_2019_03_01_18_30_19_384.jpg, 0, 1, 0, 30.19019
/home/zubin/Desktop/Self-driving-car-simulation/Data/IMG/center_2019_03_01_18_30_19_485.jpg, /home/zubin/Desktop/Self-driving-car-simulation/Data/IMG/left_2019_03_01_18_30_19_485.jpg, /home/zubin/Desktop/Self-driving-car-simulation/Data/IMG/right_2019_03_01_18_30_19_485.jpg, 0, 1, 0, 30.19014
/home/zubin/Desktop/Self-driving-car-simulation/Data/IMG/center_2019_03_01_18_30_19_586.jpg, /home/zubin/Desktop/Self-driving-car-simulation/Data/IMG/left_2019_03_01_18_30_19_586.jpg, /home/zubin/Desktop/Self-driving-car-simulation/Data/IMG/right_2019_03_01_18_30_19_586.jpg, 0, 1, 0, 30.19012
/home/zubin/Desktop/Self-driving-car-simulation/Data/IMG/center_2019_03_01_18_30_19_700.jpg, /home/zubin/Desktop/Self-driving-car-simulation/Data/IMG/left_2019_03_01_18_30_19_700.jpg, /home/zubin/Desktop/Self-driving-car-simulation/Data/IMG/right_2019_03_01_18_30_19_700.jpg, 0.09747291, 1, 0, 30.18773
/home/zubin/Desktop/Self-driving-car-simulation/Data/IMG/center_2019_03_01_18_30_19_800.jpg, /home/zubin/Desktop/Self-driving-car-simulation/Data/IMG/left_2019_03_01_18_30_19_800.jpg, /home/zubin/Desktop/Self-driving-car-simulation/Data/IMG/right_2019_03_01_18_30_19_800.jpg, 0.1902924, 1, 0, 30.18509
/home/zubin/Desktop/Self-driving-car-simulation/Data/IMG/center_2019_03_01_18_30_19_917.jpg, /home/zubin/Desktop/Self-driving-car-simulation/Data/IMG/left_2019_03_01_18_30_19_917.jpg, /home/zubin/Desktop/Self-driving-car-simulation/Data/IMG/right_2019_03_01_18_30_19_917.jpg, 0, 1, 0, 30.18976
/home/zubin/Desktop/Self-driving-car-simulation/Data/IMG/center_2019_03_01_18_30_20_034.jpg, /home/zubin/Desktop/Self-driving-car-simulation/Data/IMG/left_2019_03_01_18_30_20_034.jpg, /home/zubin/Desktop/Self-driving-car-simulation/Data/IMG/right_2019_03_01_18_30_20_034.jpg, 0, 1, 0, 30.19009
/home/zubin/Desktop/Self-driving-car-simulation/Data/IMG/center_2019_03_01_18_30_20_149.jpg, /home/zubin/Desktop/Self-driving-car-simulation/Data/IMG/left_2019_03_01_18_30_20_149.jpg, /home/zubin/Desktop/Self-driving-car-simulation/Data/IMG/right_2019_03_01_18_30_20_149.jpg, 0, 1, 0, 30.18993
/home/zubin/Desktop/Self-driving-car-simulation/Data/IMG/center_2019_03_01_18_30_20_250.jpg, /home/zubin/Desktop/Self-driving-car-simulation/Data/IMG/left_2019_03_01_18_30_20_250.jpg, /home/zubin/Desktop/Self-driving-car-simulation/Data/IMG/right_2019_03_01_18_30_20_250.jpg, 0, 1, 0, 30.19047
/home/zubin/Desktop/Self-driving-car-simulation/Data/IMG/center_2019_03_01_18_30_20_366.jpg, /home/zubin/Desktop/Self-driving-car-simulation/Data/IMG/left_2019_03_01_18_30_20_366.jpg, /home/zubin/Desktop/Self-driving-car-simulation/Data/IMG/right_2019_03_01_18_30_20_366.jpg, 0.2494197, 1, 0, 30.1729
/home/zubin/Desktop/Self-driving-car-simulation/Data/IMG/center_2019_03_01_18_30_20_467.jpg, /home/zubin/Desktop/Self-driving-car-simulation/Data/IMG/left_2019_03_01_18_30_20_467.jpg, /home/zubin/Desktop/Self-driving-car-simulation/Data/IMG/right_2019_03_01_18_30_20_467.jpg, 0.1476331, 1, 0, 30.19114
/home/zubin/Desktop/Self-driving-car-simulation/Data/IMG/center_2019_03_01_18_30_20_567.jpg, /home/zubin/Desktop/Self-driving-car-simulation/Data/IMG/left_2019_03_01_18_30_20_567.jpg, /home/zubin/Desktop/Self-driving-car-simulation/Data/IMG/right_2019_03_01_18_30_20_567.jpg, 0, 1, 0, 30.18942
/home/zubin/Desktop/Self-driving-car-simulation/Data/IMG/center_2019_03_01_18_30_20_683.jpg, /home/zubin/Desktop/Self-driving-car-simulation/Data/IMG/left_2019_03_01_18_30_20_683.jpg, /home/zubin/Desktop/Self-driving-car-simulation/Data/IMG/right_2019_03_01_18_30_20_683.jpg, 0, 1, 0, 30.19043
/home/zubin/Desktop/Self-driving-car-simulation/Data/IMG/center_2019_03_01_18_30_20_784.jpg, /home/zubin/Desktop/Self-driving-car-simulation/Data/IMG/left_2019_03_01_18_30_20_784.jpg, /home/zubin/Desktop/Self-driving-car-simulation/Data/IMG/right_2019_03_01_18_30_20_784.jpg, 0.05626488, 1, 0, 30.18989
/home/zubin/Desktop/Self-driving-car-simulation/Data/IMG/center_2019_03_01_18_30_20_899.jpg, /home/zubin/Desktop/Self-driving-car-simulation/Data/IMG/left_2019_03_01_18_30_20_899.jpg, /home/zubin/Desktop/Self-driving-car-simulation/Data/IMG/right_2019_03_01_18_30_20_899.jpg, 0.3079441, 1, 0, 30.17131
/home/zubin/Desktop/Self-driving-car-simulation/Data/IMG/center_2019_03_01_18_30_21_018.jpg, /home/zubin/Desktop/Self-driving-car-simulation/Data/IMG/left_2019_03_01_18_30_21_018.jpg, /home/zubin/Desktop/Self-driving-car-simulation/Data/IMG/right_2019_03_01_18_30_21_018.jpg, 0, 1, 0, 30.18875
/home/zubin/Desktop/Self-driving-car-simulation/Data/IMG/center_2019_03_01_18_30_21_130.jpg, /home/zubin/Desktop/Self-driving-car-simulation/Data/IMG/left_2019_03_01_18_30_21_130.jpg, /home/zubin/Desktop/Self-driving-car-simulation/Data/IMG/right_2019_03_01_18_30_21_130.jpg, 0.1497631, 1, 0, 30.18735
/home/zubin/Desktop/Self-driving-car-simulation/Data/IMG/center_2019_03_01_18_30_21_231.jpg, /home/zubin/Desktop/Self-driving-car-simulation/Data/IMG/left_2019_03_01_18_30_21_231.jpg, /home/zubin/Desktop/Self-driving-car-simulation/Data/IMG/right_2019_03_01_18_30_21_231.jpg, 0.3508236, 1, 0, 30.16966
/home/zubin/Desktop/Self-driving-car-simulation/Data/IMG/center_2019_03_01_18_30_21_334.jpg, /home/zubin/Desktop/Self-driving-car-simulation/Data/IMG/left_2019_03_01_18_30_21_334.jpg, /home/zubin/Desktop/Self-driving-car-simulation/Data/IMG/right_2019_03_01_18_30_21_334.jpg, 0, 1, 0, 30.1895
/home/zubin/Desktop/Self-driving-car-simulation/Data/IMG/center_2019_03_01_18_30_21_448.jpg, /home/zubin/Desktop/Self-driving-car-simulation/Data/IMG/left_2019_03_01_18_30_21_448.jpg, /home/zubin/Desktop/Self-driving-car-simulation/Data/IMG/right_2019_03_01_18_30_21_448.jpg, 0.3430267, 1, 0, 30.17119
/home/zubin/Desktop/Self-driving-car-simulation/Data/IMG/center_2019_03_01_18_30_21_549.jpg, /home/zubin/Desktop/Self-driving-car-simulation/Data/IMG/left_2019_03_01_18_30_21_549.jpg, /home/zubin/Desktop/Self-driving-car-simulation/Data/IMG/right_2019_03_01_18_30_21_549.jpg, 0.03973317, 1, 0, 30.19226
/home/zubin/Desktop/Self-driving-car-simulation/Data/IMG/center_2019_03_01_18_30_21_666.jpg, /home/zubin/Desktop/Self-driving-car-simulation/Data/IMG/left_2019_03_01_18_30_21_666.jpg, /home/zubin/Desktop/Self-driving-car-simulation/Data/IMG/right_2019_03_01_18_30_21_666.jpg, 0.05460334, 1, 0, 30.19012
/home/zubin/Desktop/Self-driving-car-simulation/Data/IMG/center_2019_03_01_18_30_21_784.jpg, /home/zubin/Desktop/Self-driving-car-simulation/Data/IMG/left_2019_03_01_18_30_21_784.jpg, /home/zubin/Desktop/Self-driving-car-simulation/Data/IMG/right_2019_03_01_18_30_21_784.jpg, 0.4066679, 1, 0, 30.15776
/home/zubin/Desktop/Self-driving-car-simulation/Data/IMG/center_2019_03_01_18_30_21_899.jpg, /home/zubin/Desktop/Self-driving-car-simulation/Data/IMG/left_2019_03_01_18_30_21_899.jpg, /home/zubin/Desktop/Self-driving-car-simulation/Data/IMG/right_2019_03_01_18_30_21_899.jpg, 0.0615871, 1, 0, 30.19046
/home/zubin/Desktop/Self-driving-car-simulation/Data/IMG/center_2019_03_01_18_30_22_000.jpg, /home/zubin/Desktop/Self-driving-car-simulation/Data/IMG/left_2019_03_01_18_30_22_000.jpg, /home/zubin/Desktop/Self-driving-car-simulation/Data/IMG/right_2019_03_01_18_30_22_000.jpg, 0.3652711, 1, 0, 30.16942
/home/zubin/Desktop/Self-driving-car-simulation/Data/IMG/center_2019_03_01_18_30_22_116.jpg, /home/zubin/Desktop/Self-driving-car-simulation/Data/IMG/left_2019_03_01_18_30_22_116.jpg, /home/zubin/Desktop/Self-driving-car-simulation/Data/IMG/right_2019_03_01_18_30_22_116.jpg, 0.7127824, 1, 0, 30.11865
/home/zubin/Desktop/Self-driving-car-simulation/Data/IMG/center_2019_03_01_18_30_22_217.jpg, /home/zubin/Desktop/Self-driving-car-simulation/Data/IMG/left_2019_03_01_18_30_22_217.jpg, /home/zubin/Desktop/Self-driving-car-simulation/Data/IMG/right_2019_03_01_18_30_22_217.jpg, 1, 1, 0, 30.09087
/home/zubin/Desktop/Self-driving-car-simulation/Data/IMG/center_2019_03_01_18_30_22_333.jpg, /home/zubin/Desktop/Self-driving-car-simulation/Data/IMG/left_2019_03_01_18_30_22_333.jpg, /home/zubin/Desktop/Self-driving-car-simulation/Data/IMG/right_2019_03_01_18_30_22_333.jpg, 1, 1, 0, 30.11286
/home/zubin/Desktop/Self-driving-car-simulation/Data/IMG/center_2019_03_01_18_30_22_436.jpg, /home/zubin/Desktop/Self-driving-car-simulation/Data/IMG/left_2019_03_01_18_30_22_436.jpg, /home/zubin/Desktop/Self-driving-car-simulation/Data/IMG/right_2019_03_01_18_30_22_436.jpg, 1, 1, 0, 30.14059
/home/zubin/Desktop/Self-driving-car-simulation/Data/IMG/center_2019_03_01_18_30_22_536.jpg, /home/zubin/Desktop/Self-driving-car-simulation/Data/IMG/left_2019_03_01_18_30_22_536.jpg, /home/zubin/Desktop/Self-driving-car-simulation/Data/IMG/right_2019_03_01_18_30_22_536.jpg, 0.6999788, 1, 0, 30.2053
/home/zubin/Desktop/Self-driving-car-simulation/Data/IMG/center_2019_03_01_18_30_22_639.jpg, /home/zubin/Desktop/Self-driving-car-simulation/Data/IMG/left_2019_03_01_18_30_22_639.jpg, /home/zubin/Desktop/Self-driving-car-simulation/Data/IMG/right_2019_03_01_18_30_22_639.jpg, 0.3917651, 1, 0, 30.2115
/home/zubin/Desktop/Self-driving-car-simulation/Data/IMG/center_2019_03_01_18_30_22_752.jpg, /home/zubin/Desktop/Self-driving-car-simulation/Data/IMG/left_2019_03_01_18_30_22_752.jpg, /home/zubin/Desktop/Self-driving-car-simulation/Data/IMG/right_2019_03_01_18_30_22_752.jpg, 0.09982276, 1, 0, 30.19119
/home/zubin/Desktop/Self-driving-car-simulation/Data/IMG/center_2019_03_01_18_30_22_868.jpg, /home/zubin/Desktop/Self-driving-car-simulation/Data/IMG/left_2019_03_01_18_30_22_868.jpg, /home/zubin/Desktop/Self-driving-car-simulation/Data/IMG/right_2019_03_01_18_30_22_868.jpg, -0.04750156, 1, 0, 30.18628
/home/zubin/Desktop/Self-driving-car-simulation/Data/IMG/center_2019_03_01_18_30_22_971.jpg, /home/zubin/Desktop/Self-driving-car-simulation/Data/IMG/left_2019_03_01_18_30_22_971.jpg, /home/zubin/Desktop/Self-driving-car-simulation/Data/IMG/right_2019_03_01_18_30_22_971.jpg, -0.3059456, 1, 0, 30.15836
/home/zubin/Desktop/Self-driving-car-simulation/Data/IMG/center_2019_03_01_18_30_23_085.jpg, /home/zubin/Desktop/Self-driving-car-simulation/Data/IMG/left_2019_03_01_18_30_23_085.jpg, /home/zubin/Desktop/Self-driving-car-simulation/Data/IMG/right_2019_03_01_18_30_23_085.jpg, 0, 1, 0, 30.18468
/home/zubin/Desktop/Self-driving-car-simulation/Data/IMG/center_2019_03_01_18_30_23_202.jpg, /home/zubin/Desktop/Self-driving-car-simulation/Data/IMG/left_2019_03_01_18_30_23_202.jpg, /home/zubin/Desktop/Self-driving-car-simulation/Data/IMG/right_2019_03_01_18_30_23_202.jpg, 0, 1, 0, 30.18684
/home/zubin/Desktop/Self-driving-car-simulation/Data/IMG/center_2019_03_01_18_30_23_315.jpg, /home/zubin/Desktop/Self-driving-car-simulation/Data/IMG/left_2019_03_01_18_30_23_315.jpg, /home/zubin/Desktop/Self-driving-car-simulation/Data/IMG/right_2019_03_01_18_30_23_315.jpg, -0.3400948, 1, 0, 30.18389
/home/zubin/Desktop/Self-driving-car-simulation/Data/IMG/center_2019_03_01_18_30_23_418.jpg, /home/zubin/Desktop/Self-driving-car-simulation/Data/IMG/left_2019_03_01_18_30_23_418.jpg, /home/zubin/Desktop/Self-driving-car-simulation/Data/IMG/right_2019_03_01_18_30_23_418.jpg, -0.6502883, 1, 0, 30.10937
/home/zubin/Desktop/Self-driving-car-simulation/Data/IMG/center_2019_03_01_18_30_23_534.jpg, /home/zubin/Desktop/Self-driving-car-simulation/Data/IMG/left_2019_03_01_18_30_23_534.jpg, /home/zubin/Desktop/Self-driving-car-simulation/Data/IMG/right_2019_03_01_18_30_23_534.jpg, -0.3034129, 1, 0, 30.24252
/home/zubin/Desktop/Self-driving-car-simulation/Data/IMG/center_2019_03_01_18_30_23_635.jpg, /home/zubin/Desktop/Self-driving-car-simulation/Data/IMG/left_2019_03_01_18_30_23_635.jpg, /home/zubin/Desktop/Self-driving-car-simulation/Data/IMG/right_2019_03_01_18_30_23_635.jpg, 0, 1, 0, 30.1817
/home/zubin/Desktop/Self-driving-car-simulation/Data/IMG/center_2019_03_01_18_30_23_750.jpg, /home/zubin/Desktop/Self-driving-car-simulation/Data/IMG/left_2019_03_01_18_30_23_750.jpg, /home/zubin/Desktop/Self-driving-car-simulation/Data/IMG/right_2019_03_01_18_30_23_750.jpg, 0, 1, 0, 30.19048
/home/zubin/Desktop/Self-driving-car-simulation/Data/IMG/center_2019_03_01_18_30_23_850.jpg, /home/zubin/Desktop/Self-driving-car-simulation/Data/IMG/left_2019_03_01_18_30_23_850.jpg, /home/zubin/Desktop/Self-driving-car-simulation/Data/IMG/right_2019_03_01_18_30_23_850.jpg, 0, 1, 0, 30.19108
/home/zubin/Desktop/Self-driving-car-simulation/Data/IMG/center_2019_03_01_18_30_23_969.jpg, /home/zubin/Desktop/Self-driving-car-simulation/Data/IMG/left_2019_03_01_18_30_23_969.jpg, /home/zubin/Desktop/Self-driving-car-simulation/Data/IMG/right_2019_03_01_18_30_23_969.jpg, 0, 1, 0, 30.18631
/home/zubin/Desktop/Self-driving-car-simulation/Data/IMG/center_2019_03_01_18_30_24_083.jpg, /home/zubin/Desktop/Self-driving-car-simulation/Data/IMG/left_2019_03_01_18_30_24_083.jpg, /home/zubin/Desktop/Self-driving-car-simulation/Data/IMG/right_2019_03_01_18_30_24_083.jpg, 0.149826, 1, 0, 30.18462
/home/zubin/Desktop/Self-driving-car-simulation/Data/IMG/center_2019_03_01_18_30_24_183.jpg, /home/zubin/Desktop/Self-driving-car-simulation/Data/IMG/left_2019_03_01_18_30_24_183.jpg, /home/zubin/Desktop/Self-driving-car-simulation/Data/IMG/right_2019_03_01_18_30_24_183.jpg, 0.4503629, 1, 0, 30.14576
/home/zubin/Desktop/Self-driving-car-simulation/Data/IMG/center_2019_03_01_18_30_24_285.jpg, /home/zubin/Desktop/Self-driving-car-simulation/Data/IMG/left_2019_03_01_18_30_24_285.jpg, /home/zubin/Desktop/Self-driving-car-simulation/Data/IMG/right_2019_03_01_18_30_24_285.jpg, 0.1454186, 1, 0, 30.19144
/home/zubin/Desktop/Self-driving-car-simulation/Data/IMG/center_2019_03_01_18_30_24_400.jpg, /home/zubin/Desktop/Self-driving-car-simulation/Data/IMG/left_2019_03_01_18_30_24_400.jpg, /home/zubin/Desktop/Self-driving-car-simulation/Data/IMG/right_2019_03_01_18_30_24_400.jpg, 0, 1, 0, 30.18981
/home/zubin/Desktop/Self-driving-car-simulation/Data/IMG/center_2019_03_01_18_30_24_540.jpg, /home/zubin/Desktop/Self-driving-car-simulation/Data/IMG/left_2019_03_01_18_30_24_540.jpg, /home/zubin/Desktop/Self-driving-car-simulation/Data/IMG/right_2019_03_01_18_30_24_540.jpg, 0, 1, 0, 30.19106
/home/zubin/Desktop/Self-driving-car-simulation/Data/IMG/center_2019_03_01_18_30_24_643.jpg, /home/zubin/Desktop/Self-driving-car-simulation/Data/IMG/left_2019_03_01_18_30_24_643.jpg, /home/zubin/Desktop/Self-driving-car-simulation/Data/IMG/right_2019_03_01_18_30_24_643.jpg, 0, 1, 0, 30.19085
/home/zubin/Desktop/Self-driving-car-simulation/Data/IMG/center_2019_03_01_18_30_24_751.jpg, /home/zubin/Desktop/Self-driving-car-simulation/Data/IMG/left_2019_03_01_18_30_24_751.jpg, /home/zubin/Desktop/Self-driving-car-simulation/Data/IMG/right_2019_03_01_18_30_24_751.jpg, 0, 1, 0, 30.19003
/home/zubin/Desktop/Self-driving-car-simulation/Data/IMG/center_2019_03_01_18_30_24_867.jpg, /home/zubin/Desktop/Self-driving-car-simulation/Data/IMG/left_2019_03_01_18_30_24_867.jpg, /home/zubin/Desktop/Self-driving-car-simulation/Data/IMG/right_2019_03_01_18_30_24_867.jpg, 0.3470485, 1, 0, 30.16254
/home/zubin/Desktop/Self-driving-car-simulation/Data/IMG/center_2019_03_01_18_30_24_969.jpg, /home/zubin/Desktop/Self-driving-car-simulation/Data/IMG/left_2019_03_01_18_30_24_969.jpg, /home/zubin/Desktop/Self-driving-car-simulation/Data/IMG/right_2019_03_01_18_30_24_969.jpg, 0.0424583, 1, 0, 30.18997
/home/zubin/Desktop/Self-driving-car-simulation/Data/IMG/center_2019_03_01_18_30_25_083.jpg, /home/zubin/Desktop/Self-driving-car-simulation/Data/IMG/left_2019_03_01_18_30_25_083.jpg, /home/zubin/Desktop/Self-driving-car-simulation/Data/IMG/right_2019_03_01_18_30_25_083.jpg, 0, 1, 0, 30.18999
/home/zubin/Desktop/Self-driving-car-simulation/Data/IMG/center_2019_03_01_18_30_25_185.jpg, /home/zubin/Desktop/Self-driving-car-simulation/Data/IMG/left_2019_03_01_18_30_25_185.jpg, /home/zubin/Desktop/Self-driving-car-simulation/Data/IMG/right_2019_03_01_18_30_25_185.jpg, 0, 1, 0, 30.19031
/home/zubin/Desktop/Self-driving-car-simulation/Data/IMG/center_2019_03_01_18_30_25_299.jpg, /home/zubin/Desktop/Self-driving-car-simulation/Data/IMG/left_2019_03_01_18_30_25_299.jpg, /home/zubin/Desktop/Self-driving-car-simulation/Data/IMG/right_2019_03_01_18_30_25_299.jpg, 0, 1, 0, 30.19027
/home/zubin/Desktop/Self-driving-car-simulation/Data/IMG/center_2019_03_01_18_30_25_399.jpg, /home/zubin/Desktop/Self-driving-car-simulation/Data/IMG/left_2019_03_01_18_30_25_399.jpg, /home/zubin/Desktop/Self-driving-car-simulation/Data/IMG/right_2019_03_01_18_30_25_399.jpg, 0, 1, 0, 30.1903
/home/zubin/Desktop/Self-driving-car-simulation/Data/IMG/center_2019_03_01_18_30_25_502.jpg, /home/zubin/Desktop/Self-driving-car-simulation/Data/IMG/left_2019_03_01_18_30_25_502.jpg, /home/zubin/Desktop/Self-driving-car-simulation/Data/IMG/right_2019_03_01_18_30_25_502.jpg, 0, 1, 0, 30.1903
/home/zubin/Desktop/Self-driving-car-simulation/Data/IMG/center_2019_03_01_18_30_25_615.jpg, /home/zubin/Desktop/Self-driving-car-simulation/Data/IMG/left_2019_03_01_18_30_25_615.jpg, /home/zubin/Desktop/Self-driving-car-simulation/Data/IMG/right_2019_03_01_18_30_25_615.jpg, 0, 1, 0, 30.19029
/home/zubin/Desktop/Self-driving-car-simulation/Data/IMG/center_2019_03_01_18_30_25_718.jpg, /home/zubin/Desktop/Self-driving-car-simulation/Data/IMG/left_2019_03_01_18_30_25_718.jpg, /home/zubin/Desktop/Self-driving-car-simulation/Data/IMG/right_2019_03_01_18_30_25_718.jpg, 0.2144787, 1, 0, 30.17811
/home/zubin/Desktop/Self-driving-car-simulation/Data/IMG/center_2019_03_01_18_30_25_818.jpg, /home/zubin/Desktop/Self-driving-car-simulation/Data/IMG/left_2019_03_01_18_30_25_818.jpg, /home/zubin/Desktop/Self-driving-car-simulation/Data/IMG/right_2019_03_01_18_30_25_818.jpg, 0.167445, 1, 0, 30.1889
/home/zubin/Desktop/Self-driving-car-simulation/Data/IMG/center_2019_03_01_18_30_25_934.jpg, /home/zubin/Desktop/Self-driving-car-simulation/Data/IMG/left_2019_03_01_18_30_25_934.jpg, /home/zubin/Desktop/Self-driving-car-simulation/Data/IMG/right_2019_03_01_18_30_25_934.jpg, 0, 1, 0, 30.1896
/home/zubin/Desktop/Self-driving-car-simulation/Data/IMG/center_2019_03_01_18_30_26_048.jpg, /home/zubin/Desktop/Self-driving-car-simulation/Data/IMG/left_2019_03_01_18_30_26_048.jpg, /home/zubin/Desktop/Self-driving-car-simulation/Data/IMG/right_2019_03_01_18_30_26_048.jpg, 0, 1, 0, 30.19023
/home/zubin/Desktop/Self-driving-car-simulation/Data/IMG/center_2019_03_01_18_30_26_150.jpg, /home/zubin/Desktop/Self-driving-car-simulation/Data/IMG/left_2019_03_01_18_30_26_150.jpg, /home/zubin/Desktop/Self-driving-car-simulation/Data/IMG/right_2019_03_01_18_30_26_150.jpg, 0, 1, 0, 30.19028
/home/zubin/Desktop/Self-driving-car-simulation/Data/IMG/center_2019_03_01_18_30_26_265.jpg, /home/zubin/Desktop/Self-driving-car-simulation/Data/IMG/left_2019_03_01_18_30_26_265.jpg, /home/zubin/Desktop/Self-driving-car-simulation/Data/IMG/right_2019_03_01_18_30_26_265.jpg, 0, 1, 0, 30.19031
/home/zubin/Desktop/Self-driving-car-simulation/Data/IMG/center_2019_03_01_18_30_26_381.jpg, /home/zubin/Desktop/Self-driving-car-simulation/Data/IMG/left_2019_03_01_18_30_26_381.jpg, /home/zubin/Desktop/Self-driving-car-simulation/Data/IMG/right_2019_03_01_18_30_26_381.jpg, 0, 1, 0, 30.19029
/home/zubin/Desktop/Self-driving-car-simulation/Data/IMG/center_2019_03_01_18_30_26_482.jpg, /home/zubin/Desktop/Self-driving-car-simulation/Data/IMG/left_2019_03_01_18_30_26_482.jpg, /home/zubin/Desktop/Self-driving-car-simulation/Data/IMG/right_2019_03_01_18_30_26_482.jpg, -0.0534389, 1, 0, 30.18962
/home/zubin/Desktop/Self-driving-car-simulation/Data/IMG/center_2019_03_01_18_30_26_582.jpg, /home/zubin/Desktop/Self-driving-car-simulation/Data/IMG/left_2019_03_01_18_30_26_582.jpg, /home/zubin/Desktop/Self-driving-car-simulation/Data/IMG/right_2019_03_01_18_30_26_582.jpg, -0.08282661, 1, 0, 30.19073
/home/zubin/Desktop/Self-driving-car-simulation/Data/IMG/center_2019_03_01_18_30_26_698.jpg, /home/zubin/Desktop/Self-driving-car-simulation/Data/IMG/left_2019_03_01_18_30_26_698.jpg, /home/zubin/Desktop/Self-driving-car-simulation/Data/IMG/right_2019_03_01_18_30_26_698.jpg, 0, 1, 0, 30.19015
/home/zubin/Desktop/Self-driving-car-simulation/Data/IMG/center_2019_03_01_18_30_26_814.jpg, /home/zubin/Desktop/Self-driving-car-simulation/Data/IMG/left_2019_03_01_18_30_26_814.jpg, /home/zubin/Desktop/Self-driving-car-simulation/Data/IMG/right_2019_03_01_18_30_26_814.jpg, 0, 1, 0, 30.19031
/home/zubin/Desktop/Self-driving-car-simulation/Data/IMG/center_2019_03_01_18_30_26_930.jpg, /home/zubin/Desktop/Self-driving-car-simulation/Data/IMG/left_2019_03_01_18_30_26_930.jpg, /home/zubin/Desktop/Self-driving-car-simulation/Data/IMG/right_2019_03_01_18_30_26_930.jpg, 0, 1, 0, 30.19031
/home/zubin/Desktop/Self-driving-car-simulation/Data/IMG/center_2019_03_01_18_30_27_047.jpg, /home/zubin/Desktop/Self-driving-car-simulation/Data/IMG/left_2019_03_01_18_30_27_047.jpg, /home/zubin/Desktop/Self-driving-car-simulation/Data/IMG/right_2019_03_01_18_30_27_047.jpg, 0, 1, 0, 30.1903
/home/zubin/Desktop/Self-driving-car-simulation/Data/IMG/center_2019_03_01_18_30_27_164.jpg, /home/zubin/Desktop/Self-driving-car-simulation/Data/IMG/left_2019_03_01_18_30_27_164.jpg, /home/zubin/Desktop/Self-driving-car-simulation/Data/IMG/right_2019_03_01_18_30_27_164.jpg, 0, 1, 0, 30.1903
/home/zubin/Desktop/Self-driving-car-simulation/Data/IMG/center_2019_03_01_18_30_27_278.jpg, /home/zubin/Desktop/Self-driving-car-simulation/Data/IMG/left_2019_03_01_18_30_27_278.jpg, /home/zubin/Desktop/Self-driving-car-simulation/Data/IMG/right_2019_03_01_18_30_27_278.jpg, 0, 1, 0, 30.19033
/home/zubin/Desktop/Self-driving-car-simulation/Data/IMG/center_2019_03_01_18_30_27_381.jpg, /home/zubin/Desktop/Self-driving-car-simulation/Data/IMG/left_2019_03_01_18_30_27_381.jpg, /home/zubin/Desktop/Self-driving-car-simulation/Data/IMG/right_2019_03_01_18_30_27_381.jpg, 0, 1, 0, 30.1903
/home/zubin/Desktop/Self-driving-car-simulation/Data/IMG/center_2019_03_01_18_30_27_497.jpg, /home/zubin/Desktop/Self-driving-car-simulation/Data/IMG/left_2019_03_01_18_30_27_497.jpg, /home/zubin/Desktop/Self-driving-car-simulation/Data/IMG/right_2019_03_01_18_30_27_497.jpg, 0, 1, 0, 30.19029
/home/zubin/Desktop/Self-driving-car-simulation/Data/IMG/center_2019_03_01_18_30_27_613.jpg, /home/zubin/Desktop/Self-driving-car-simulation/Data/IMG/left_2019_03_01_18_30_27_613.jpg, /home/zubin/Desktop/Self-driving-car-simulation/Data/IMG/right_2019_03_01_18_30_27_613.jpg, 0, 1, 0, 30.19027
/home/zubin/Desktop/Self-driving-car-simulation/Data/IMG/center_2019_03_01_18_30_27_727.jpg, /home/zubin/Desktop/Self-driving-car-simulation/Data/IMG/left_2019_03_01_18_30_27_727.jpg, /home/zubin/Desktop/Self-driving-car-simulation/Data/IMG/right_2019_03_01_18_30_27_727.jpg, 0, 1, 0, 30.1903
/home/zubin/Desktop/Self-driving-car-simulation/Data/IMG/center_2019_03_01_18_30_27_828.jpg, /home/zubin/Desktop/Self-driving-car-simulation/Data/IMG/left_2019_03_01_18_30_27_828.jpg, /home/zubin/Desktop/Self-driving-car-simulation/Data/IMG/right_2019_03_01_18_30_27_828.jpg, 0, 1, 0, 30.19028
/home/zubin/Desktop/Self-driving-car-simulation/Data/IMG/center_2019_03_01_18_30_27_945.jpg, /home/zubin/Desktop/Self-driving-car-simulation/Data/IMG/left_2019_03_01_18_30_27_945.jpg, /home/zubin/Desktop/Self-driving-car-simulation/Data/IMG/right_2019_03_01_18_30_27_945.jpg, 0, 1, 0, 30.19026
/home/zubin/Desktop/Self-driving-car-simulation/Data/IMG/center_2019_03_01_18_30_28_062.jpg, /home/zubin/Desktop/Self-driving-car-simulation/Data/IMG/left_2019_03_01_18_30_28_062.jpg, /home/zubin/Desktop/Self-driving-car-simulation/Data/IMG/right_2019_03_01_18_30_28_062.jpg, 0, 1, 0, 30.19063
/home/zubin/Desktop/Self-driving-car-simulation/Data/IMG/center_2019_03_01_18_30_28_178.jpg, /home/zubin/Desktop/Self-driving-car-simulation/Data/IMG/left_2019_03_01_18_30_28_178.jpg, /home/zubin/Desktop/Self-driving-car-simulation/Data/IMG/right_2019_03_01_18_30_28_178.jpg, 0, 1, 0, 30.1902
/home/zubin/Desktop/Self-driving-car-simulation/Data/IMG/center_2019_03_01_18_30_28_294.jpg, /home/zubin/Desktop/Self-driving-car-simulation/Data/IMG/left_2019_03_01_18_30_28_294.jpg, /home/zubin/Desktop/Self-driving-car-simulation/Data/IMG/right_2019_03_01_18_30_28_294.jpg, 0, 1, 0, 30.19036
/home/zubin/Desktop/Self-driving-car-simulation/Data/IMG/center_2019_03_01_18_30_28_411.jpg, /home/zubin/Desktop/Self-driving-car-simulation/Data/IMG/left_2019_03_01_18_30_28_411.jpg, /home/zubin/Desktop/Self-driving-car-simulation/Data/IMG/right_2019_03_01_18_30_28_411.jpg, -0.224277, 1, 0, 30.17652
/home/zubin/Desktop/Self-driving-car-simulation/Data/IMG/center_2019_03_01_18_30_28_511.jpg, /home/zubin/Desktop/Self-driving-car-simulation/Data/IMG/left_2019_03_01_18_30_28_511.jpg, /home/zubin/Desktop/Self-driving-car-simulation/Data/IMG/right_2019_03_01_18_30_28_511.jpg, 0, 1, 0, 30.18988
/home/zubin/Desktop/Self-driving-car-simulation/Data/IMG/center_2019_03_01_18_30_28_627.jpg, /home/zubin/Desktop/Self-driving-car-simulation/Data/IMG/left_2019_03_01_18_30_28_627.jpg, /home/zubin/Desktop/Self-driving-car-simulation/Data/IMG/right_2019_03_01_18_30_28_627.jpg, 0, 1, 0, 30.19028
/home/zubin/Desktop/Self-driving-car-simulation/Data/IMG/center_2019_03_01_18_30_28_728.jpg, /home/zubin/Desktop/Self-driving-car-simulation/Data/IMG/left_2019_03_01_18_30_28_728.jpg, /home/zubin/Desktop/Self-driving-car-simulation/Data/IMG/right_2019_03_01_18_30_28_728.jpg, 0, 1, 0, 30.19036
/home/zubin/Desktop/Self-driving-car-simulation/Data/IMG/center_2019_03_01_18_30_28_842.jpg, /home/zubin/Desktop/Self-driving-car-simulation/Data/IMG/left_2019_03_01_18_30_28_842.jpg, /home/zubin/Desktop/Self-driving-car-simulation/Data/IMG/right_2019_03_01_18_30_28_842.jpg, 0, 1, 0, 30.19029
/home/zubin/Desktop/Self-driving-car-simulation/Data/IMG/center_2019_03_01_18_30_28_943.jpg, /home/zubin/Desktop/Self-driving-car-simulation/Data/IMG/left_2019_03_01_18_30_28_943.jpg, /home/zubin/Desktop/Self-driving-car-simulation/Data/IMG/right_2019_03_01_18_30_28_943.jpg, 0, 1, 0, 30.19024
/home/zubin/Desktop/Self-driving-car-simulation/Data/IMG/center_2019_03_01_18_30_29_059.jpg, /home/zubin/Desktop/Self-driving-car-simulation/Data/IMG/left_2019_03_01_18_30_29_059.jpg, /home/zubin/Desktop/Self-driving-car-simulation/Data/IMG/right_2019_03_01_18_30_29_059.jpg, -0.3485491, 1, 0, 30.16241
/home/zubin/Desktop/Self-driving-car-simulation/Data/IMG/center_2019_03_01_18_30_29_174.jpg, /home/zubin/Desktop/Self-driving-car-simulation/Data/IMG/left_2019_03_01_18_30_29_174.jpg, /home/zubin/Desktop/Self-driving-car-simulation/Data/IMG/right_2019_03_01_18_30_29_174.jpg, -0.001785278, 1, 0, 30.18901
/home/zubin/Desktop/Self-driving-car-simulation/Data/IMG/center_2019_03_01_18_30_29_275.jpg, /home/zubin/Desktop/Self-driving-car-simulation/Data/IMG/left_2019_03_01_18_30_29_275.jpg, /home/zubin/Desktop/Self-driving-car-simulation/Data/IMG/right_2019_03_01_18_30_29_275.jpg, 0, 1, 0, 30.19038
/home/zubin/Desktop/Self-driving-car-simulation/Data/IMG/center_2019_03_01_18_30_29_376.jpg, /home/zubin/Desktop/Self-driving-car-simulation/Data/IMG/left_2019_03_01_18_30_29_376.jpg, /home/zubin/Desktop/Self-driving-car-simulation/Data/IMG/right_2019_03_01_18_30_29_376.jpg, 0, 1, 0, 30.19026
/home/zubin/Desktop/Self-driving-car-simulation/Data/IMG/center_2019_03_01_18_30_29_492.jpg, /home/zubin/Desktop/Self-driving-car-simulation/Data/IMG/left_2019_03_01_18_30_29_492.jpg, /home/zubin/Desktop/Self-driving-car-simulation/Data/IMG/right_2019_03_01_18_30_29_492.jpg, -0.04761887, 1, 0, 30.18971
/home/zubin/Desktop/Self-driving-car-simulation/Data/IMG/center_2019_03_01_18_30_29_607.jpg, /home/zubin/Desktop/Self-driving-car-simulation/Data/IMG/left_2019_03_01_18_30_29_607.jpg, /home/zubin/Desktop/Self-driving-car-simulation/Data/IMG/right_2019_03_01_18_30_29_607.jpg, -0.2512357, 1, 0, 30.17743
/home/zubin/Desktop/Self-driving-car-simulation/Data/IMG/center_2019_03_01_18_30_29_707.jpg, /home/zubin/Desktop/Self-driving-car-simulation/Data/IMG/left_2019_03_01_18_30_29_707.jpg, /home/zubin/Desktop/Self-driving-car-simulation/Data/IMG/right_2019_03_01_18_30_29_707.jpg, 0, 1, 0, 30.18917
/home/zubin/Desktop/Self-driving-car-simulation/Data/IMG/center_2019_03_01_18_30_29_826.jpg, /home/zubin/Desktop/Self-driving-car-simulation/Data/IMG/left_2019_03_01_18_30_29_826.jpg, /home/zubin/Desktop/Self-driving-car-simulation/Data/IMG/right_2019_03_01_18_30_29_826.jpg, 0, 1, 0, 30.18971
/home/zubin/Desktop/Self-driving-car-simulation/Data/IMG/center_2019_03_01_18_30_29_938.jpg, /home/zubin/Desktop/Self-driving-car-simulation/Data/IMG/left_2019_03_01_18_30_29_938.jpg, /home/zubin/Desktop/Self-driving-car-simulation/Data/IMG/right_2019_03_01_18_30_29_938.jpg, -0.04536366, 1, 0, 30.19074
/home/zubin/Desktop/Self-driving-car-simulation/Data/IMG/center_2019_03_01_18_30_30_039.jpg, /home/zubin/Desktop/Self-driving-car-simulation/Data/IMG/left_2019_03_01_18_30_30_039.jpg, /home/zubin/Desktop/Self-driving-car-simulation/Data/IMG/right_2019_03_01_18_30_30_039.jpg, -0.2561545, 1, 0, 30.17472
/home/zubin/Desktop/Self-driving-car-simulation/Data/IMG/center_2019_03_01_18_30_30_140.jpg, /home/zubin/Desktop/Self-driving-car-simulation/Data/IMG/left_2019_03_01_18_30_30_140.jpg, /home/zubin/Desktop/Self-driving-car-simulation/Data/IMG/right_2019_03_01_18_30_30_140.jpg, 0, 1, 0, 30.18879
/home/zubin/Desktop/Self-driving-car-simulation/Data/IMG/center_2019_03_01_18_30_30_257.jpg, /home/zubin/Desktop/Self-driving-car-simulation/Data/IMG/left_2019_03_01_18_30_30_257.jpg, /home/zubin/Desktop/Self-driving-car-simulation/Data/IMG/right_2019_03_01_18_30_30_257.jpg, 0, 1, 0, 30.19005
/home/zubin/Desktop/Self-driving-car-simulation/Data/IMG/center_2019_03_01_18_30_30_375.jpg, /home/zubin/Desktop/Self-driving-car-simulation/Data/IMG/left_2019_03_01_18_30_30_375.jpg, /home/zubin/Desktop/Self-driving-car-simulation/Data/IMG/right_2019_03_01_18_30_30_375.jpg, -0.1106129, 1, 0, 30.18633
/home/zubin/Desktop/Self-driving-car-simulation/Data/IMG/center_2019_03_01_18_30_30_492.jpg, /home/zubin/Desktop/Self-driving-car-simulation/Data/IMG/left_2019_03_01_18_30_30_492.jpg, /home/zubin/Desktop/Self-driving-car-simulation/Data/IMG/right_2019_03_01_18_30_30_492.jpg, -0.09893131, 1, 0, 30.19016
/home/zubin/Desktop/Self-driving-car-simulation/Data/IMG/center_2019_03_01_18_30_30_606.jpg, /home/zubin/Desktop/Self-driving-car-simulation/Data/IMG/left_2019_03_01_18_30_30_606.jpg, /home/zubin/Desktop/Self-driving-car-simulation/Data/IMG/right_2019_03_01_18_30_30_606.jpg, 0, 1, 0, 30.18931
/home/zubin/Desktop/Self-driving-car-simulation/Data/IMG/center_2019_03_01_18_30_30_724.jpg, /home/zubin/Desktop/Self-driving-car-simulation/Data/IMG/left_2019_03_01_18_30_30_724.jpg, /home/zubin/Desktop/Self-driving-car-simulation/Data/IMG/right_2019_03_01_18_30_30_724.jpg, 0, 1, 0, 30.19061
/home/zubin/Desktop/Self-driving-car-simulation/Data/IMG/center_2019_03_01_18_30_30_839.jpg, /home/zubin/Desktop/Self-driving-car-simulation/Data/IMG/left_2019_03_01_18_30_30_839.jpg, /home/zubin/Desktop/Self-driving-car-simulation/Data/IMG/right_2019_03_01_18_30_30_839.jpg, -0.2055566, 1, 0, 30.17968
/home/zubin/Desktop/Self-driving-car-simulation/Data/IMG/center_2019_03_01_18_30_30_957.jpg, /home/zubin/Desktop/Self-driving-car-simulation/Data/IMG/left_2019_03_01_18_30_30_957.jpg, /home/zubin/Desktop/Self-driving-car-simulation/Data/IMG/right_2019_03_01_18_30_30_957.jpg, -0.3455787, 1, 0, 30.17648
/home/zubin/Desktop/Self-driving-car-simulation/Data/IMG/center_2019_03_01_18_30_31_071.jpg, /home/zubin/Desktop/Self-driving-car-simulation/Data/IMG/left_2019_03_01_18_30_31_071.jpg, /home/zubin/Desktop/Self-driving-car-simulation/Data/IMG/right_2019_03_01_18_30_31_071.jpg, -0.05324936, 1, 0, 30.19027
/home/zubin/Desktop/Self-driving-car-simulation/Data/IMG/center_2019_03_01_18_30_31_171.jpg, /home/zubin/Desktop/Self-driving-car-simulation/Data/IMG/left_2019_03_01_18_30_31_171.jpg, /home/zubin/Desktop/Self-driving-car-simulation/Data/IMG/right_2019_03_01_18_30_31_171.jpg, 0, 1, 0, 30.18948
/home/zubin/Desktop/Self-driving-car-simulation/Data/IMG/center_2019_03_01_18_30_31_288.jpg, /home/zubin/Desktop/Self-driving-car-simulation/Data/IMG/left_2019_03_01_18_30_31_288.jpg, /home/zubin/Desktop/Self-driving-car-simulation/Data/IMG/right_2019_03_01_18_30_31_288.jpg, -0.2903244, 1, 0, 30.17626
/home/zubin/Desktop/Self-driving-car-simulation/Data/IMG/center_2019_03_01_18_30_31_389.jpg, /home/zubin/Desktop/Self-driving-car-simulation/Data/IMG/left_2019_03_01_18_30_31_389.jpg, /home/zubin/Desktop/Self-driving-car-simulation/Data/IMG/right_2019_03_01_18_30_31_389.jpg, 0, 1, 0, 30.18918
/home/zubin/Desktop/Self-driving-car-simulation/Data/IMG/center_2019_03_01_18_30_31_507.jpg, /home/zubin/Desktop/Self-driving-car-simulation/Data/IMG/left_2019_03_01_18_30_31_507.jpg, /home/zubin/Desktop/Self-driving-car-simulation/Data/IMG/right_2019_03_01_18_30_31_507.jpg, 0, 1, 0, 30.19012
/home/zubin/Desktop/Self-driving-car-simulation/Data/IMG/center_2019_03_01_18_30_31_623.jpg, /home/zubin/Desktop/Self-driving-car-simulation/Data/IMG/left_2019_03_01_18_30_31_623.jpg, /home/zubin/Desktop/Self-driving-car-simulation/Data/IMG/right_2019_03_01_18_30_31_623.jpg, -0.3479218, 1, 0, 30.1658
/home/zubin/Desktop/Self-driving-car-simulation/Data/IMG/center_2019_03_01_18_30_31_738.jpg, /home/zubin/Desktop/Self-driving-car-simulation/Data/IMG/left_2019_03_01_18_30_31_738.jpg, /home/zubin/Desktop/Self-driving-car-simulation/Data/IMG/right_2019_03_01_18_30_31_738.jpg, -0.002750874, 1, 0, 30.18926
/home/zubin/Desktop/Self-driving-car-simulation/Data/IMG/center_2019_03_01_18_30_31_840.jpg, /home/zubin/Desktop/Self-driving-car-simulation/Data/IMG/left_2019_03_01_18_30_31_840.jpg, /home/zubin/Desktop/Self-driving-car-simulation/Data/IMG/right_2019_03_01_18_30_31_840.jpg, -0.3074877, 1, 0, 30.17515
/home/zubin/Desktop/Self-driving-car-simulation/Data/IMG/center_2019_03_01_18_30_31_940.jpg, /home/zubin/Desktop/Self-driving-car-simulation/Data/IMG/left_2019_03_01_18_30_31_940.jpg, /home/zubin/Desktop/Self-driving-car-simulation/Data/IMG/right_2019_03_01_18_30_31_940.jpg, -0.6084538, 1, 0, 30.13236
/home/zubin/Desktop/Self-driving-car-simulation/Data/IMG/center_2019_03_01_18_30_32_056.jpg, /home/zubin/Desktop/Self-driving-car-simulation/Data/IMG/left_2019_03_01_18_30_32_056.jpg, /home/zubin/Desktop/Self-driving-car-simulation/Data/IMG/right_2019_03_01_18_30_32_056.jpg, -0.9564722, 1, 0, 30.09472
/home/zubin/Desktop/Self-driving-car-simulation/Data/IMG/center_2019_03_01_18_30_32_156.jpg, /home/zubin/Desktop/Self-driving-car-simulation/Data/IMG/left_2019_03_01_18_30_32_156.jpg, /home/zubin/Desktop/Self-driving-car-simulation/Data/IMG/right_2019_03_01_18_30_32_156.jpg, -0.6560884, 1, 0, 30.18251
/home/zubin/Desktop/Self-driving-car-simulation/Data/IMG/center_2019_03_01_18_30_32_257.jpg, /home/zubin/Desktop/Self-driving-car-simulation/Data/IMG/left_2019_03_01_18_30_32_257.jpg, /home/zubin/Desktop/Self-driving-car-simulation/Data/IMG/right_2019_03_01_18_30_32_257.jpg, -0.3544142, 1, 0, 30.20428
/home/zubin/Desktop/Self-driving-car-simulation/Data/IMG/center_2019_03_01_18_30_32_374.jpg, /home/zubin/Desktop/Self-driving-car-simulation/Data/IMG/left_2019_03_01_18_30_32_374.jpg, /home/zubin/Desktop/Self-driving-car-simulation/Data/IMG/right_2019_03_01_18_30_32_374.jpg, -0.003672123, 1, 0, 30.18687
/home/zubin/Desktop/Self-driving-car-simulation/Data/IMG/center_2019_03_01_18_30_32_494.jpg, /home/zubin/Desktop/Self-driving-car-simulation/Data/IMG/left_2019_03_01_18_30_32_494.jpg, /home/zubin/Desktop/Self-driving-car-simulation/Data/IMG/right_2019_03_01_18_30_32_494.jpg, 0, 1, 0, 30.19048
/home/zubin/Desktop/Self-driving-car-simulation/Data/IMG/center_2019_03_01_18_30_32_606.jpg, /home/zubin/Desktop/Self-driving-car-simulation/Data/IMG/left_2019_03_01_18_30_32_606.jpg, /home/zubin/Desktop/Self-driving-car-simulation/Data/IMG/right_2019_03_01_18_30_32_606.jpg, 0, 1, 0, 30.19009
/home/zubin/Desktop/Self-driving-car-simulation/Data/IMG/center_2019_03_01_18_30_32_706.jpg, /home/zubin/Desktop/Self-driving-car-simulation/Data/IMG/left_2019_03_01_18_30_32_706.jpg, /home/zubin/Desktop/Self-driving-car-simulation/Data/IMG/right_2019_03_01_18_30_32_706.jpg, 0, 1, 0, 30.19058
/home/zubin/Desktop/Self-driving-car-simulation/Data/IMG/center_2019_03_01_18_30_32_824.jpg, /home/zubin/Desktop/Self-driving-car-simulation/Data/IMG/left_2019_03_01_18_30_32_824.jpg, /home/zubin/Desktop/Self-driving-car-simulation/Data/IMG/right_2019_03_01_18_30_32_824.jpg, 0, 1, 0, 30.18976
/home/zubin/Desktop/Self-driving-car-simulation/Data/IMG/center_2019_03_01_18_30_32_925.jpg, /home/zubin/Desktop/Self-driving-car-simulation/Data/IMG/left_2019_03_01_18_30_32_925.jpg, /home/zubin/Desktop/Self-driving-car-simulation/Data/IMG/right_2019_03_01_18_30_32_925.jpg, -0.06018019, 1, 0, 30.18888
/home/zubin/Desktop/Self-driving-car-simulation/Data/IMG/center_2019_03_01_18_30_33_039.jpg, /home/zubin/Desktop/Self-driving-car-simulation/Data/IMG/left_2019_03_01_18_30_33_039.jpg, /home/zubin/Desktop/Self-driving-car-simulation/Data/IMG/right_2019_03_01_18_30_33_039.jpg, -0.09870386, 1, 0, 30.19009
/home/zubin/Desktop/Self-driving-car-simulation/Data/IMG/center_2019_03_01_18_30_33_140.jpg, /home/zubin/Desktop/Self-driving-car-simulation/Data/IMG/left_2019_03_01_18_30_33_140.jpg, /home/zubin/Desktop/Self-driving-car-simulation/Data/IMG/right_2019_03_01_18_30_33_140.jpg, 0, 1, 0, 30.19008
/home/zubin/Desktop/Self-driving-car-simulation/Data/IMG/center_2019_03_01_18_30_33_254.jpg, /home/zubin/Desktop/Self-driving-car-simulation/Data/IMG/left_2019_03_01_18_30_33_254.jpg, /home/zubin/Desktop/Self-driving-car-simulation/Data/IMG/right_2019_03_01_18_30_33_254.jpg, 0, 1, 0, 30.19089
/home/zubin/Desktop/Self-driving-car-simulation/Data/IMG/center_2019_03_01_18_30_33_355.jpg, /home/zubin/Desktop/Self-driving-car-simulation/Data/IMG/left_2019_03_01_18_30_33_355.jpg, /home/zubin/Desktop/Self-driving-car-simulation/Data/IMG/right_2019_03_01_18_30_33_355.jpg, -0.04953289, 1, 0, 30.18991
/home/zubin/Desktop/Self-driving-car-simulation/Data/IMG/center_2019_03_01_18_30_33_456.jpg, /home/zubin/Desktop/Self-driving-car-simulation/Data/IMG/left_2019_03_01_18_30_33_456.jpg, /home/zubin/Desktop/Self-driving-car-simulation/Data/IMG/right_2019_03_01_18_30_33_456.jpg, -0.1512265, 1, 0, 30.18775
/home/zubin/Desktop/Self-driving-car-simulation/Data/IMG/center_2019_03_01_18_30_33_557.jpg, /home/zubin/Desktop/Self-driving-car-simulation/Data/IMG/left_2019_03_01_18_30_33_557.jpg, /home/zubin/Desktop/Self-driving-car-simulation/Data/IMG/right_2019_03_01_18_30_33_557.jpg, 0, 1, 0, 30.18992
/home/zubin/Desktop/Self-driving-car-simulation/Data/IMG/center_2019_03_01_18_30_33_672.jpg, /home/zubin/Desktop/Self-driving-car-simulation/Data/IMG/left_2019_03_01_18_30_33_672.jpg, /home/zubin/Desktop/Self-driving-car-simulation/Data/IMG/right_2019_03_01_18_30_33_672.jpg, 0, 1, 0, 30.19078
/home/zubin/Desktop/Self-driving-car-simulation/Data/IMG/center_2019_03_01_18_30_33_774.jpg, /home/zubin/Desktop/Self-driving-car-simulation/Data/IMG/left_2019_03_01_18_30_33_774.jpg, /home/zubin/Desktop/Self-driving-car-simulation/Data/IMG/right_2019_03_01_18_30_33_774.jpg, -0.1748364, 1, 0, 30.18165
/home/zubin/Desktop/Self-driving-car-simulation/Data/IMG/center_2019_03_01_18_30_33_888.jpg, /home/zubin/Desktop/Self-driving-car-simulation/Data/IMG/left_2019_03_01_18_30_33_888.jpg, /home/zubin/Desktop/Self-driving-car-simulation/Data/IMG/right_2019_03_01_18_30_33_888.jpg, -0.1383741, 1, 0, 30.19048
/home/zubin/Desktop/Self-driving-car-simulation/Data/IMG/center_2019_03_01_18_30_33_989.jpg, /home/zubin/Desktop/Self-driving-car-simulation/Data/IMG/left_2019_03_01_18_30_33_989.jpg, /home/zubin/Desktop/Self-driving-car-simulation/Data/IMG/right_2019_03_01_18_30_33_989.jpg, 0, 1, 0, 30.18982
/home/zubin/Desktop/Self-driving-car-simulation/Data/IMG/center_2019_03_01_18_30_34_107.jpg, /home/zubin/Desktop/Self-driving-car-simulation/Data/IMG/left_2019_03_01_18_30_34_107.jpg, /home/zubin/Desktop/Self-driving-car-simulation/Data/IMG/right_2019_03_01_18_30_34_107.jpg, -0.35397, 1, 0, 30.16511
/home/zubin/Desktop/Self-driving-car-simulation/Data/IMG/center_2019_03_01_18_30_34_220.jpg, /home/zubin/Desktop/Self-driving-car-simulation/Data/IMG/left_2019_03_01_18_30_34_220.jpg, /home/zubin/Desktop/Self-driving-car-simulation/Data/IMG/right_2019_03_01_18_30_34_220.jpg, -0.01281309, 1, 0, 30.18936
/home/zubin/Desktop/Self-driving-car-simulation/Data/IMG/center_2019_03_01_18_30_34_321.jpg, /home/zubin/Desktop/Self-driving-car-simulation/Data/IMG/left_2019_03_01_18_30_34_321.jpg, /home/zubin/Desktop/Self-driving-car-simulation/Data/IMG/right_2019_03_01_18_30_34_321.jpg, 0, 1, 0, 30.18999
/home/zubin/Desktop/Self-driving-car-simulation/Data/IMG/center_2019_03_01_18_30_34_439.jpg, /home/zubin/Desktop/Self-driving-car-simulation/Data/IMG/left_2019_03_01_18_30_34_439.jpg, /home/zubin/Desktop/Self-driving-car-simulation/Data/IMG/right_2019_03_01_18_30_34_439.jpg, 0, 1, 0, 30.19031
/home/zubin/Desktop/Self-driving-car-simulation/Data/IMG/center_2019_03_01_18_30_34_540.jpg, /home/zubin/Desktop/Self-driving-car-simulation/Data/IMG/left_2019_03_01_18_30_34_540.jpg, /home/zubin/Desktop/Self-driving-car-simulation/Data/IMG/right_2019_03_01_18_30_34_540.jpg, 0, 1, 0, 30.19029
/home/zubin/Desktop/Self-driving-car-simulation/Data/IMG/center_2019_03_01_18_30_34_655.jpg, /home/zubin/Desktop/Self-driving-car-simulation/Data/IMG/left_2019_03_01_18_30_34_655.jpg, /home/zubin/Desktop/Self-driving-car-simulation/Data/IMG/right_2019_03_01_18_30_34_655.jpg, -0.3457525, 1, 0, 30.16402
/home/zubin/Desktop/Self-driving-car-simulation/Data/IMG/center_2019_03_01_18_30_34_756.jpg, /home/zubin/Desktop/Self-driving-car-simulation/Data/IMG/left_2019_03_01_18_30_34_756.jpg, /home/zubin/Desktop/Self-driving-car-simulation/Data/IMG/right_2019_03_01_18_30_34_756.jpg, -0.5445049, 1, 0, 30.14342
/home/zubin/Desktop/Self-driving-car-simulation/Data/IMG/center_2019_03_01_18_30_34_872.jpg, /home/zubin/Desktop/Self-driving-car-simulation/Data/IMG/left_2019_03_01_18_30_34_872.jpg, /home/zubin/Desktop/Self-driving-car-simulation/Data/IMG/right_2019_03_01_18_30_34_872.jpg, -0.2506735, 1, 0, 30.19398
/home/zubin/Desktop/Self-driving-car-simulation/Data/IMG/center_2019_03_01_18_30_34_988.jpg, /home/zubin/Desktop/Self-driving-car-simulation/Data/IMG/left_2019_03_01_18_30_34_988.jpg, /home/zubin/Desktop/Self-driving-car-simulation/Data/IMG/right_2019_03_01_18_30_34_988.jpg, 0, 1, 0, 30.18807
/home/zubin/Desktop/Self-driving-car-simulation/Data/IMG/center_2019_03_01_18_30_35_106.jpg, /home/zubin/Desktop/Self-driving-car-simulation/Data/IMG/left_2019_03_01_18_30_35_106.jpg, /home/zubin/Desktop/Self-driving-car-simulation/Data/IMG/right_2019_03_01_18_30_35_106.jpg, -0.1104569, 1, 0, 30.18971
/home/zubin/Desktop/Self-driving-car-simulation/Data/IMG/center_2019_03_01_18_30_35_221.jpg, /home/zubin/Desktop/Self-driving-car-simulation/Data/IMG/left_2019_03_01_18_30_35_221.jpg, /home/zubin/Desktop/Self-driving-car-simulation/Data/IMG/right_2019_03_01_18_30_35_221.jpg, -0.2570071, 1, 0, 30.18437
/home/zubin/Desktop/Self-driving-car-simulation/Data/IMG/center_2019_03_01_18_30_35_324.jpg, /home/zubin/Desktop/Self-driving-car-simulation/Data/IMG/left_2019_03_01_18_30_35_324.jpg, /home/zubin/Desktop/Self-driving-car-simulation/Data/IMG/right_2019_03_01_18_30_35_324.jpg, 0, 1, 0, 30.18862
/home/zubin/Desktop/Self-driving-car-simulation/Data/IMG/center_2019_03_01_18_30_35_437.jpg, /home/zubin/Desktop/Self-driving-car-simulation/Data/IMG/left_2019_03_01_18_30_35_437.jpg, /home/zubin/Desktop/Self-driving-car-simulation/Data/IMG/right_2019_03_01_18_30_35_437.jpg, 0, 1, 0, 30.19022
/home/zubin/Desktop/Self-driving-car-simulation/Data/IMG/center_2019_03_01_18_30_35_556.jpg, /home/zubin/Desktop/Self-driving-car-simulation/Data/IMG/left_2019_03_01_18_30_35_556.jpg, /home/zubin/Desktop/Self-driving-car-simulation/Data/IMG/right_2019_03_01_18_30_35_556.jpg, 0, 1, 0, 30.19081
/home/zubin/Desktop/Self-driving-car-simulation/Data/IMG/center_2019_03_01_18_30_35_671.jpg, /home/zubin/Desktop/Self-driving-car-simulation/Data/IMG/left_2019_03_01_18_30_35_671.jpg, /home/zubin/Desktop/Self-driving-car-simulation/Data/IMG/right_2019_03_01_18_30_35_671.jpg, 0, 1, 0, 30.18995
/home/zubin/Desktop/Self-driving-car-simulation/Data/IMG/center_2019_03_01_18_30_35_787.jpg, /home/zubin/Desktop/Self-driving-car-simulation/Data/IMG/left_2019_03_01_18_30_35_787.jpg, /home/zubin/Desktop/Self-driving-car-simulation/Data/IMG/right_2019_03_01_18_30_35_787.jpg, 0, 1, 0, 30.19075
/home/zubin/Desktop/Self-driving-car-simulation/Data/IMG/center_2019_03_01_18_30_35_888.jpg, /home/zubin/Desktop/Self-driving-car-simulation/Data/IMG/left_2019_03_01_18_30_35_888.jpg, /home/zubin/Desktop/Self-driving-car-simulation/Data/IMG/right_2019_03_01_18_30_35_888.jpg, 0, 1, 0, 30.19059
/home/zubin/Desktop/Self-driving-car-simulation/Data/IMG/center_2019_03_01_18_30_36_004.jpg, /home/zubin/Desktop/Self-driving-car-simulation/Data/IMG/left_2019_03_01_18_30_36_004.jpg, /home/zubin/Desktop/Self-driving-car-simulation/Data/IMG/right_2019_03_01_18_30_36_004.jpg, 0, 1, 0, 30.19026
/home/zubin/Desktop/Self-driving-car-simulation/Data/IMG/center_2019_03_01_18_30_36_104.jpg, /home/zubin/Desktop/Self-driving-car-simulation/Data/IMG/left_2019_03_01_18_30_36_104.jpg, /home/zubin/Desktop/Self-driving-car-simulation/Data/IMG/right_2019_03_01_18_30_36_104.jpg, 0, 1, 0, 30.19102
/home/zubin/Desktop/Self-driving-car-simulation/Data/IMG/center_2019_03_01_18_30_36_205.jpg, /home/zubin/Desktop/Self-driving-car-simulation/Data/IMG/left_2019_03_01_18_30_36_205.jpg, /home/zubin/Desktop/Self-driving-car-simulation/Data/IMG/right_2019_03_01_18_30_36_205.jpg, 0, 1, 0, 30.1905
/home/zubin/Desktop/Self-driving-car-simulation/Data/IMG/center_2019_03_01_18_30_36_320.jpg, /home/zubin/Desktop/Self-driving-car-simulation/Data/IMG/left_2019_03_01_18_30_36_320.jpg, /home/zubin/Desktop/Self-driving-car-simulation/Data/IMG/right_2019_03_01_18_30_36_320.jpg, 0, 1, 0, 30.19042
/home/zubin/Desktop/Self-driving-car-simulation/Data/IMG/center_2019_03_01_18_30_36_421.jpg, /home/zubin/Desktop/Self-driving-car-simulation/Data/IMG/left_2019_03_01_18_30_36_421.jpg, /home/zubin/Desktop/Self-driving-car-simulation/Data/IMG/right_2019_03_01_18_30_36_421.jpg, -0.2045131, 1, 0, 30.17902
/home/zubin/Desktop/Self-driving-car-simulation/Data/IMG/center_2019_03_01_18_30_36_536.jpg, /home/zubin/Desktop/Self-driving-car-simulation/Data/IMG/left_2019_03_01_18_30_36_536.jpg, /home/zubin/Desktop/Self-driving-car-simulation/Data/IMG/right_2019_03_01_18_30_36_536.jpg, -0.06029105, 1, 0, 30.19081
/home/zubin/Desktop/Self-driving-car-simulation/Data/IMG/center_2019_03_01_18_30_36_638.jpg, /home/zubin/Desktop/Self-driving-car-simulation/Data/IMG/left_2019_03_01_18_30_36_638.jpg, /home/zubin/Desktop/Self-driving-car-simulation/Data/IMG/right_2019_03_01_18_30_36_638.jpg, 0, 1, 0, 30.18987
/home/zubin/Desktop/Self-driving-car-simulation/Data/IMG/center_2019_03_01_18_30_36_752.jpg, /home/zubin/Desktop/Self-driving-car-simulation/Data/IMG/left_2019_03_01_18_30_36_752.jpg, /home/zubin/Desktop/Self-driving-car-simulation/Data/IMG/right_2019_03_01_18_30_36_752.jpg, 0, 1, 0, 30.1907
/home/zubin/Desktop/Self-driving-car-simulation/Data/IMG/center_2019_03_01_18_30_36_867.jpg, /home/zubin/Desktop/Self-driving-car-simulation/Data/IMG/left_2019_03_01_18_30_36_867.jpg, /home/zubin/Desktop/Self-driving-car-simulation/Data/IMG/right_2019_03_01_18_30_36_867.jpg, 0, 1, 0, 30.19015
/home/zubin/Desktop/Self-driving-car-simulation/Data/IMG/center_2019_03_01_18_30_36_969.jpg, /home/zubin/Desktop/Self-driving-car-simulation/Data/IMG/left_2019_03_01_18_30_36_969.jpg, /home/zubin/Desktop/Self-driving-car-simulation/Data/IMG/right_2019_03_01_18_30_36_969.jpg, -0.1048408, 1, 0, 30.1883
/home/zubin/Desktop/Self-driving-car-simulation/Data/IMG/center_2019_03_01_18_30_37_070.jpg, /home/zubin/Desktop/Self-driving-car-simulation/Data/IMG/left_2019_03_01_18_30_37_070.jpg, /home/zubin/Desktop/Self-driving-car-simulation/Data/IMG/right_2019_03_01_18_30_37_070.jpg, -0.2008467, 1, 0, 30.18151
/home/zubin/Desktop/Self-driving-car-simulation/Data/IMG/center_2019_03_01_18_30_37_187.jpg, /home/zubin/Desktop/Self-driving-car-simulation/Data/IMG/left_2019_03_01_18_30_37_187.jpg, /home/zubin/Desktop/Self-driving-car-simulation/Data/IMG/right_2019_03_01_18_30_37_187.jpg, 0, 1, 0, 30.18966
/home/zubin/Desktop/Self-driving-car-simulation/Data/IMG/center_2019_03_01_18_30_37_287.jpg, /home/zubin/Desktop/Self-driving-car-simulation/Data/IMG/left_2019_03_01_18_30_37_287.jpg, /home/zubin/Desktop/Self-driving-car-simulation/Data/IMG/right_2019_03_01_18_30_37_287.jpg, 0, 1, 0, 30.1902
/home/zubin/Desktop/Self-driving-car-simulation/Data/IMG/center_2019_03_01_18_30_37_403.jpg, /home/zubin/Desktop/Self-driving-car-simulation/Data/IMG/left_2019_03_01_18_30_37_403.jpg, /home/zubin/Desktop/Self-driving-car-simulation/Data/IMG/right_2019_03_01_18_30_37_403.jpg, -0.102735, 1, 0, 30.18816
/home/zubin/Desktop/Self-driving-car-simulation/Data/IMG/center_2019_03_01_18_30_37_520.jpg, /home/zubin/Desktop/Self-driving-car-simulation/Data/IMG/left_2019_03_01_18_30_37_520.jpg, /home/zubin/Desktop/Self-driving-car-simulation/Data/IMG/right_2019_03_01_18_30_37_520.jpg, -0.453387, 1, 0, 30.14935
/home/zubin/Desktop/Self-driving-car-simulation/Data/IMG/center_2019_03_01_18_30_37_621.jpg, /home/zubin/Desktop/Self-driving-car-simulation/Data/IMG/left_2019_03_01_18_30_37_621.jpg, /home/zubin/Desktop/Self-driving-car-simulation/Data/IMG/right_2019_03_01_18_30_37_621.jpg, -0.1515749, 1, 0, 30.1921
/home/zubin/Desktop/Self-driving-car-simulation/Data/IMG/center_2019_03_01_18_30_37_734.jpg, /home/zubin/Desktop/Self-driving-car-simulation/Data/IMG/left_2019_03_01_18_30_37_734.jpg, /home/zubin/Desktop/Self-driving-car-simulation/Data/IMG/right_2019_03_01_18_30_37_734.jpg, 0, 1, 0, 30.18929
/home/zubin/Desktop/Self-driving-car-simulation/Data/IMG/center_2019_03_01_18_30_37_836.jpg, /home/zubin/Desktop/Self-driving-car-simulation/Data/IMG/left_2019_03_01_18_30_37_836.jpg, /home/zubin/Desktop/Self-driving-car-simulation/Data/IMG/right_2019_03_01_18_30_37_836.jpg, 0, 1, 0, 30.18951
/home/zubin/Desktop/Self-driving-car-simulation/Data/IMG/center_2019_03_01_18_30_37_953.jpg, /home/zubin/Desktop/Self-driving-car-simulation/Data/IMG/left_2019_03_01_18_30_37_953.jpg, /home/zubin/Desktop/Self-driving-car-simulation/Data/IMG/right_2019_03_01_18_30_37_953.jpg, -0.2955694, 1, 0, 30.17184
/home/zubin/Desktop/Self-driving-car-simulation/Data/IMG/center_2019_03_01_18_30_38_053.jpg, /home/zubin/Desktop/Self-driving-car-simulation/Data/IMG/left_2019_03_01_18_30_38_053.jpg, /home/zubin/Desktop/Self-driving-car-simulation/Data/IMG/right_2019_03_01_18_30_38_053.jpg, -0.08258057, 1, 0, 30.19109
/home/zubin/Desktop/Self-driving-car-simulation/Data/IMG/center_2019_03_01_18_30_38_153.jpg, /home/zubin/Desktop/Self-driving-car-simulation/Data/IMG/left_2019_03_01_18_30_38_153.jpg, /home/zubin/Desktop/Self-driving-car-simulation/Data/IMG/right_2019_03_01_18_30_38_153.jpg, 0, 1, 0, 30.19
/home/zubin/Desktop/Self-driving-car-simulation/Data/IMG/center_2019_03_01_18_30_38_268.jpg, /home/zubin/Desktop/Self-driving-car-simulation/Data/IMG/left_2019_03_01_18_30_38_268.jpg, /home/zubin/Desktop/Self-driving-car-simulation/Data/IMG/right_2019_03_01_18_30_38_268.jpg, 0, 1, 0, 30.19088
/home/zubin/Desktop/Self-driving-car-simulation/Data/IMG/center_2019_03_01_18_30_38_369.jpg, /home/zubin/Desktop/Self-driving-car-simulation/Data/IMG/left_2019_03_01_18_30_38_369.jpg, /home/zubin/Desktop/Self-driving-car-simulation/Data/IMG/right_2019_03_01_18_30_38_369.jpg, 0, 1, 0, 30.19
/home/zubin/Desktop/Self-driving-car-simulation/Data/IMG/center_2019_03_01_18_30_38_485.jpg, /home/zubin/Desktop/Self-driving-car-simulation/Data/IMG/left_2019_03_01_18_30_38_485.jpg, /home/zubin/Desktop/Self-driving-car-simulation/Data/IMG/right_2019_03_01_18_30_38_485.jpg, 0, 1, 0, 30.19025
/home/zubin/Desktop/Self-driving-car-simulation/Data/IMG/center_2019_03_01_18_30_38_603.jpg, /home/zubin/Desktop/Self-driving-car-simulation/Data/IMG/left_2019_03_01_18_30_38_603.jpg, /home/zubin/Desktop/Self-driving-car-simulation/Data/IMG/right_2019_03_01_18_30_38_603.jpg, 0, 1, 0, 30.19139
/home/zubin/Desktop/Self-driving-car-simulation/Data/IMG/center_2019_03_01_18_30_38_720.jpg, /home/zubin/Desktop/Self-driving-car-simulation/Data/IMG/left_2019_03_01_18_30_38_720.jpg, /home/zubin/Desktop/Self-driving-car-simulation/Data/IMG/right_2019_03_01_18_30_38_720.jpg, -0.1942735, 1, 0, 30.1798
/home/zubin/Desktop/Self-driving-car-simulation/Data/IMG/center_2019_03_01_18_30_38_834.jpg, /home/zubin/Desktop/Self-driving-car-simulation/Data/IMG/left_2019_03_01_18_30_38_834.jpg, /home/zubin/Desktop/Self-driving-car-simulation/Data/IMG/right_2019_03_01_18_30_38_834.jpg, -0.1706514, 1, 0, 30.18985
/home/zubin/Desktop/Self-driving-car-simulation/Data/IMG/center_2019_03_01_18_30_38_952.jpg, /home/zubin/Desktop/Self-driving-car-simulation/Data/IMG/left_2019_03_01_18_30_38_952.jpg, /home/zubin/Desktop/Self-driving-car-simulation/Data/IMG/right_2019_03_01_18_30_38_952.jpg, 0, 1, 0, 30.18941
/home/zubin/Desktop/Self-driving-car-simulation/Data/IMG/center_2019_03_01_18_30_39_068.jpg, /home/zubin/Desktop/Self-driving-car-simulation/Data/IMG/left_2019_03_01_18_30_39_068.jpg, /home/zubin/Desktop/Self-driving-car-simulation/Data/IMG/right_2019_03_01_18_30_39_068.jpg, 0, 1, 0, 30.19007
/home/zubin/Desktop/Self-driving-car-simulation/Data/IMG/center_2019_03_01_18_30_39_168.jpg, /home/zubin/Desktop/Self-driving-car-simulation/Data/IMG/left_2019_03_01_18_30_39_168.jpg, /home/zubin/Desktop/Self-driving-car-simulation/Data/IMG/right_2019_03_01_18_30_39_168.jpg, 0, 1, 0, 30.1901
/home/zubin/Desktop/Self-driving-car-simulation/Data/IMG/center_2019_03_01_18_30_39_285.jpg, /home/zubin/Desktop/Self-driving-car-simulation/Data/IMG/left_2019_03_01_18_30_39_285.jpg, /home/zubin/Desktop/Self-driving-car-simulation/Data/IMG/right_2019_03_01_18_30_39_285.jpg, 0, 1, 0, 30.19011
/home/zubin/Desktop/Self-driving-car-simulation/Data/IMG/center_2019_03_01_18_30_39_401.jpg, /home/zubin/Desktop/Self-driving-car-simulation/Data/IMG/left_2019_03_01_18_30_39_401.jpg, /home/zubin/Desktop/Self-driving-car-simulation/Data/IMG/right_2019_03_01_18_30_39_401.jpg, 0, 1, 0, 30.19009
/home/zubin/Desktop/Self-driving-car-simulation/Data/IMG/center_2019_03_01_18_30_39_517.jpg, /home/zubin/Desktop/Self-driving-car-simulation/Data/IMG/left_2019_03_01_18_30_39_517.jpg, /home/zubin/Desktop/Self-driving-car-simulation/Data/IMG/right_2019_03_01_18_30_39_517.jpg, 0, 1, 0, 30.1901
/home/zubin/Desktop/Self-driving-car-simulation/Data/IMG/center_2019_03_01_18_30_39_617.jpg, /home/zubin/Desktop/Self-driving-car-simulation/Data/IMG/left_2019_03_01_18_30_39_617.jpg, /home/zubin/Desktop/Self-driving-car-simulation/Data/IMG/right_2019_03_01_18_30_39_617.jpg, -0.1958542, 1, 0, 30.18003
/home/zubin/Desktop/Self-driving-car-simulation/Data/IMG/center_2019_03_01_18_30_39_718.jpg, /home/zubin/Desktop/Self-driving-car-simulation/Data/IMG/left_2019_03_01_18_30_39_718.jpg, /home/zubin/Desktop/Self-driving-car-simulation/Data/IMG/right_2019_03_01_18_30_39_718.jpg, 0, 1, 0, 30.19003
/home/zubin/Desktop/Self-driving-car-simulation/Data/IMG/center_2019_03_01_18_30_39_830.jpg, /home/zubin/Desktop/Self-driving-car-simulation/Data/IMG/left_2019_03_01_18_30_39_830.jpg, /home/zubin/Desktop/Self-driving-car-simulation/Data/IMG/right_2019_03_01_18_30_39_830.jpg, 0, 1, 0, 30.19098
/home/zubin/Desktop/Self-driving-car-simulation/Data/IMG/center_2019_03_01_18_30_39_931.jpg, /home/zubin/Desktop/Self-driving-car-simulation/Data/IMG/left_2019_03_01_18_30_39_931.jpg, /home/zubin/Desktop/Self-driving-car-simulation/Data/IMG/right_2019_03_01_18_30_39_931.jpg, 0, 1, 0, 30.19053
/home/zubin/Desktop/Self-driving-car-simulation/Data/IMG/center_2019_03_01_18_30_40_033.jpg, /home/zubin/Desktop/Self-driving-car-simulation/Data/IMG/left_2019_03_01_18_30_40_033.jpg, /home/zubin/Desktop/Self-driving-car-simulation/Data/IMG/right_2019_03_01_18_30_40_033.jpg, 0, 1, 0, 30.19045
/home/zubin/Desktop/Self-driving-car-simulation/Data/IMG/center_2019_03_01_18_30_40_150.jpg, /home/zubin/Desktop/Self-driving-car-simulation/Data/IMG/left_2019_03_01_18_30_40_150.jpg, /home/zubin/Desktop/Self-driving-car-simulation/Data/IMG/right_2019_03_01_18_30_40_150.jpg, 0, 1, 0, 30.19045
/home/zubin/Desktop/Self-driving-car-simulation/Data/IMG/center_2019_03_01_18_30_40_267.jpg, /home/zubin/Desktop/Self-driving-car-simulation/Data/IMG/left_2019_03_01_18_30_40_267.jpg, /home/zubin/Desktop/Self-driving-car-simulation/Data/IMG/right_2019_03_01_18_30_40_267.jpg, -0.2009518, 1, 0, 30.17835
/home/zubin/Desktop/Self-driving-car-simulation/Data/IMG/center_2019_03_01_18_30_40_380.jpg, /home/zubin/Desktop/Self-driving-car-simulation/Data/IMG/left_2019_03_01_18_30_40_380.jpg, /home/zubin/Desktop/Self-driving-car-simulation/Data/IMG/right_2019_03_01_18_30_40_380.jpg, -0.07176304, 1, 0, 30.19084
/home/zubin/Desktop/Self-driving-car-simulation/Data/IMG/center_2019_03_01_18_30_40_481.jpg, /home/zubin/Desktop/Self-driving-car-simulation/Data/IMG/left_2019_03_01_18_30_40_481.jpg, /home/zubin/Desktop/Self-driving-car-simulation/Data/IMG/right_2019_03_01_18_30_40_481.jpg, 0, 1, 0, 30.1899
/home/zubin/Desktop/Self-driving-car-simulation/Data/IMG/center_2019_03_01_18_30_40_597.jpg, /home/zubin/Desktop/Self-driving-car-simulation/Data/IMG/left_2019_03_01_18_30_40_597.jpg, /home/zubin/Desktop/Self-driving-car-simulation/Data/IMG/right_2019_03_01_18_30_40_597.jpg, 0, 1, 0, 30.19059
/home/zubin/Desktop/Self-driving-car-simulation/Data/IMG/center_2019_03_01_18_30_40_697.jpg, /home/zubin/Desktop/Self-driving-car-simulation/Data/IMG/left_2019_03_01_18_30_40_697.jpg, /home/zubin/Desktop/Self-driving-car-simulation/Data/IMG/right_2019_03_01_18_30_40_697.jpg, 0, 1, 0, 30.19049
/home/zubin/Desktop/Self-driving-car-simulation/Data/IMG/center_2019_03_01_18_30_40_816.jpg, /home/zubin/Desktop/Self-driving-car-simulation/Data/IMG/left_2019_03_01_18_30_40_816.jpg, /home/zubin/Desktop/Self-driving-car-simulation/Data/IMG/right_2019_03_01_18_30_40_816.jpg, -0.05593228, 1, 0, 30.18993
/home/zubin/Desktop/Self-driving-car-simulation/Data/IMG/center_2019_03_01_18_30_40_929.jpg, /home/zubin/Desktop/Self-driving-car-simulation/Data/IMG/left_2019_03_01_18_30_40_929.jpg, /home/zubin/Desktop/Self-driving-car-simulation/Data/IMG/right_2019_03_01_18_30_40_929.jpg, -0.3506999, 1, 0, 30.16222
/home/zubin/Desktop/Self-driving-car-simulation/Data/IMG/center_2019_03_01_18_30_41_029.jpg, /home/zubin/Desktop/Self-driving-car-simulation/Data/IMG/left_2019_03_01_18_30_41_029.jpg, /home/zubin/Desktop/Self-driving-car-simulation/Data/IMG/right_2019_03_01_18_30_41_029.jpg, -0.04762745, 1, 0, 30.19067
/home/zubin/Desktop/Self-driving-car-simulation/Data/IMG/center_2019_03_01_18_30_41_132.jpg, /home/zubin/Desktop/Self-driving-car-simulation/Data/IMG/left_2019_03_01_18_30_41_132.jpg, /home/zubin/Desktop/Self-driving-car-simulation/Data/IMG/right_2019_03_01_18_30_41_132.jpg, 0, 1, 0, 30.18982
/home/zubin/Desktop/Self-driving-car-simulation/Data/IMG/center_2019_03_01_18_30_41_245.jpg, /home/zubin/Desktop/Self-driving-car-simulation/Data/IMG/left_2019_03_01_18_30_41_245.jpg, /home/zubin/Desktop/Self-driving-car-simulation/Data/IMG/right_2019_03_01_18_30_41_245.jpg, 0, 1, 0, 30.19026
/home/zubin/Desktop/Self-driving-car-simulation/Data/IMG/center_2019_03_01_18_30_41_346.jpg, /home/zubin/Desktop/Self-driving-car-simulation/Data/IMG/left_2019_03_01_18_30_41_346.jpg, /home/zubin/Desktop/Self-driving-car-simulation/Data/IMG/right_2019_03_01_18_30_41_346.jpg, 0, 1, 0, 30.1903
/home/zubin/Desktop/Self-driving-car-simulation/Data/IMG/center_2019_03_01_18_30_41_447.jpg, /home/zubin/Desktop/Self-driving-car-simulation/Data/IMG/left_2019_03_01_18_30_41_447.jpg, /home/zubin/Desktop/Self-driving-car-simulation/Data/IMG/right_2019_03_01_18_30_41_447.jpg, 0, 1, 0, 30.19029
/home/zubin/Desktop/Self-driving-car-simulation/Data/IMG/center_2019_03_01_18_30_41_566.jpg, /home/zubin/Desktop/Self-driving-car-simulation/Data/IMG/left_2019_03_01_18_30_41_566.jpg, /home/zubin/Desktop/Self-driving-car-simulation/Data/IMG/right_2019_03_01_18_30_41_566.jpg, 0, 1, 0, 30.1903
/home/zubin/Desktop/Self-driving-car-simulation/Data/IMG/center_2019_03_01_18_30_41_682.jpg, /home/zubin/Desktop/Self-driving-car-simulation/Data/IMG/left_2019_03_01_18_30_41_682.jpg, /home/zubin/Desktop/Self-driving-car-simulation/Data/IMG/right_2019_03_01_18_30_41_682.jpg, 0, 1, 0, 30.19032
/home/zubin/Desktop/Self-driving-car-simulation/Data/IMG/center_2019_03_01_18_30_41_796.jpg, /home/zubin/Desktop/Self-driving-car-simulation/Data/IMG/left_2019_03_01_18_30_41_796.jpg, /home/zubin/Desktop/Self-driving-car-simulation/Data/IMG/right_2019_03_01_18_30_41_796.jpg, -0.1520791, 1, 0, 30.18412
/home/zubin/Desktop/Self-driving-car-simulation/Data/IMG/center_2019_03_01_18_30_41_900.jpg, /home/zubin/Desktop/Self-driving-car-simulation/Data/IMG/left_2019_03_01_18_30_41_900.jpg, /home/zubin/Desktop/Self-driving-car-simulation/Data/IMG/right_2019_03_01_18_30_41_900.jpg, -0.05028248, 1, 0, 30.1907
/home/zubin/Desktop/Self-driving-car-simulation/Data/IMG/center_2019_03_01_18_30_42_016.jpg, /home/zubin/Desktop/Self-driving-car-simulation/Data/IMG/left_2019_03_01_18_30_42_016.jpg, /home/zubin/Desktop/Self-driving-car-simulation/Data/IMG/right_2019_03_01_18_30_42_016.jpg, 0, 1, 0, 30.19013
/home/zubin/Desktop/Self-driving-car-simulation/Data/IMG/center_2019_03_01_18_30_42_129.jpg, /home/zubin/Desktop/Self-driving-car-simulation/Data/IMG/left_2019_03_01_18_30_42_129.jpg, /home/zubin/Desktop/Self-driving-car-simulation/Data/IMG/right_2019_03_01_18_30_42_129.jpg, 0, 1, 0, 30.19031
/home/zubin/Desktop/Self-driving-car-simulation/Data/IMG/center_2019_03_01_18_30_42_232.jpg, /home/zubin/Desktop/Self-driving-car-simulation/Data/IMG/left_2019_03_01_18_30_42_232.jpg, /home/zubin/Desktop/Self-driving-car-simulation/Data/IMG/right_2019_03_01_18_30_42_232.jpg, 0, 1, 0, 30.1903
/home/zubin/Desktop/Self-driving-car-simulation/Data/IMG/center_2019_03_01_18_30_42_346.jpg, /home/zubin/Desktop/Self-driving-car-simulation/Data/IMG/left_2019_03_01_18_30_42_346.jpg, /home/zubin/Desktop/Self-driving-car-simulation/Data/IMG/right_2019_03_01_18_30_42_346.jpg, -0.3957961, 1, 0, 30.15423
/home/zubin/Desktop/Self-driving-car-simulation/Data/IMG/center_2019_03_01_18_30_42_447.jpg, /home/zubin/Desktop/Self-driving-car-simulation/Data/IMG/left_2019_03_01_18_30_42_447.jpg, /home/zubin/Desktop/Self-driving-car-simulation/Data/IMG/right_2019_03_01_18_30_42_447.jpg, -0.09210277, 1, 0, 30.19145
/home/zubin/Desktop/Self-driving-car-simulation/Data/IMG/center_2019_03_01_18_30_42_563.jpg, /home/zubin/Desktop/Self-driving-car-simulation/Data/IMG/left_2019_03_01_18_30_42_563.jpg, /home/zubin/Desktop/Self-driving-car-simulation/Data/IMG/right_2019_03_01_18_30_42_563.jpg, 0, 1, 0, 30.18975
/home/zubin/Desktop/Self-driving-car-simulation/Data/IMG/center_2019_03_01_18_30_42_678.jpg, /home/zubin/Desktop/Self-driving-car-simulation/Data/IMG/left_2019_03_01_18_30_42_678.jpg, /home/zubin/Desktop/Self-driving-car-simulation/Data/IMG/right_2019_03_01_18_30_42_678.jpg, 0, 1, 0, 30.19027
/home/zubin/Desktop/Self-driving-car-simulation/Data/IMG/center_2019_03_01_18_30_42_781.jpg, /home/zubin/Desktop/Self-driving-car-simulation/Data/IMG/left_2019_03_01_18_30_42_781.jpg, /home/zubin/Desktop/Self-driving-car-simulation/Data/IMG/right_2019_03_01_18_30_42_781.jpg, 0, 1, 0, 30.19029
/home/zubin/Desktop/Self-driving-car-simulation/Data/IMG/center_2019_03_01_18_30_42_894.jpg, /home/zubin/Desktop/Self-driving-car-simulation/Data/IMG/left_2019_03_01_18_30_42_894.jpg, /home/zubin/Desktop/Self-driving-car-simulation/Data/IMG/right_2019_03_01_18_30_42_894.jpg, 0, 1, 0, 30.19029
/home/zubin/Desktop/Self-driving-car-simulation/Data/IMG/center_2019_03_01_18_30_42_996.jpg, /home/zubin/Desktop/Self-driving-car-simulation/Data/IMG/left_2019_03_01_18_30_42_996.jpg, /home/zubin/Desktop/Self-driving-car-simulation/Data/IMG/right_2019_03_01_18_30_42_996.jpg, 0, 1, 0, 30.19032
/home/zubin/Desktop/Self-driving-car-simulation/Data/IMG/center_2019_03_01_18_30_43_111.jpg, /home/zubin/Desktop/Self-driving-car-simulation/Data/IMG/left_2019_03_01_18_30_43_111.jpg, /home/zubin/Desktop/Self-driving-car-simulation/Data/IMG/right_2019_03_01_18_30_43_111.jpg, -0.2993402, 1, 0, 30.16886
/home/zubin/Desktop/Self-driving-car-simulation/Data/IMG/center_2019_03_01_18_30_43_214.jpg, /home/zubin/Desktop/Self-driving-car-simulation/Data/IMG/left_2019_03_01_18_30_43_214.jpg, /home/zubin/Desktop/Self-driving-car-simulation/Data/IMG/right_2019_03_01_18_30_43_214.jpg, 0, 1, 0, 30.18916
/home/zubin/Desktop/Self-driving-car-simulation/Data/IMG/center_2019_03_01_18_30_43_314.jpg, /home/zubin/Desktop/Self-driving-car-simulation/Data/IMG/left_2019_03_01_18_30_43_314.jpg, /home/zubin/Desktop/Self-driving-car-simulation/Data/IMG/right_2019_03_01_18_30_43_314.jpg, 0, 1, 0, 30.19017
/home/zubin/Desktop/Self-driving-car-simulation/Data/IMG/center_2019_03_01_18_30_43_426.jpg, /home/zubin/Desktop/Self-driving-car-simulation/Data/IMG/left_2019_03_01_18_30_43_426.jpg, /home/zubin/Desktop/Self-driving-car-simulation/Data/IMG/right_2019_03_01_18_30_43_426.jpg, 0, 1, 0, 30.19029
/home/zubin/Desktop/Self-driving-car-simulation/Data/IMG/center_2019_03_01_18_30_43_529.jpg, /home/zubin/Desktop/Self-driving-car-simulation/Data/IMG/left_2019_03_01_18_30_43_529.jpg, /home/zubin/Desktop/Self-driving-car-simulation/Data/IMG/right_2019_03_01_18_30_43_529.jpg, 0, 1, 0, 30.1903
/home/zubin/Desktop/Self-driving-car-simulation/Data/IMG/center_2019_03_01_18_30_43_646.jpg, /home/zubin/Desktop/Self-driving-car-simulation/Data/IMG/left_2019_03_01_18_30_43_646.jpg, /home/zubin/Desktop/Self-driving-car-simulation/Data/IMG/right_2019_03_01_18_30_43_646.jpg, -0.1021471, 1, 0, 30.1877
/home/zubin/Desktop/Self-driving-car-simulation/Data/IMG/center_2019_03_01_18_30_43_761.jpg, /home/zubin/Desktop/Self-driving-car-simulation/Data/IMG/left_2019_03_01_18_30_43_761.jpg, /home/zubin/Desktop/Self-driving-car-simulation/Data/IMG/right_2019_03_01_18_30_43_761.jpg, -0.1474135, 1, 0, 30.18888
/home/zubin/Desktop/Self-driving-car-simulation/Data/IMG/center_2019_03_01_18_30_43_878.jpg, /home/zubin/Desktop/Self-driving-car-simulation/Data/IMG/left_2019_03_01_18_30_43_878.jpg, /home/zubin/Desktop/Self-driving-car-simulation/Data/IMG/right_2019_03_01_18_30_43_878.jpg, 0, 1, 0, 30.18975
/home/zubin/Desktop/Self-driving-car-simulation/Data/IMG/center_2019_03_01_18_30_43_995.jpg, /home/zubin/Desktop/Self-driving-car-simulation/Data/IMG/left_2019_03_01_18_30_43_995.jpg, /home/zubin/Desktop/Self-driving-car-simulation/Data/IMG/right_2019_03_01_18_30_43_995.jpg, 0, 1, 0, 30.19029
/home/zubin/Desktop/Self-driving-car-simulation/Data/IMG/center_2019_03_01_18_30_44_110.jpg, /home/zubin/Desktop/Self-driving-car-simulation/Data/IMG/left_2019_03_01_18_30_44_110.jpg, /home/zubin/Desktop/Self-driving-car-simulation/Data/IMG/right_2019_03_01_18_30_44_110.jpg, 0, 1, 0, 30.18987
/home/zubin/Desktop/Self-driving-car-simulation/Data/IMG/center_2019_03_01_18_30_44_211.jpg, /home/zubin/Desktop/Self-driving-car-simulation/Data/IMG/left_2019_03_01_18_30_44_211.jpg, /home/zubin/Desktop/Self-driving-car-simulation/Data/IMG/right_2019_03_01_18_30_44_211.jpg, 0, 1, 0, 30.19031
/home/zubin/Desktop/Self-driving-car-simulation/Data/IMG/center_2019_03_01_18_30_44_328.jpg, /home/zubin/Desktop/Self-driving-car-simulation/Data/IMG/left_2019_03_01_18_30_44_328.jpg, /home/zubin/Desktop/Self-driving-car-simulation/Data/IMG/right_2019_03_01_18_30_44_328.jpg, 0, 1, 0, 30.1903
/home/zubin/Desktop/Self-driving-car-simulation/Data/IMG/center_2019_03_01_18_30_44_443.jpg, /home/zubin/Desktop/Self-driving-car-simulation/Data/IMG/left_2019_03_01_18_30_44_443.jpg, /home/zubin/Desktop/Self-driving-car-simulation/Data/IMG/right_2019_03_01_18_30_44_443.jpg, -0.09697509, 1, 0, 30.18786
/home/zubin/Desktop/Self-driving-car-simulation/Data/IMG/center_2019_03_01_18_30_44_545.jpg, /home/zubin/Desktop/Self-driving-car-simulation/Data/IMG/left_2019_03_01_18_30_44_545.jpg, /home/zubin/Desktop/Self-driving-car-simulation/Data/IMG/right_2019_03_01_18_30_44_545.jpg, 0, 1, 0, 30.19028
/home/zubin/Desktop/Self-driving-car-simulation/Data/IMG/center_2019_03_01_18_30_44_660.jpg, /home/zubin/Desktop/Self-driving-car-simulation/Data/IMG/left_2019_03_01_18_30_44_660.jpg, /home/zubin/Desktop/Self-driving-car-simulation/Data/IMG/right_2019_03_01_18_30_44_660.jpg, 0, 1, 0, 30.1903
/home/zubin/Desktop/Self-driving-car-simulation/Data/IMG/center_2019_03_01_18_30_44_760.jpg, /home/zubin/Desktop/Self-driving-car-simulation/Data/IMG/left_2019_03_01_18_30_44_760.jpg, /home/zubin/Desktop/Self-driving-car-simulation/Data/IMG/right_2019_03_01_18_30_44_760.jpg, 0, 1, 0, 30.1903
/home/zubin/Desktop/Self-driving-car-simulation/Data/IMG/center_2019_03_01_18_30_44_877.jpg, /home/zubin/Desktop/Self-driving-car-simulation/Data/IMG/left_2019_03_01_18_30_44_877.jpg, /home/zubin/Desktop/Self-driving-car-simulation/Data/IMG/right_2019_03_01_18_30_44_877.jpg, 0, 1, 0, 30.1902
/home/zubin/Desktop/Self-driving-car-simulation/Data/IMG/center_2019_03_01_18_30_44_992.jpg, /home/zubin/Desktop/Self-driving-car-simulation/Data/IMG/left_2019_03_01_18_30_44_992.jpg, /home/zubin/Desktop/Self-driving-car-simulation/Data/IMG/right_2019_03_01_18_30_44_992.jpg, 0, 1, 0, 30.19046
/home/zubin/Desktop/Self-driving-car-simulation/Data/IMG/center_2019_03_01_18_30_45_092.jpg, /home/zubin/Desktop/Self-driving-car-simulation/Data/IMG/left_2019_03_01_18_30_45_092.jpg, /home/zubin/Desktop/Self-driving-car-simulation/Data/IMG/right_2019_03_01_18_30_45_092.jpg, 0, 1, 0, 30.18927
/home/zubin/Desktop/Self-driving-car-simulation/Data/IMG/center_2019_03_01_18_30_45_210.jpg, /home/zubin/Desktop/Self-driving-car-simulation/Data/IMG/left_2019_03_01_18_30_45_210.jpg, /home/zubin/Desktop/Self-driving-car-simulation/Data/IMG/right_2019_03_01_18_30_45_210.jpg, 0, 1, 0, 30.19055
/home/zubin/Desktop/Self-driving-car-simulation/Data/IMG/center_2019_03_01_18_30_45_329.jpg, /home/zubin/Desktop/Self-driving-car-simulation/Data/IMG/left_2019_03_01_18_30_45_329.jpg, /home/zubin/Desktop/Self-driving-car-simulation/Data/IMG/right_2019_03_01_18_30_45_329.jpg, 0, 1, 0, 30.19095
/home/zubin/Desktop/Self-driving-car-simulation/Data/IMG/center_2019_03_01_18_30_45_442.jpg, /home/zubin/Desktop/Self-driving-car-simulation/Data/IMG/left_2019_03_01_18_30_45_442.jpg, /home/zubin/Desktop/Self-driving-car-simulation/Data/IMG/right_2019_03_01_18_30_45_442.jpg, -0.1530004, 1, 0, 30.18701
/home/zubin/Desktop/Self-driving-car-simulation/Data/IMG/center_2019_03_01_18_30_45_542.jpg, /home/zubin/Desktop/Self-driving-car-simulation/Data/IMG/left_2019_03_01_18_30_45_542.jpg, /home/zubin/Desktop/Self-driving-car-simulation/Data/IMG/right_2019_03_01_18_30_45_542.jpg, 0, 1, 0, 30.18991
/home/zubin/Desktop/Self-driving-car-simulation/Data/IMG/center_2019_03_01_18_30_45_658.jpg, /home/zubin/Desktop/Self-driving-car-simulation/Data/IMG/left_2019_03_01_18_30_45_658.jpg, /home/zubin/Desktop/Self-driving-car-simulation/Data/IMG/right_2019_03_01_18_30_45_658.jpg, 0, 1, 0, 30.19027
/home/zubin/Desktop/Self-driving-car-simulation/Data/IMG/center_2019_03_01_18_30_45_759.jpg, /home/zubin/Desktop/Self-driving-car-simulation/Data/IMG/left_2019_03_01_18_30_45_759.jpg, /home/zubin/Desktop/Self-driving-car-simulation/Data/IMG/right_2019_03_01_18_30_45_759.jpg, 0, 1, 0, 30.19029
/home/zubin/Desktop/Self-driving-car-simulation/Data/IMG/center_2019_03_01_18_30_45_873.jpg, /home/zubin/Desktop/Self-driving-car-simulation/Data/IMG/left_2019_03_01_18_30_45_873.jpg, /home/zubin/Desktop/Self-driving-car-simulation/Data/IMG/right_2019_03_01_18_30_45_873.jpg, 0, 1, 0, 30.19029
/home/zubin/Desktop/Self-driving-car-simulation/Data/IMG/center_2019_03_01_18_30_45_992.jpg, /home/zubin/Desktop/Self-driving-car-simulation/Data/IMG/left_2019_03_01_18_30_45_992.jpg, /home/zubin/Desktop/Self-driving-car-simulation/Data/IMG/right_2019_03_01_18_30_45_992.jpg, 0, 1, 0, 30.1903
/home/zubin/Desktop/Self-driving-car-simulation/Data/IMG/center_2019_03_01_18_30_46_109.jpg, /home/zubin/Desktop/Self-driving-car-simulation/Data/IMG/left_2019_03_01_18_30_46_109.jpg, /home/zubin/Desktop/Self-driving-car-simulation/Data/IMG/right_2019_03_01_18_30_46_109.jpg, 0, 1, 0, 30.19031
/home/zubin/Desktop/Self-driving-car-simulation/Data/IMG/center_2019_03_01_18_30_46_224.jpg, /home/zubin/Desktop/Self-driving-car-simulation/Data/IMG/left_2019_03_01_18_30_46_224.jpg, /home/zubin/Desktop/Self-driving-car-simulation/Data/IMG/right_2019_03_01_18_30_46_224.jpg, 0, 1, 0, 30.19029
/home/zubin/Desktop/Self-driving-car-simulation/Data/IMG/center_2019_03_01_18_30_46_324.jpg, /home/zubin/Desktop/Self-driving-car-simulation/Data/IMG/left_2019_03_01_18_30_46_324.jpg, /home/zubin/Desktop/Self-driving-car-simulation/Data/IMG/right_2019_03_01_18_30_46_324.jpg, 0, 1, 0, 30.19027
/home/zubin/Desktop/Self-driving-car-simulation/Data/IMG/center_2019_03_01_18_30_46_441.jpg, /home/zubin/Desktop/Self-driving-car-simulation/Data/IMG/left_2019_03_01_18_30_46_441.jpg, /home/zubin/Desktop/Self-driving-car-simulation/Data/IMG/right_2019_03_01_18_30_46_441.jpg, 0, 1, 0, 30.1903
/home/zubin/Desktop/Self-driving-car-simulation/Data/IMG/center_2019_03_01_18_30_46_542.jpg, /home/zubin/Desktop/Self-driving-car-simulation/Data/IMG/left_2019_03_01_18_30_46_542.jpg, /home/zubin/Desktop/Self-driving-car-simulation/Data/IMG/right_2019_03_01_18_30_46_542.jpg, -0.1971831, 1, 0, 30.18026
/home/zubin/Desktop/Self-driving-car-simulation/Data/IMG/center_2019_03_01_18_30_46_658.jpg, /home/zubin/Desktop/Self-driving-car-simulation/Data/IMG/left_2019_03_01_18_30_46_658.jpg, /home/zubin/Desktop/Self-driving-car-simulation/Data/IMG/right_2019_03_01_18_30_46_658.jpg, 0, 1, 0, 30.18997
/home/zubin/Desktop/Self-driving-car-simulation/Data/IMG/center_2019_03_01_18_30_46_771.jpg, /home/zubin/Desktop/Self-driving-car-simulation/Data/IMG/left_2019_03_01_18_30_46_771.jpg, /home/zubin/Desktop/Self-driving-car-simulation/Data/IMG/right_2019_03_01_18_30_46_771.jpg, 0, 1, 0, 30.19026
/home/zubin/Desktop/Self-driving-car-simulation/Data/IMG/center_2019_03_01_18_30_46_873.jpg, /home/zubin/Desktop/Self-driving-car-simulation/Data/IMG/left_2019_03_01_18_30_46_873.jpg, /home/zubin/Desktop/Self-driving-car-simulation/Data/IMG/right_2019_03_01_18_30_46_873.jpg, 0, 1, 0, 30.19029
/home/zubin/Desktop/Self-driving-car-simulation/Data/IMG/center_2019_03_01_18_30_46_990.jpg, /home/zubin/Desktop/Self-driving-car-simulation/Data/IMG/left_2019_03_01_18_30_46_990.jpg, /home/zubin/Desktop/Self-driving-car-simulation/Data/IMG/right_2019_03_01_18_30_46_990.jpg, 0, 1, 0, 30.1903
/home/zubin/Desktop/Self-driving-car-simulation/Data/IMG/center_2019_03_01_18_30_47_091.jpg, /home/zubin/Desktop/Self-driving-car-simulation/Data/IMG/left_2019_03_01_18_30_47_091.jpg, /home/zubin/Desktop/Self-driving-car-simulation/Data/IMG/right_2019_03_01_18_30_47_091.jpg, 0, 1, 0, 30.19028
/home/zubin/Desktop/Self-driving-car-simulation/Data/IMG/center_2019_03_01_18_30_47_205.jpg, /home/zubin/Desktop/Self-driving-car-simulation/Data/IMG/left_2019_03_01_18_30_47_205.jpg, /home/zubin/Desktop/Self-driving-car-simulation/Data/IMG/right_2019_03_01_18_30_47_205.jpg, 0, 1, 0, 30.19031
/home/zubin/Desktop/Self-driving-car-simulation/Data/IMG/center_2019_03_01_18_30_47_308.jpg, /home/zubin/Desktop/Self-driving-car-simulation/Data/IMG/left_2019_03_01_18_30_47_308.jpg, /home/zubin/Desktop/Self-driving-car-simulation/Data/IMG/right_2019_03_01_18_30_47_308.jpg, 0, 1, 0, 30.1903
/home/zubin/Desktop/Self-driving-car-simulation/Data/IMG/center_2019_03_01_18_30_47_408.jpg, /home/zubin/Desktop/Self-driving-car-simulation/Data/IMG/left_2019_03_01_18_30_47_408.jpg, /home/zubin/Desktop/Self-driving-car-simulation/Data/IMG/right_2019_03_01_18_30_47_408.jpg, -0.1673427, 1, 0, 30.18218
/home/zubin/Desktop/Self-driving-car-simulation/Data/IMG/center_2019_03_01_18_30_47_523.jpg, /home/zubin/Desktop/Self-driving-car-simulation/Data/IMG/left_2019_03_01_18_30_47_523.jpg, /home/zubin/Desktop/Self-driving-car-simulation/Data/IMG/right_2019_03_01_18_30_47_523.jpg, -0.05902505, 1, 0, 30.1905
/home/zubin/Desktop/Self-driving-car-simulation/Data/IMG/center_2019_03_01_18_30_47_623.jpg, /home/zubin/Desktop/Self-driving-car-simulation/Data/IMG/left_2019_03_01_18_30_47_623.jpg, /home/zubin/Desktop/Self-driving-car-simulation/Data/IMG/right_2019_03_01_18_30_47_623.jpg, 0, 1, 0, 30.18998
/home/zubin/Desktop/Self-driving-car-simulation/Data/IMG/center_2019_03_01_18_30_47_742.jpg, /home/zubin/Desktop/Self-driving-car-simulation/Data/IMG/left_2019_03_01_18_30_47_742.jpg, /home/zubin/Desktop/Self-driving-car-simulation/Data/IMG/right_2019_03_01_18_30_47_742.jpg, 0, 1, 0, 30.19027
/home/zubin/Desktop/Self-driving-car-simulation/Data/IMG/center_2019_03_01_18_30_47_855.jpg, /home/zubin/Desktop/Self-driving-car-simulation/Data/IMG/left_2019_03_01_18_30_47_855.jpg, /home/zubin/Desktop/Self-driving-car-simulation/Data/IMG/right_2019_03_01_18_30_47_855.jpg, 0, 1, 0, 30.19026
/home/zubin/Desktop/Self-driving-car-simulation/Data/IMG/center_2019_03_01_18_30_47_956.jpg, /home/zubin/Desktop/Self-driving-car-simulation/Data/IMG/left_2019_03_01_18_30_47_956.jpg, /home/zubin/Desktop/Self-driving-car-simulation/Data/IMG/right_2019_03_01_18_30_47_956.jpg, 0, 1, 0, 30.19032
/home/zubin/Desktop/Self-driving-car-simulation/Data/IMG/center_2019_03_01_18_30_48_072.jpg, /home/zubin/Desktop/Self-driving-car-simulation/Data/IMG/left_2019_03_01_18_30_48_072.jpg, /home/zubin/Desktop/Self-driving-car-simulation/Data/IMG/right_2019_03_01_18_30_48_072.jpg, 0, 1, 0, 30.19031
/home/zubin/Desktop/Self-driving-car-simulation/Data/IMG/center_2019_03_01_18_30_48_172.jpg, /home/zubin/Desktop/Self-driving-car-simulation/Data/IMG/left_2019_03_01_18_30_48_172.jpg, /home/zubin/Desktop/Self-driving-car-simulation/Data/IMG/right_2019_03_01_18_30_48_172.jpg, 0, 1, 0, 30.19029
/home/zubin/Desktop/Self-driving-car-simulation/Data/IMG/center_2019_03_01_18_30_48_289.jpg, /home/zubin/Desktop/Self-driving-car-simulation/Data/IMG/left_2019_03_01_18_30_48_289.jpg, /home/zubin/Desktop/Self-driving-car-simulation/Data/IMG/right_2019_03_01_18_30_48_289.jpg, 0, 1, 0, 30.1903
/home/zubin/Desktop/Self-driving-car-simulation/Data/IMG/center_2019_03_01_18_30_48_404.jpg, /home/zubin/Desktop/Self-driving-car-simulation/Data/IMG/left_2019_03_01_18_30_48_404.jpg, /home/zubin/Desktop/Self-driving-car-simulation/Data/IMG/right_2019_03_01_18_30_48_404.jpg, 0, 1, 0, 30.19031
/home/zubin/Desktop/Self-driving-car-simulation/Data/IMG/center_2019_03_01_18_30_48_505.jpg, /home/zubin/Desktop/Self-driving-car-simulation/Data/IMG/left_2019_03_01_18_30_48_505.jpg, /home/zubin/Desktop/Self-driving-car-simulation/Data/IMG/right_2019_03_01_18_30_48_505.jpg, -0.02340603, 1, 0, 30.191
/home/zubin/Desktop/Self-driving-car-simulation/Data/IMG/center_2019_03_01_18_30_48_622.jpg, /home/zubin/Desktop/Self-driving-car-simulation/Data/IMG/left_2019_03_01_18_30_48_622.jpg, /home/zubin/Desktop/Self-driving-car-simulation/Data/IMG/right_2019_03_01_18_30_48_622.jpg, 0, 1, 0, 30.19025
/home/zubin/Desktop/Self-driving-car-simulation/Data/IMG/center_2019_03_01_18_30_48_738.jpg, /home/zubin/Desktop/Self-driving-car-simulation/Data/IMG/left_2019_03_01_18_30_48_738.jpg, /home/zubin/Desktop/Self-driving-car-simulation/Data/IMG/right_2019_03_01_18_30_48_738.jpg, 0, 1, 0, 30.19031
/home/zubin/Desktop/Self-driving-car-simulation/Data/IMG/center_2019_03_01_18_30_48_855.jpg, /home/zubin/Desktop/Self-driving-car-simulation/Data/IMG/left_2019_03_01_18_30_48_855.jpg, /home/zubin/Desktop/Self-driving-car-simulation/Data/IMG/right_2019_03_01_18_30_48_855.jpg, 0, 1, 0, 30.19033
/home/zubin/Desktop/Self-driving-car-simulation/Data/IMG/center_2019_03_01_18_30_48_973.jpg, /home/zubin/Desktop/Self-driving-car-simulation/Data/IMG/left_2019_03_01_18_30_48_973.jpg, /home/zubin/Desktop/Self-driving-car-simulation/Data/IMG/right_2019_03_01_18_30_48_973.jpg, 0, 1, 0, 30.18974
/home/zubin/Desktop/Self-driving-car-simulation/Data/IMG/center_2019_03_01_18_30_49_088.jpg, /home/zubin/Desktop/Self-driving-car-simulation/Data/IMG/left_2019_03_01_18_30_49_088.jpg, /home/zubin/Desktop/Self-driving-car-simulation/Data/IMG/right_2019_03_01_18_30_49_088.jpg, 0.09885335, 1, 0, 30.18797
/home/zubin/Desktop/Self-driving-car-simulation/Data/IMG/center_2019_03_01_18_30_49_189.jpg, /home/zubin/Desktop/Self-driving-car-simulation/Data/IMG/left_2019_03_01_18_30_49_189.jpg, /home/zubin/Desktop/Self-driving-car-simulation/Data/IMG/right_2019_03_01_18_30_49_189.jpg, 0.1973577, 1, 0, 30.18137
/home/zubin/Desktop/Self-driving-car-simulation/Data/IMG/center_2019_03_01_18_30_49_290.jpg, /home/zubin/Desktop/Self-driving-car-simulation/Data/IMG/left_2019_03_01_18_30_49_290.jpg, /home/zubin/Desktop/Self-driving-car-simulation/Data/IMG/right_2019_03_01_18_30_49_290.jpg, 0, 1, 0, 30.18895
/home/zubin/Desktop/Self-driving-car-simulation/Data/IMG/center_2019_03_01_18_30_49_406.jpg, /home/zubin/Desktop/Self-driving-car-simulation/Data/IMG/left_2019_03_01_18_30_49_406.jpg, /home/zubin/Desktop/Self-driving-car-simulation/Data/IMG/right_2019_03_01_18_30_49_406.jpg, 0, 1, 0, 30.19019
/home/zubin/Desktop/Self-driving-car-simulation/Data/IMG/center_2019_03_01_18_30_49_523.jpg, /home/zubin/Desktop/Self-driving-car-simulation/Data/IMG/left_2019_03_01_18_30_49_523.jpg, /home/zubin/Desktop/Self-driving-car-simulation/Data/IMG/right_2019_03_01_18_30_49_523.jpg, 0, 1, 0, 30.19029
/home/zubin/Desktop/Self-driving-car-simulation/Data/IMG/center_2019_03_01_18_30_49_637.jpg, /home/zubin/Desktop/Self-driving-car-simulation/Data/IMG/left_2019_03_01_18_30_49_637.jpg, /home/zubin/Desktop/Self-driving-car-simulation/Data/IMG/right_2019_03_01_18_30_49_637.jpg, -0.2410741, 1, 0, 30.17638
/home/zubin/Desktop/Self-driving-car-simulation/Data/IMG/center_2019_03_01_18_30_49_737.jpg, /home/zubin/Desktop/Self-driving-car-simulation/Data/IMG/left_2019_03_01_18_30_49_737.jpg, /home/zubin/Desktop/Self-driving-car-simulation/Data/IMG/right_2019_03_01_18_30_49_737.jpg, 0, 1, 0, 30.18877
/home/zubin/Desktop/Self-driving-car-simulation/Data/IMG/center_2019_03_01_18_30_49_837.jpg, /home/zubin/Desktop/Self-driving-car-simulation/Data/IMG/left_2019_03_01_18_30_49_837.jpg, /home/zubin/Desktop/Self-driving-car-simulation/Data/IMG/right_2019_03_01_18_30_49_837.jpg, 0, 1, 0, 30.19013
/home/zubin/Desktop/Self-driving-car-simulation/Data/IMG/center_2019_03_01_18_30_49_938.jpg, /home/zubin/Desktop/Self-driving-car-simulation/Data/IMG/left_2019_03_01_18_30_49_938.jpg, /home/zubin/Desktop/Self-driving-car-simulation/Data/IMG/right_2019_03_01_18_30_49_938.jpg, 0, 1, 0, 30.19026
/home/zubin/Desktop/Self-driving-car-simulation/Data/IMG/center_2019_03_01_18_30_50_054.jpg, /home/zubin/Desktop/Self-driving-car-simulation/Data/IMG/left_2019_03_01_18_30_50_054.jpg, /home/zubin/Desktop/Self-driving-car-simulation/Data/IMG/right_2019_03_01_18_30_50_054.jpg, -0.2075372, 1, 0, 30.17986
/home/zubin/Desktop/Self-driving-car-simulation/Data/IMG/center_2019_03_01_18_30_50_171.jpg, /home/zubin/Desktop/Self-driving-car-simulation/Data/IMG/left_2019_03_01_18_30_50_171.jpg, /home/zubin/Desktop/Self-driving-car-simulation/Data/IMG/right_2019_03_01_18_30_50_171.jpg, 0, 1, 0, 30.18993
/home/zubin/Desktop/Self-driving-car-simulation/Data/IMG/center_2019_03_01_18_30_50_287.jpg, /home/zubin/Desktop/Self-driving-car-simulation/Data/IMG/left_2019_03_01_18_30_50_287.jpg, /home/zubin/Desktop/Self-driving-car-simulation/Data/IMG/right_2019_03_01_18_30_50_287.jpg, 0, 1, 0, 30.19026
/home/zubin/Desktop/Self-driving-car-simulation/Data/IMG/center_2019_03_01_18_30_50_387.jpg, /home/zubin/Desktop/Self-driving-car-simulation/Data/IMG/left_2019_03_01_18_30_50_387.jpg, /home/zubin/Desktop/Self-driving-car-simulation/Data/IMG/right_2019_03_01_18_30_50_387.jpg, 0, 1, 0, 30.19031
/home/zubin/Desktop/Self-driving-car-simulation/Data/IMG/center_2019_03_01_18_30_50_505.jpg, /home/zubin/Desktop/Self-driving-car-simulation/Data/IMG/left_2019_03_01_18_30_50_505.jpg, /home/zubin/Desktop/Self-driving-car-simulation/Data/IMG/right_2019_03_01_18_30_50_505.jpg, 0, 1, 0, 30.19031
/home/zubin/Desktop/Self-driving-car-simulation/Data/IMG/center_2019_03_01_18_30_50_606.jpg, /home/zubin/Desktop/Self-driving-car-simulation/Data/IMG/left_2019_03_01_18_30_50_606.jpg, /home/zubin/Desktop/Self-driving-car-simulation/Data/IMG/right_2019_03_01_18_30_50_606.jpg, 0, 1, 0, 30.19028
/home/zubin/Desktop/Self-driving-car-simulation/Data/IMG/center_2019_03_01_18_30_50_720.jpg, /home/zubin/Desktop/Self-driving-car-simulation/Data/IMG/left_2019_03_01_18_30_50_720.jpg, /home/zubin/Desktop/Self-driving-car-simulation/Data/IMG/right_2019_03_01_18_30_50_720.jpg, -0.04973388, 1, 0, 30.18972
/home/zubin/Desktop/Self-driving-car-simulation/Data/IMG/center_2019_03_01_18_30_50_835.jpg, /home/zubin/Desktop/Self-driving-car-simulation/Data/IMG/left_2019_03_01_18_30_50_835.jpg, /home/zubin/Desktop/Self-driving-car-simulation/Data/IMG/right_2019_03_01_18_30_50_835.jpg, -0.09994268, 1, 0, 30.18956
/home/zubin/Desktop/Self-driving-car-simulation/Data/IMG/center_2019_03_01_18_30_50_936.jpg, /home/zubin/Desktop/Self-driving-car-simulation/Data/IMG/left_2019_03_01_18_30_50_936.jpg, /home/zubin/Desktop/Self-driving-car-simulation/Data/IMG/right_2019_03_01_18_30_50_936.jpg, 0, 1, 0, 30.19007
/home/zubin/Desktop/Self-driving-car-simulation/Data/IMG/center_2019_03_01_18_30_51_037.jpg, /home/zubin/Desktop/Self-driving-car-simulation/Data/IMG/left_2019_03_01_18_30_51_037.jpg, /home/zubin/Desktop/Self-driving-car-simulation/Data/IMG/right_2019_03_01_18_30_51_037.jpg, 0, 1, 0, 30.19027
/home/zubin/Desktop/Self-driving-car-simulation/Data/IMG/center_2019_03_01_18_30_51_153.jpg, /home/zubin/Desktop/Self-driving-car-simulation/Data/IMG/left_2019_03_01_18_30_51_153.jpg, /home/zubin/Desktop/Self-driving-car-simulation/Data/IMG/right_2019_03_01_18_30_51_153.jpg, 0, 1, 0, 30.19031
/home/zubin/Desktop/Self-driving-car-simulation/Data/IMG/center_2019_03_01_18_30_51_269.jpg, /home/zubin/Desktop/Self-driving-car-simulation/Data/IMG/left_2019_03_01_18_30_51_269.jpg, /home/zubin/Desktop/Self-driving-car-simulation/Data/IMG/right_2019_03_01_18_30_51_269.jpg, 0, 1, 0, 30.19031
/home/zubin/Desktop/Self-driving-car-simulation/Data/IMG/center_2019_03_01_18_30_51_370.jpg, /home/zubin/Desktop/Self-driving-car-simulation/Data/IMG/left_2019_03_01_18_30_51_370.jpg, /home/zubin/Desktop/Self-driving-car-simulation/Data/IMG/right_2019_03_01_18_30_51_370.jpg, 0, 1, 0, 30.19032
/home/zubin/Desktop/Self-driving-car-simulation/Data/IMG/center_2019_03_01_18_30_51_487.jpg, /home/zubin/Desktop/Self-driving-car-simulation/Data/IMG/left_2019_03_01_18_30_51_487.jpg, /home/zubin/Desktop/Self-driving-car-simulation/Data/IMG/right_2019_03_01_18_30_51_487.jpg, 0, 1, 0, 30.19029
/home/zubin/Desktop/Self-driving-car-simulation/Data/IMG/center_2019_03_01_18_30_51_604.jpg, /home/zubin/Desktop/Self-driving-car-simulation/Data/IMG/left_2019_03_01_18_30_51_604.jpg, /home/zubin/Desktop/Self-driving-car-simulation/Data/IMG/right_2019_03_01_18_30_51_604.jpg, 0, 1, 0, 30.19031
/home/zubin/Desktop/Self-driving-car-simulation/Data/IMG/center_2019_03_01_18_30_51_720.jpg, /home/zubin/Desktop/Self-driving-car-simulation/Data/IMG/left_2019_03_01_18_30_51_720.jpg, /home/zubin/Desktop/Self-driving-car-simulation/Data/IMG/right_2019_03_01_18_30_51_720.jpg, 0, 1, 0, 30.19044
/home/zubin/Desktop/Self-driving-car-simulation/Data/IMG/center_2019_03_01_18_30_51_837.jpg, /home/zubin/Desktop/Self-driving-car-simulation/Data/IMG/left_2019_03_01_18_30_51_837.jpg, /home/zubin/Desktop/Self-driving-car-simulation/Data/IMG/right_2019_03_01_18_30_51_837.jpg, 0, 1, 0, 30.1903
/home/zubin/Desktop/Self-driving-car-simulation/Data/IMG/center_2019_03_01_18_30_51_955.jpg, /home/zubin/Desktop/Self-driving-car-simulation/Data/IMG/left_2019_03_01_18_30_51_955.jpg, /home/zubin/Desktop/Self-driving-car-simulation/Data/IMG/right_2019_03_01_18_30_51_955.jpg, 0, 1, 0, 30.19026
/home/zubin/Desktop/Self-driving-car-simulation/Data/IMG/center_2019_03_01_18_30_52_069.jpg, /home/zubin/Desktop/Self-driving-car-simulation/Data/IMG/left_2019_03_01_18_30_52_069.jpg, /home/zubin/Desktop/Self-driving-car-simulation/Data/IMG/right_2019_03_01_18_30_52_069.jpg, -0.1547792, 1, 0, 30.18386
/home/zubin/Desktop/Self-driving-car-simulation/Data/IMG/center_2019_03_01_18_30_52_187.jpg, /home/zubin/Desktop/Self-driving-car-simulation/Data/IMG/left_2019_03_01_18_30_52_187.jpg, /home/zubin/Desktop/Self-driving-car-simulation/Data/IMG/right_2019_03_01_18_30_52_187.jpg, -0.2038808, 1, 0, 30.18836
/home/zubin/Desktop/Self-driving-car-simulation/Data/IMG/center_2019_03_01_18_30_52_304.jpg, /home/zubin/Desktop/Self-driving-car-simulation/Data/IMG/left_2019_03_01_18_30_52_304.jpg, /home/zubin/Desktop/Self-driving-car-simulation/Data/IMG/right_2019_03_01_18_30_52_304.jpg, 0, 1, 0, 30.18943
/home/zubin/Desktop/Self-driving-car-simulation/Data/IMG/center_2019_03_01_18_30_52_404.jpg, /home/zubin/Desktop/Self-driving-car-simulation/Data/IMG/left_2019_03_01_18_30_52_404.jpg, /home/zubin/Desktop/Self-driving-car-simulation/Data/IMG/right_2019_03_01_18_30_52_404.jpg, 0, 1, 0, 30.19016
/home/zubin/Desktop/Self-driving-car-simulation/Data/IMG/center_2019_03_01_18_30_52_520.jpg, /home/zubin/Desktop/Self-driving-car-simulation/Data/IMG/left_2019_03_01_18_30_52_520.jpg, /home/zubin/Desktop/Self-driving-car-simulation/Data/IMG/right_2019_03_01_18_30_52_520.jpg, 0, 1, 0, 30.1903
/home/zubin/Desktop/Self-driving-car-simulation/Data/IMG/center_2019_03_01_18_30_52_634.jpg, /home/zubin/Desktop/Self-driving-car-simulation/Data/IMG/left_2019_03_01_18_30_52_634.jpg, /home/zubin/Desktop/Self-driving-car-simulation/Data/IMG/right_2019_03_01_18_30_52_634.jpg, 0, 1, 0, 30.19031
/home/zubin/Desktop/Self-driving-car-simulation/Data/IMG/center_2019_03_01_18_30_52_753.jpg, /home/zubin/Desktop/Self-driving-car-simulation/Data/IMG/left_2019_03_01_18_30_52_753.jpg, /home/zubin/Desktop/Self-driving-car-simulation/Data/IMG/right_2019_03_01_18_30_52_753.jpg, 0, 1, 0, 30.19028
/home/zubin/Desktop/Self-driving-car-simulation/Data/IMG/center_2019_03_01_18_30_52_853.jpg, /home/zubin/Desktop/Self-driving-car-simulation/Data/IMG/left_2019_03_01_18_30_52_853.jpg, /home/zubin/Desktop/Self-driving-car-simulation/Data/IMG/right_2019_03_01_18_30_52_853.jpg, 0, 1, 0, 30.1903
/home/zubin/Desktop/Self-driving-car-simulation/Data/IMG/center_2019_03_01_18_30_52_969.jpg, /home/zubin/Desktop/Self-driving-car-simulation/Data/IMG/left_2019_03_01_18_30_52_969.jpg, /home/zubin/Desktop/Self-driving-car-simulation/Data/IMG/right_2019_03_01_18_30_52_969.jpg, 0, 1, 0, 30.19029
/home/zubin/Desktop/Self-driving-car-simulation/Data/IMG/center_2019_03_01_18_30_53_086.jpg, /home/zubin/Desktop/Self-driving-car-simulation/Data/IMG/left_2019_03_01_18_30_53_086.jpg, /home/zubin/Desktop/Self-driving-car-simulation/Data/IMG/right_2019_03_01_18_30_53_086.jpg, 0, 1, 0, 30.19029
/home/zubin/Desktop/Self-driving-car-simulation/Data/IMG/center_2019_03_01_18_30_53_200.jpg, /home/zubin/Desktop/Self-driving-car-simulation/Data/IMG/left_2019_03_01_18_30_53_200.jpg, /home/zubin/Desktop/Self-driving-car-simulation/Data/IMG/right_2019_03_01_18_30_53_200.jpg, 0, 1, 0, 30.19031
/home/zubin/Desktop/Self-driving-car-simulation/Data/IMG/center_2019_03_01_18_30_53_300.jpg, /home/zubin/Desktop/Self-driving-car-simulation/Data/IMG/left_2019_03_01_18_30_53_300.jpg, /home/zubin/Desktop/Self-driving-car-simulation/Data/IMG/right_2019_03_01_18_30_53_300.jpg, 0, 1, 0, 30.1903
/home/zubin/Desktop/Self-driving-car-simulation/Data/IMG/center_2019_03_01_18_30_53_402.jpg, /home/zubin/Desktop/Self-driving-car-simulation/Data/IMG/left_2019_03_01_18_30_53_402.jpg, /home/zubin/Desktop/Self-driving-car-simulation/Data/IMG/right_2019_03_01_18_30_53_402.jpg, 0, 1, 0, 30.19029
/home/zubin/Desktop/Self-driving-car-simulation/Data/IMG/center_2019_03_01_18_30_53_519.jpg, /home/zubin/Desktop/Self-driving-car-simulation/Data/IMG/left_2019_03_01_18_30_53_519.jpg, /home/zubin/Desktop/Self-driving-car-simulation/Data/IMG/right_2019_03_01_18_30_53_519.jpg, 0, 1, 0, 30.19031
/home/zubin/Desktop/Self-driving-car-simulation/Data/IMG/center_2019_03_01_18_30_53_635.jpg, /home/zubin/Desktop/Self-driving-car-simulation/Data/IMG/left_2019_03_01_18_30_53_635.jpg, /home/zubin/Desktop/Self-driving-car-simulation/Data/IMG/right_2019_03_01_18_30_53_635.jpg, 0, 1, 0, 30.1903
/home/zubin/Desktop/Self-driving-car-simulation/Data/IMG/center_2019_03_01_18_30_53_735.jpg, /home/zubin/Desktop/Self-driving-car-simulation/Data/IMG/left_2019_03_01_18_30_53_735.jpg, /home/zubin/Desktop/Self-driving-car-simulation/Data/IMG/right_2019_03_01_18_30_53_735.jpg, 0, 1, 0, 30.19029
/home/zubin/Desktop/Self-driving-car-simulation/Data/IMG/center_2019_03_01_18_30_53_851.jpg, /home/zubin/Desktop/Self-driving-car-simulation/Data/IMG/left_2019_03_01_18_30_53_851.jpg, /home/zubin/Desktop/Self-driving-car-simulation/Data/IMG/right_2019_03_01_18_30_53_851.jpg, 0, 1, 0, 30.1903
/home/zubin/Desktop/Self-driving-car-simulation/Data/IMG/center_2019_03_01_18_30_53_951.jpg, /home/zubin/Desktop/Self-driving-car-simulation/Data/IMG/left_2019_03_01_18_30_53_951.jpg, /home/zubin/Desktop/Self-driving-car-simulation/Data/IMG/right_2019_03_01_18_30_53_951.jpg, 0, 1, 0, 30.19028
/home/zubin/Desktop/Self-driving-car-simulation/Data/IMG/center_2019_03_01_18_30_54_052.jpg, /home/zubin/Desktop/Self-driving-car-simulation/Data/IMG/left_2019_03_01_18_30_54_052.jpg, /home/zubin/Desktop/Self-driving-car-simulation/Data/IMG/right_2019_03_01_18_30_54_052.jpg, 0, 1, 0, 30.19031
/home/zubin/Desktop/Self-driving-car-simulation/Data/IMG/center_2019_03_01_18_30_54_153.jpg, /home/zubin/Desktop/Self-driving-car-simulation/Data/IMG/left_2019_03_01_18_30_54_153.jpg, /home/zubin/Desktop/Self-driving-car-simulation/Data/IMG/right_2019_03_01_18_30_54_153.jpg, 0, 1, 0, 30.19027
/home/zubin/Desktop/Self-driving-car-simulation/Data/IMG/center_2019_03_01_18_30_54_266.jpg, /home/zubin/Desktop/Self-driving-car-simulation/Data/IMG/left_2019_03_01_18_30_54_266.jpg, /home/zubin/Desktop/Self-driving-car-simulation/Data/IMG/right_2019_03_01_18_30_54_266.jpg, 0, 1, 0, 30.19029
/home/zubin/Desktop/Self-driving-car-simulation/Data/IMG/center_2019_03_01_18_30_54_368.jpg, /home/zubin/Desktop/Self-driving-car-simulation/Data/IMG/left_2019_03_01_18_30_54_368.jpg, /home/zubin/Desktop/Self-driving-car-simulation/Data/IMG/right_2019_03_01_18_30_54_368.jpg, 0, 1, 0, 30.19031
/home/zubin/Desktop/Self-driving-car-simulation/Data/IMG/center_2019_03_01_18_30_54_484.jpg, /home/zubin/Desktop/Self-driving-car-simulation/Data/IMG/left_2019_03_01_18_30_54_484.jpg, /home/zubin/Desktop/Self-driving-car-simulation/Data/IMG/right_2019_03_01_18_30_54_484.jpg, 0, 1, 0, 30.19028
/home/zubin/Desktop/Self-driving-car-simulation/Data/IMG/center_2019_03_01_18_30_54_585.jpg, /home/zubin/Desktop/Self-driving-car-simulation/Data/IMG/left_2019_03_01_18_30_54_585.jpg, /home/zubin/Desktop/Self-driving-car-simulation/Data/IMG/right_2019_03_01_18_30_54_585.jpg, 0, 1, 0, 30.1903
/home/zubin/Desktop/Self-driving-car-simulation/Data/IMG/center_2019_03_01_18_30_54_701.jpg, /home/zubin/Desktop/Self-driving-car-simulation/Data/IMG/left_2019_03_01_18_30_54_701.jpg, /home/zubin/Desktop/Self-driving-car-simulation/Data/IMG/right_2019_03_01_18_30_54_701.jpg, 0, 1, 0, 30.19031
/home/zubin/Desktop/Self-driving-car-simulation/Data/IMG/center_2019_03_01_18_30_54_818.jpg, /home/zubin/Desktop/Self-driving-car-simulation/Data/IMG/left_2019_03_01_18_30_54_818.jpg, /home/zubin/Desktop/Self-driving-car-simulation/Data/IMG/right_2019_03_01_18_30_54_818.jpg, 0, 1, 0, 30.1903
/home/zubin/Desktop/Self-driving-car-simulation/Data/IMG/center_2019_03_01_18_30_54_934.jpg, /home/zubin/Desktop/Self-driving-car-simulation/Data/IMG/left_2019_03_01_18_30_54_934.jpg, /home/zubin/Desktop/Self-driving-car-simulation/Data/IMG/right_2019_03_01_18_30_54_934.jpg, 0, 1, 0, 30.19031
/home/zubin/Desktop/Self-driving-car-simulation/Data/IMG/center_2019_03_01_18_30_55_052.jpg, /home/zubin/Desktop/Self-driving-car-simulation/Data/IMG/left_2019_03_01_18_30_55_052.jpg, /home/zubin/Desktop/Self-driving-car-simulation/Data/IMG/right_2019_03_01_18_30_55_052.jpg, 0, 1, 0, 30.19031
/home/zubin/Desktop/Self-driving-car-simulation/Data/IMG/center_2019_03_01_18_30_55_169.jpg, /home/zubin/Desktop/Self-driving-car-simulation/Data/IMG/left_2019_03_01_18_30_55_169.jpg, /home/zubin/Desktop/Self-driving-car-simulation/Data/IMG/right_2019_03_01_18_30_55_169.jpg, 0, 1, 0, 30.19028
/home/zubin/Desktop/Self-driving-car-simulation/Data/IMG/center_2019_03_01_18_30_55_281.jpg, /home/zubin/Desktop/Self-driving-car-simulation/Data/IMG/left_2019_03_01_18_30_55_281.jpg, /home/zubin/Desktop/Self-driving-car-simulation/Data/IMG/right_2019_03_01_18_30_55_281.jpg, 0, 1, 0, 30.19031
/home/zubin/Desktop/Self-driving-car-simulation/Data/IMG/center_2019_03_01_18_30_55_383.jpg, /home/zubin/Desktop/Self-driving-car-simulation/Data/IMG/left_2019_03_01_18_30_55_383.jpg, /home/zubin/Desktop/Self-driving-car-simulation/Data/IMG/right_2019_03_01_18_30_55_383.jpg, 0, 1, 0, 30.19029
/home/zubin/Desktop/Self-driving-car-simulation/Data/IMG/center_2019_03_01_18_30_55_484.jpg, /home/zubin/Desktop/Self-driving-car-simulation/Data/IMG/left_2019_03_01_18_30_55_484.jpg, /home/zubin/Desktop/Self-driving-car-simulation/Data/IMG/right_2019_03_01_18_30_55_484.jpg, 0, 1, 0, 30.1903
/home/zubin/Desktop/Self-driving-car-simulation/Data/IMG/center_2019_03_01_18_30_55_600.jpg, /home/zubin/Desktop/Self-driving-car-simulation/Data/IMG/left_2019_03_01_18_30_55_600.jpg, /home/zubin/Desktop/Self-driving-car-simulation/Data/IMG/right_2019_03_01_18_30_55_600.jpg, 0, 1, 0, 30.19031
/home/zubin/Desktop/Self-driving-car-simulation/Data/IMG/center_2019_03_01_18_30_55_718.jpg, /home/zubin/Desktop/Self-driving-car-simulation/Data/IMG/left_2019_03_01_18_30_55_718.jpg, /home/zubin/Desktop/Self-driving-car-simulation/Data/IMG/right_2019_03_01_18_30_55_718.jpg, 0, 1, 0, 30.19029
/home/zubin/Desktop/Self-driving-car-simulation/Data/IMG/center_2019_03_01_18_30_55_832.jpg, /home/zubin/Desktop/Self-driving-car-simulation/Data/IMG/left_2019_03_01_18_30_55_832.jpg, /home/zubin/Desktop/Self-driving-car-simulation/Data/IMG/right_2019_03_01_18_30_55_832.jpg, 0, 1, 0, 30.19032
/home/zubin/Desktop/Self-driving-car-simulation/Data/IMG/center_2019_03_01_18_30_55_932.jpg, /home/zubin/Desktop/Self-driving-car-simulation/Data/IMG/left_2019_03_01_18_30_55_932.jpg, /home/zubin/Desktop/Self-driving-car-simulation/Data/IMG/right_2019_03_01_18_30_55_932.jpg, 0, 1, 0, 30.19028
/home/zubin/Desktop/Self-driving-car-simulation/Data/IMG/center_2019_03_01_18_30_56_033.jpg, /home/zubin/Desktop/Self-driving-car-simulation/Data/IMG/left_2019_03_01_18_30_56_033.jpg, /home/zubin/Desktop/Self-driving-car-simulation/Data/IMG/right_2019_03_01_18_30_56_033.jpg, 0, 1, 0, 30.1903
/home/zubin/Desktop/Self-driving-car-simulation/Data/IMG/center_2019_03_01_18_30_56_152.jpg, /home/zubin/Desktop/Self-driving-car-simulation/Data/IMG/left_2019_03_01_18_30_56_152.jpg, /home/zubin/Desktop/Self-driving-car-simulation/Data/IMG/right_2019_03_01_18_30_56_152.jpg, 0, 1, 0, 30.19047
/home/zubin/Desktop/Self-driving-car-simulation/Data/IMG/center_2019_03_01_18_30_56_269.jpg, /home/zubin/Desktop/Self-driving-car-simulation/Data/IMG/left_2019_03_01_18_30_56_269.jpg, /home/zubin/Desktop/Self-driving-car-simulation/Data/IMG/right_2019_03_01_18_30_56_269.jpg, -0.1590149, 1, 0, 30.18292
/home/zubin/Desktop/Self-driving-car-simulation/Data/IMG/center_2019_03_01_18_30_56_385.jpg, /home/zubin/Desktop/Self-driving-car-simulation/Data/IMG/left_2019_03_01_18_30_56_385.jpg, /home/zubin/Desktop/Self-driving-car-simulation/Data/IMG/right_2019_03_01_18_30_56_385.jpg, -0.1223252, 1, 0, 30.1907
/home/zubin/Desktop/Self-driving-car-simulation/Data/IMG/center_2019_03_01_18_30_56_498.jpg, /home/zubin/Desktop/Self-driving-car-simulation/Data/IMG/left_2019_03_01_18_30_56_498.jpg, /home/zubin/Desktop/Self-driving-car-simulation/Data/IMG/right_2019_03_01_18_30_56_498.jpg, 0, 1, 0, 30.18972
/home/zubin/Desktop/Self-driving-car-simulation/Data/IMG/center_2019_03_01_18_30_56_599.jpg, /home/zubin/Desktop/Self-driving-car-simulation/Data/IMG/left_2019_03_01_18_30_56_599.jpg, /home/zubin/Desktop/Self-driving-car-simulation/Data/IMG/right_2019_03_01_18_30_56_599.jpg, 0, 1, 0, 30.19023
/home/zubin/Desktop/Self-driving-car-simulation/Data/IMG/center_2019_03_01_18_30_56_701.jpg, /home/zubin/Desktop/Self-driving-car-simulation/Data/IMG/left_2019_03_01_18_30_56_701.jpg, /home/zubin/Desktop/Self-driving-car-simulation/Data/IMG/right_2019_03_01_18_30_56_701.jpg, 0, 1, 0, 30.19028
/home/zubin/Desktop/Self-driving-car-simulation/Data/IMG/center_2019_03_01_18_30_56_871.jpg, /home/zubin/Desktop/Self-driving-car-simulation/Data/IMG/left_2019_03_01_18_30_56_871.jpg, /home/zubin/Desktop/Self-driving-car-simulation/Data/IMG/right_2019_03_01_18_30_56_871.jpg, 0, 1, 0, 30.19028
/home/zubin/Desktop/Self-driving-car-simulation/Data/IMG/center_2019_03_01_18_30_56_981.jpg, /home/zubin/Desktop/Self-driving-car-simulation/Data/IMG/left_2019_03_01_18_30_56_981.jpg, /home/zubin/Desktop/Self-driving-car-simulation/Data/IMG/right_2019_03_01_18_30_56_981.jpg, 0, 1, 0, 30.19028
/home/zubin/Desktop/Self-driving-car-simulation/Data/IMG/center_2019_03_01_18_30_57_083.jpg, /home/zubin/Desktop/Self-driving-car-simulation/Data/IMG/left_2019_03_01_18_30_57_083.jpg, /home/zubin/Desktop/Self-driving-car-simulation/Data/IMG/right_2019_03_01_18_30_57_083.jpg, 0, 1, 0, 30.19031
/home/zubin/Desktop/Self-driving-car-simulation/Data/IMG/center_2019_03_01_18_30_57_198.jpg, /home/zubin/Desktop/Self-driving-car-simulation/Data/IMG/left_2019_03_01_18_30_57_198.jpg, /home/zubin/Desktop/Self-driving-car-simulation/Data/IMG/right_2019_03_01_18_30_57_198.jpg, 0, 1, 0, 30.19029
/home/zubin/Desktop/Self-driving-car-simulation/Data/IMG/center_2019_03_01_18_30_57_299.jpg, /home/zubin/Desktop/Self-driving-car-simulation/Data/IMG/left_2019_03_01_18_30_57_299.jpg, /home/zubin/Desktop/Self-driving-car-simulation/Data/IMG/right_2019_03_01_18_30_57_299.jpg, 0, 1, 0, 30.19023
/home/zubin/Desktop/Self-driving-car-simulation/Data/IMG/center_2019_03_01_18_30_57_400.jpg, /home/zubin/Desktop/Self-driving-car-simulation/Data/IMG/left_2019_03_01_18_30_57_400.jpg, /home/zubin/Desktop/Self-driving-car-simulation/Data/IMG/right_2019_03_01_18_30_57_400.jpg, 0, 1, 0, 30.19029
/home/zubin/Desktop/Self-driving-car-simulation/Data/IMG/center_2019_03_01_18_30_57_515.jpg, /home/zubin/Desktop/Self-driving-car-simulation/Data/IMG/left_2019_03_01_18_30_57_515.jpg, /home/zubin/Desktop/Self-driving-car-simulation/Data/IMG/right_2019_03_01_18_30_57_515.jpg, -0.04532433, 1, 0, 30.18969
/home/zubin/Desktop/Self-driving-car-simulation/Data/IMG/center_2019_03_01_18_30_57_618.jpg, /home/zubin/Desktop/Self-driving-car-simulation/Data/IMG/left_2019_03_01_18_30_57_618.jpg, /home/zubin/Desktop/Self-driving-car-simulation/Data/IMG/right_2019_03_01_18_30_57_618.jpg, -0.06739783, 1, 0, 30.19002
/home/zubin/Desktop/Self-driving-car-simulation/Data/IMG/center_2019_03_01_18_30_57_718.jpg, /home/zubin/Desktop/Self-driving-car-simulation/Data/IMG/left_2019_03_01_18_30_57_718.jpg, /home/zubin/Desktop/Self-driving-car-simulation/Data/IMG/right_2019_03_01_18_30_57_718.jpg, 0, 1, 0, 30.19019
/home/zubin/Desktop/Self-driving-car-simulation/Data/IMG/center_2019_03_01_18_30_57_833.jpg, /home/zubin/Desktop/Self-driving-car-simulation/Data/IMG/left_2019_03_01_18_30_57_833.jpg, /home/zubin/Desktop/Self-driving-car-simulation/Data/IMG/right_2019_03_01_18_30_57_833.jpg, 0, 1, 0, 30.19028
/home/zubin/Desktop/Self-driving-car-simulation/Data/IMG/center_2019_03_01_18_30_57_948.jpg, /home/zubin/Desktop/Self-driving-car-simulation/Data/IMG/left_2019_03_01_18_30_57_948.jpg, /home/zubin/Desktop/Self-driving-car-simulation/Data/IMG/right_2019_03_01_18_30_57_948.jpg, 0, 1, 0, 30.19027
/home/zubin/Desktop/Self-driving-car-simulation/Data/IMG/center_2019_03_01_18_30_58_051.jpg, /home/zubin/Desktop/Self-driving-car-simulation/Data/IMG/left_2019_03_01_18_30_58_051.jpg, /home/zubin/Desktop/Self-driving-car-simulation/Data/IMG/right_2019_03_01_18_30_58_051.jpg, 0, 1, 0, 30.19031
/home/zubin/Desktop/Self-driving-car-simulation/Data/IMG/center_2019_03_01_18_30_58_168.jpg, /home/zubin/Desktop/Self-driving-car-simulation/Data/IMG/left_2019_03_01_18_30_58_168.jpg, /home/zubin/Desktop/Self-driving-car-simulation/Data/IMG/right_2019_03_01_18_30_58_168.jpg, -0.1410663, 1, 0, 30.18709
/home/zubin/Desktop/Self-driving-car-simulation/Data/IMG/center_2019_03_01_18_30_58_284.jpg, /home/zubin/Desktop/Self-driving-car-simulation/Data/IMG/left_2019_03_01_18_30_58_284.jpg, /home/zubin/Desktop/Self-driving-car-simulation/Data/IMG/right_2019_03_01_18_30_58_284.jpg, 0, 1, 0, 30.18999
/home/zubin/Desktop/Self-driving-car-simulation/Data/IMG/center_2019_03_01_18_30_58_398.jpg, /home/zubin/Desktop/Self-driving-car-simulation/Data/IMG/left_2019_03_01_18_30_58_398.jpg, /home/zubin/Desktop/Self-driving-car-simulation/Data/IMG/right_2019_03_01_18_30_58_398.jpg, 0, 1, 0, 30.19028
/home/zubin/Desktop/Self-driving-car-simulation/Data/IMG/center_2019_03_01_18_30_58_499.jpg, /home/zubin/Desktop/Self-driving-car-simulation/Data/IMG/left_2019_03_01_18_30_58_499.jpg, /home/zubin/Desktop/Self-driving-car-simulation/Data/IMG/right_2019_03_01_18_30_58_499.jpg, 0, 1, 0, 30.19032
/home/zubin/Desktop/Self-driving-car-simulation/Data/IMG/center_2019_03_01_18_30_58_615.jpg, /home/zubin/Desktop/Self-driving-car-simulation/Data/IMG/left_2019_03_01_18_30_58_615.jpg, /home/zubin/Desktop/Self-driving-car-simulation/Data/IMG/right_2019_03_01_18_30_58_615.jpg, 0, 1, 0, 30.19028
/home/zubin/Desktop/Self-driving-car-simulation/Data/IMG/center_2019_03_01_18_30_58_715.jpg, /home/zubin/Desktop/Self-driving-car-simulation/Data/IMG/left_2019_03_01_18_30_58_715.jpg, /home/zubin/Desktop/Self-driving-car-simulation/Data/IMG/right_2019_03_01_18_30_58_715.jpg, 0, 1, 0, 30.19022
/home/zubin/Desktop/Self-driving-car-simulation/Data/IMG/center_2019_03_01_18_30_58_816.jpg, /home/zubin/Desktop/Self-driving-car-simulation/Data/IMG/left_2019_03_01_18_30_58_816.jpg, /home/zubin/Desktop/Self-driving-car-simulation/Data/IMG/right_2019_03_01_18_30_58_816.jpg, 0, 1, 0, 30.19032
/home/zubin/Desktop/Self-driving-car-simulation/Data/IMG/center_2019_03_01_18_30_58_935.jpg, /home/zubin/Desktop/Self-driving-car-simulation/Data/IMG/left_2019_03_01_18_30_58_935.jpg, /home/zubin/Desktop/Self-driving-car-simulation/Data/IMG/right_2019_03_01_18_30_58_935.jpg, -0.1638422, 1, 0, 30.18308
/home/zubin/Desktop/Self-driving-car-simulation/Data/IMG/center_2019_03_01_18_30_59_048.jpg, /home/zubin/Desktop/Self-driving-car-simulation/Data/IMG/left_2019_03_01_18_30_59_048.jpg, /home/zubin/Desktop/Self-driving-car-simulation/Data/IMG/right_2019_03_01_18_30_59_048.jpg, 0, 1, 0, 30.19015
/home/zubin/Desktop/Self-driving-car-simulation/Data/IMG/center_2019_03_01_18_30_59_165.jpg, /home/zubin/Desktop/Self-driving-car-simulation/Data/IMG/left_2019_03_01_18_30_59_165.jpg, /home/zubin/Desktop/Self-driving-car-simulation/Data/IMG/right_2019_03_01_18_30_59_165.jpg, 0, 1, 0, 30.1903
/home/zubin/Desktop/Self-driving-car-simulation/Data/IMG/center_2019_03_01_18_30_59_283.jpg, /home/zubin/Desktop/Self-driving-car-simulation/Data/IMG/left_2019_03_01_18_30_59_283.jpg, /home/zubin/Desktop/Self-driving-car-simulation/Data/IMG/right_2019_03_01_18_30_59_283.jpg, 0, 1, 0, 30.1903
/home/zubin/Desktop/Self-driving-car-simulation/Data/IMG/center_2019_03_01_18_30_59_398.jpg, /home/zubin/Desktop/Self-driving-car-simulation/Data/IMG/left_2019_03_01_18_30_59_398.jpg, /home/zubin/Desktop/Self-driving-car-simulation/Data/IMG/right_2019_03_01_18_30_59_398.jpg, 0, 1, 0, 30.19028
/home/zubin/Desktop/Self-driving-car-simulation/Data/IMG/center_2019_03_01_18_30_59_513.jpg, /home/zubin/Desktop/Self-driving-car-simulation/Data/IMG/left_2019_03_01_18_30_59_513.jpg, /home/zubin/Desktop/Self-driving-car-simulation/Data/IMG/right_2019_03_01_18_30_59_513.jpg, 0, 1, 0, 30.19033
/home/zubin/Desktop/Self-driving-car-simulation/Data/IMG/center_2019_03_01_18_30_59_615.jpg, /home/zubin/Desktop/Self-driving-car-simulation/Data/IMG/left_2019_03_01_18_30_59_615.jpg, /home/zubin/Desktop/Self-driving-car-simulation/Data/IMG/right_2019_03_01_18_30_59_615.jpg, -0.0479908, 1, 0, 30.18976
/home/zubin/Desktop/Self-driving-car-simulation/Data/IMG/center_2019_03_01_18_30_59_729.jpg, /home/zubin/Desktop/Self-driving-car-simulation/Data/IMG/left_2019_03_01_18_30_59_729.jpg, /home/zubin/Desktop/Self-driving-car-simulation/Data/IMG/right_2019_03_01_18_30_59_729.jpg, -0.2441189, 1, 0, 30.17657
/home/zubin/Desktop/Self-driving-car-simulation/Data/IMG/center_2019_03_01_18_30_59_831.jpg, /home/zubin/Desktop/Self-driving-car-simulation/Data/IMG/left_2019_03_01_18_30_59_831.jpg, /home/zubin/Desktop/Self-driving-car-simulation/Data/IMG/right_2019_03_01_18_30_59_831.jpg, 0, 1, 0, 30.18907
/home/zubin/Desktop/Self-driving-car-simulation/Data/IMG/center_2019_03_01_18_30_59_948.jpg, /home/zubin/Desktop/Self-driving-car-simulation/Data/IMG/left_2019_03_01_18_30_59_948.jpg, /home/zubin/Desktop/Self-driving-car-simulation/Data/IMG/right_2019_03_01_18_30_59_948.jpg, 0, 1, 0, 30.1902
/home/zubin/Desktop/Self-driving-car-simulation/Data/IMG/center_2019_03_01_18_31_00_065.jpg, /home/zubin/Desktop/Self-driving-car-simulation/Data/IMG/left_2019_03_01_18_31_00_065.jpg, /home/zubin/Desktop/Self-driving-car-simulation/Data/IMG/right_2019_03_01_18_31_00_065.jpg, 0, 1, 0, 30.19027
/home/zubin/Desktop/Self-driving-car-simulation/Data/IMG/center_2019_03_01_18_31_00_179.jpg, /home/zubin/Desktop/Self-driving-car-simulation/Data/IMG/left_2019_03_01_18_31_00_179.jpg, /home/zubin/Desktop/Self-driving-car-simulation/Data/IMG/right_2019_03_01_18_31_00_179.jpg, 0, 1, 0, 30.1903
/home/zubin/Desktop/Self-driving-car-simulation/Data/IMG/center_2019_03_01_18_31_00_279.jpg, /home/zubin/Desktop/Self-driving-car-simulation/Data/IMG/left_2019_03_01_18_31_00_279.jpg, /home/zubin/Desktop/Self-driving-car-simulation/Data/IMG/right_2019_03_01_18_31_00_279.jpg, 0, 1, 0, 30.19027
/home/zubin/Desktop/Self-driving-car-simulation/Data/IMG/center_2019_03_01_18_31_00_380.jpg, /home/zubin/Desktop/Self-driving-car-simulation/Data/IMG/left_2019_03_01_18_31_00_380.jpg, /home/zubin/Desktop/Self-driving-car-simulation/Data/IMG/right_2019_03_01_18_31_00_380.jpg, 0, 1, 0, 30.19029
/home/zubin/Desktop/Self-driving-car-simulation/Data/IMG/center_2019_03_01_18_31_00_480.jpg, /home/zubin/Desktop/Self-driving-car-simulation/Data/IMG/left_2019_03_01_18_31_00_480.jpg, /home/zubin/Desktop/Self-driving-car-simulation/Data/IMG/right_2019_03_01_18_31_00_480.jpg, 0, 1, 0, 30.19015
/home/zubin/Desktop/Self-driving-car-simulation/Data/IMG/center_2019_03_01_18_31_00_597.jpg, /home/zubin/Desktop/Self-driving-car-simulation/Data/IMG/left_2019_03_01_18_31_00_597.jpg, /home/zubin/Desktop/Self-driving-car-simulation/Data/IMG/right_2019_03_01_18_31_00_597.jpg, 0, 1, 0, 30.1902
/home/zubin/Desktop/Self-driving-car-simulation/Data/IMG/center_2019_03_01_18_31_00_713.jpg, /home/zubin/Desktop/Self-driving-car-simulation/Data/IMG/left_2019_03_01_18_31_00_713.jpg, /home/zubin/Desktop/Self-driving-car-simulation/Data/IMG/right_2019_03_01_18_31_00_713.jpg, 0, 1, 0, 30.19016
/home/zubin/Desktop/Self-driving-car-simulation/Data/IMG/center_2019_03_01_18_31_00_813.jpg, /home/zubin/Desktop/Self-driving-car-simulation/Data/IMG/left_2019_03_01_18_31_00_813.jpg, /home/zubin/Desktop/Self-driving-car-simulation/Data/IMG/right_2019_03_01_18_31_00_813.jpg, 0, 1, 0, 30.19017
/home/zubin/Desktop/Self-driving-car-simulation/Data/IMG/center_2019_03_01_18_31_00_930.jpg, /home/zubin/Desktop/Self-driving-car-simulation/Data/IMG/left_2019_03_01_18_31_00_930.jpg, /home/zubin/Desktop/Self-driving-car-simulation/Data/IMG/right_2019_03_01_18_31_00_930.jpg, 0, 1, 0, 30.19016
/home/zubin/Desktop/Self-driving-car-simulation/Data/IMG/center_2019_03_01_18_31_01_045.jpg, /home/zubin/Desktop/Self-driving-car-simulation/Data/IMG/left_2019_03_01_18_31_01_045.jpg, /home/zubin/Desktop/Self-driving-car-simulation/Data/IMG/right_2019_03_01_18_31_01_045.jpg, 0, 1, 0, 30.19014
/home/zubin/Desktop/Self-driving-car-simulation/Data/IMG/center_2019_03_01_18_31_01_162.jpg, /home/zubin/Desktop/Self-driving-car-simulation/Data/IMG/left_2019_03_01_18_31_01_162.jpg, /home/zubin/Desktop/Self-driving-car-simulation/Data/IMG/right_2019_03_01_18_31_01_162.jpg, 0, 1, 0, 30.19018
/home/zubin/Desktop/Self-driving-car-simulation/Data/IMG/center_2019_03_01_18_31_01_280.jpg, /home/zubin/Desktop/Self-driving-car-simulation/Data/IMG/left_2019_03_01_18_31_01_280.jpg, /home/zubin/Desktop/Self-driving-car-simulation/Data/IMG/right_2019_03_01_18_31_01_280.jpg, 0, 1, 0, 30.19015
/home/zubin/Desktop/Self-driving-car-simulation/Data/IMG/center_2019_03_01_18_31_01_395.jpg, /home/zubin/Desktop/Self-driving-car-simulation/Data/IMG/left_2019_03_01_18_31_01_395.jpg, /home/zubin/Desktop/Self-driving-car-simulation/Data/IMG/right_2019_03_01_18_31_01_395.jpg, 0, 1, 0, 30.19046
/home/zubin/Desktop/Self-driving-car-simulation/Data/IMG/center_2019_03_01_18_31_01_513.jpg, /home/zubin/Desktop/Self-driving-car-simulation/Data/IMG/left_2019_03_01_18_31_01_513.jpg, /home/zubin/Desktop/Self-driving-car-simulation/Data/IMG/right_2019_03_01_18_31_01_513.jpg, 0, 1, 0, 30.19031
/home/zubin/Desktop/Self-driving-car-simulation/Data/IMG/center_2019_03_01_18_31_01_629.jpg, /home/zubin/Desktop/Self-driving-car-simulation/Data/IMG/left_2019_03_01_18_31_01_629.jpg, /home/zubin/Desktop/Self-driving-car-simulation/Data/IMG/right_2019_03_01_18_31_01_629.jpg, 0, 1, 0, 30.1905
/home/zubin/Desktop/Self-driving-car-simulation/Data/IMG/center_2019_03_01_18_31_01_743.jpg, /home/zubin/Desktop/Self-driving-car-simulation/Data/IMG/left_2019_03_01_18_31_01_743.jpg, /home/zubin/Desktop/Self-driving-car-simulation/Data/IMG/right_2019_03_01_18_31_01_743.jpg, 0, 1, 0, 30.19036
/home/zubin/Desktop/Self-driving-car-simulation/Data/IMG/center_2019_03_01_18_31_01_843.jpg, /home/zubin/Desktop/Self-driving-car-simulation/Data/IMG/left_2019_03_01_18_31_01_843.jpg, /home/zubin/Desktop/Self-driving-car-simulation/Data/IMG/right_2019_03_01_18_31_01_843.jpg, 0, 1, 0, 30.19034
/home/zubin/Desktop/Self-driving-car-simulation/Data/IMG/center_2019_03_01_18_31_01_944.jpg, /home/zubin/Desktop/Self-driving-car-simulation/Data/IMG/left_2019_03_01_18_31_01_944.jpg, /home/zubin/Desktop/Self-driving-car-simulation/Data/IMG/right_2019_03_01_18_31_01_944.jpg, 0, 1, 0, 30.19036
/home/zubin/Desktop/Self-driving-car-simulation/Data/IMG/center_2019_03_01_18_31_02_060.jpg, /home/zubin/Desktop/Self-driving-car-simulation/Data/IMG/left_2019_03_01_18_31_02_060.jpg, /home/zubin/Desktop/Self-driving-car-simulation/Data/IMG/right_2019_03_01_18_31_02_060.jpg, 0, 1, 0, 30.19037
/home/zubin/Desktop/Self-driving-car-simulation/Data/IMG/center_2019_03_01_18_31_02_176.jpg, /home/zubin/Desktop/Self-driving-car-simulation/Data/IMG/left_2019_03_01_18_31_02_176.jpg, /home/zubin/Desktop/Self-driving-car-simulation/Data/IMG/right_2019_03_01_18_31_02_176.jpg, 0, 1, 0, 30.19037
/home/zubin/Desktop/Self-driving-car-simulation/Data/IMG/center_2019_03_01_18_31_02_278.jpg, /home/zubin/Desktop/Self-driving-car-simulation/Data/IMG/left_2019_03_01_18_31_02_278.jpg, /home/zubin/Desktop/Self-driving-car-simulation/Data/IMG/right_2019_03_01_18_31_02_278.jpg, -0.1468527, 1, 0, 30.1841
/home/zubin/Desktop/Self-driving-car-simulation/Data/IMG/center_2019_03_01_18_31_02_379.jpg, /home/zubin/Desktop/Self-driving-car-simulation/Data/IMG/left_2019_03_01_18_31_02_379.jpg, /home/zubin/Desktop/Self-driving-car-simulation/Data/IMG/right_2019_03_01_18_31_02_379.jpg, -0.03971672, 1, 0, 30.19063
/home/zubin/Desktop/Self-driving-car-simulation/Data/IMG/center_2019_03_01_18_31_02_497.jpg, /home/zubin/Desktop/Self-driving-car-simulation/Data/IMG/left_2019_03_01_18_31_02_497.jpg, /home/zubin/Desktop/Self-driving-car-simulation/Data/IMG/right_2019_03_01_18_31_02_497.jpg, 0, 1, 0, 30.19015
/home/zubin/Desktop/Self-driving-car-simulation/Data/IMG/center_2019_03_01_18_31_02_612.jpg, /home/zubin/Desktop/Self-driving-car-simulation/Data/IMG/left_2019_03_01_18_31_02_612.jpg, /home/zubin/Desktop/Self-driving-car-simulation/Data/IMG/right_2019_03_01_18_31_02_612.jpg, 0, 1, 0, 30.18945
/home/zubin/Desktop/Self-driving-car-simulation/Data/IMG/center_2019_03_01_18_31_02_726.jpg, /home/zubin/Desktop/Self-driving-car-simulation/Data/IMG/left_2019_03_01_18_31_02_726.jpg, /home/zubin/Desktop/Self-driving-car-simulation/Data/IMG/right_2019_03_01_18_31_02_726.jpg, 0, 1, 0, 30.19037
/home/zubin/Desktop/Self-driving-car-simulation/Data/IMG/center_2019_03_01_18_31_02_827.jpg, /home/zubin/Desktop/Self-driving-car-simulation/Data/IMG/left_2019_03_01_18_31_02_827.jpg, /home/zubin/Desktop/Self-driving-car-simulation/Data/IMG/right_2019_03_01_18_31_02_827.jpg, 0, 1, 0, 30.18978
/home/zubin/Desktop/Self-driving-car-simulation/Data/IMG/center_2019_03_01_18_31_02_927.jpg, /home/zubin/Desktop/Self-driving-car-simulation/Data/IMG/left_2019_03_01_18_31_02_927.jpg, /home/zubin/Desktop/Self-driving-car-simulation/Data/IMG/right_2019_03_01_18_31_02_927.jpg, 0, 1, 0, 30.19049
/home/zubin/Desktop/Self-driving-car-simulation/Data/IMG/center_2019_03_01_18_31_03_043.jpg, /home/zubin/Desktop/Self-driving-car-simulation/Data/IMG/left_2019_03_01_18_31_03_043.jpg, /home/zubin/Desktop/Self-driving-car-simulation/Data/IMG/right_2019_03_01_18_31_03_043.jpg, 0, 1, 0, 30.19044
/home/zubin/Desktop/Self-driving-car-simulation/Data/IMG/center_2019_03_01_18_31_03_160.jpg, /home/zubin/Desktop/Self-driving-car-simulation/Data/IMG/left_2019_03_01_18_31_03_160.jpg, /home/zubin/Desktop/Self-driving-car-simulation/Data/IMG/right_2019_03_01_18_31_03_160.jpg, 0, 1, 0, 30.19043
/home/zubin/Desktop/Self-driving-car-simulation/Data/IMG/center_2019_03_01_18_31_03_277.jpg, /home/zubin/Desktop/Self-driving-car-simulation/Data/IMG/left_2019_03_01_18_31_03_277.jpg, /home/zubin/Desktop/Self-driving-car-simulation/Data/IMG/right_2019_03_01_18_31_03_277.jpg, 0, 1, 0, 30.19074
/home/zubin/Desktop/Self-driving-car-simulation/Data/IMG/center_2019_03_01_18_31_03_377.jpg, /home/zubin/Desktop/Self-driving-car-simulation/Data/IMG/left_2019_03_01_18_31_03_377.jpg, /home/zubin/Desktop/Self-driving-car-simulation/Data/IMG/right_2019_03_01_18_31_03_377.jpg, -0.2022028, 1, 0, 30.17964
/home/zubin/Desktop/Self-driving-car-simulation/Data/IMG/center_2019_03_01_18_31_03_492.jpg, /home/zubin/Desktop/Self-driving-car-simulation/Data/IMG/left_2019_03_01_18_31_03_492.jpg, /home/zubin/Desktop/Self-driving-car-simulation/Data/IMG/right_2019_03_01_18_31_03_492.jpg, 0, 1, 0, 30.18979
/home/zubin/Desktop/Self-driving-car-simulation/Data/IMG/center_2019_03_01_18_31_03_592.jpg, /home/zubin/Desktop/Self-driving-car-simulation/Data/IMG/left_2019_03_01_18_31_03_592.jpg, /home/zubin/Desktop/Self-driving-car-simulation/Data/IMG/right_2019_03_01_18_31_03_592.jpg, 0, 1, 0, 30.19019
/home/zubin/Desktop/Self-driving-car-simulation/Data/IMG/center_2019_03_01_18_31_03_694.jpg, /home/zubin/Desktop/Self-driving-car-simulation/Data/IMG/left_2019_03_01_18_31_03_694.jpg, /home/zubin/Desktop/Self-driving-car-simulation/Data/IMG/right_2019_03_01_18_31_03_694.jpg, 0, 1, 0, 30.19022
/home/zubin/Desktop/Self-driving-car-simulation/Data/IMG/center_2019_03_01_18_31_03_809.jpg, /home/zubin/Desktop/Self-driving-car-simulation/Data/IMG/left_2019_03_01_18_31_03_809.jpg, /home/zubin/Desktop/Self-driving-car-simulation/Data/IMG/right_2019_03_01_18_31_03_809.jpg, 0, 1, 0, 30.19022
/home/zubin/Desktop/Self-driving-car-simulation/Data/IMG/center_2019_03_01_18_31_03_909.jpg, /home/zubin/Desktop/Self-driving-car-simulation/Data/IMG/left_2019_03_01_18_31_03_909.jpg, /home/zubin/Desktop/Self-driving-car-simulation/Data/IMG/right_2019_03_01_18_31_03_909.jpg, 0, 1, 0, 30.19043
/home/zubin/Desktop/Self-driving-car-simulation/Data/IMG/center_2019_03_01_18_31_04_025.jpg, /home/zubin/Desktop/Self-driving-car-simulation/Data/IMG/left_2019_03_01_18_31_04_025.jpg, /home/zubin/Desktop/Self-driving-car-simulation/Data/IMG/right_2019_03_01_18_31_04_025.jpg, 0, 1, 0, 30.1897
/home/zubin/Desktop/Self-driving-car-simulation/Data/IMG/center_2019_03_01_18_31_04_126.jpg, /home/zubin/Desktop/Self-driving-car-simulation/Data/IMG/left_2019_03_01_18_31_04_126.jpg, /home/zubin/Desktop/Self-driving-car-simulation/Data/IMG/right_2019_03_01_18_31_04_126.jpg, -0.1490822, 1, 0, 30.18386
/home/zubin/Desktop/Self-driving-car-simulation/Data/IMG/center_2019_03_01_18_31_04_242.jpg, /home/zubin/Desktop/Self-driving-car-simulation/Data/IMG/left_2019_03_01_18_31_04_242.jpg, /home/zubin/Desktop/Self-driving-car-simulation/Data/IMG/right_2019_03_01_18_31_04_242.jpg, -0.07764816, 1, 0, 30.19038
/home/zubin/Desktop/Self-driving-car-simulation/Data/IMG/center_2019_03_01_18_31_04_359.jpg, /home/zubin/Desktop/Self-driving-car-simulation/Data/IMG/left_2019_03_01_18_31_04_359.jpg, /home/zubin/Desktop/Self-driving-car-simulation/Data/IMG/right_2019_03_01_18_31_04_359.jpg, 0, 1, 0, 30.19006
/home/zubin/Desktop/Self-driving-car-simulation/Data/IMG/center_2019_03_01_18_31_04_475.jpg, /home/zubin/Desktop/Self-driving-car-simulation/Data/IMG/left_2019_03_01_18_31_04_475.jpg, /home/zubin/Desktop/Self-driving-car-simulation/Data/IMG/right_2019_03_01_18_31_04_475.jpg, 0, 1, 0, 30.19027
/home/zubin/Desktop/Self-driving-car-simulation/Data/IMG/center_2019_03_01_18_31_04_593.jpg, /home/zubin/Desktop/Self-driving-car-simulation/Data/IMG/left_2019_03_01_18_31_04_593.jpg, /home/zubin/Desktop/Self-driving-car-simulation/Data/IMG/right_2019_03_01_18_31_04_593.jpg, 0, 1, 0, 30.19031
/home/zubin/Desktop/Self-driving-car-simulation/Data/IMG/center_2019_03_01_18_31_04_694.jpg, /home/zubin/Desktop/Self-driving-car-simulation/Data/IMG/left_2019_03_01_18_31_04_694.jpg, /home/zubin/Desktop/Self-driving-car-simulation/Data/IMG/right_2019_03_01_18_31_04_694.jpg, 0, 1, 0, 30.19031
/home/zubin/Desktop/Self-driving-car-simulation/Data/IMG/center_2019_03_01_18_31_04_808.jpg, /home/zubin/Desktop/Self-driving-car-simulation/Data/IMG/left_2019_03_01_18_31_04_808.jpg, /home/zubin/Desktop/Self-driving-car-simulation/Data/IMG/right_2019_03_01_18_31_04_808.jpg, 0, 1, 0, 30.19048
/home/zubin/Desktop/Self-driving-car-simulation/Data/IMG/center_2019_03_01_18_31_04_909.jpg, /home/zubin/Desktop/Self-driving-car-simulation/Data/IMG/left_2019_03_01_18_31_04_909.jpg, /home/zubin/Desktop/Self-driving-car-simulation/Data/IMG/right_2019_03_01_18_31_04_909.jpg, 0, 1, 0, 30.19022
/home/zubin/Desktop/Self-driving-car-simulation/Data/IMG/center_2019_03_01_18_31_05_009.jpg, /home/zubin/Desktop/Self-driving-car-simulation/Data/IMG/left_2019_03_01_18_31_05_009.jpg, /home/zubin/Desktop/Self-driving-car-simulation/Data/IMG/right_2019_03_01_18_31_05_009.jpg, 0, 1, 0, 30.19078
/home/zubin/Desktop/Self-driving-car-simulation/Data/IMG/center_2019_03_01_18_31_05_126.jpg, /home/zubin/Desktop/Self-driving-car-simulation/Data/IMG/left_2019_03_01_18_31_05_126.jpg, /home/zubin/Desktop/Self-driving-car-simulation/Data/IMG/right_2019_03_01_18_31_05_126.jpg, 0, 1, 0, 30.1903
/home/zubin/Desktop/Self-driving-car-simulation/Data/IMG/center_2019_03_01_18_31_05_242.jpg, /home/zubin/Desktop/Self-driving-car-simulation/Data/IMG/left_2019_03_01_18_31_05_242.jpg, /home/zubin/Desktop/Self-driving-car-simulation/Data/IMG/right_2019_03_01_18_31_05_242.jpg, 0, 1, 0, 30.19097
/home/zubin/Desktop/Self-driving-car-simulation/Data/IMG/center_2019_03_01_18_31_05_359.jpg, /home/zubin/Desktop/Self-driving-car-simulation/Data/IMG/left_2019_03_01_18_31_05_359.jpg, /home/zubin/Desktop/Self-driving-car-simulation/Data/IMG/right_2019_03_01_18_31_05_359.jpg, 0, 1, 0, 30.19029
/home/zubin/Desktop/Self-driving-car-simulation/Data/IMG/center_2019_03_01_18_31_05_474.jpg, /home/zubin/Desktop/Self-driving-car-simulation/Data/IMG/left_2019_03_01_18_31_05_474.jpg, /home/zubin/Desktop/Self-driving-car-simulation/Data/IMG/right_2019_03_01_18_31_05_474.jpg, -0.2497752, 1, 0, 30.17604
/home/zubin/Desktop/Self-driving-car-simulation/Data/IMG/center_2019_03_01_18_31_05_576.jpg, /home/zubin/Desktop/Self-driving-car-simulation/Data/IMG/left_2019_03_01_18_31_05_576.jpg, /home/zubin/Desktop/Self-driving-car-simulation/Data/IMG/right_2019_03_01_18_31_05_576.jpg, 0, 1, 0, 30.18888
/home/zubin/Desktop/Self-driving-car-simulation/Data/IMG/center_2019_03_01_18_31_05_692.jpg, /home/zubin/Desktop/Self-driving-car-simulation/Data/IMG/left_2019_03_01_18_31_05_692.jpg, /home/zubin/Desktop/Self-driving-car-simulation/Data/IMG/right_2019_03_01_18_31_05_692.jpg, 0, 1, 0, 30.19017
/home/zubin/Desktop/Self-driving-car-simulation/Data/IMG/center_2019_03_01_18_31_05_792.jpg, /home/zubin/Desktop/Self-driving-car-simulation/Data/IMG/left_2019_03_01_18_31_05_792.jpg, /home/zubin/Desktop/Self-driving-car-simulation/Data/IMG/right_2019_03_01_18_31_05_792.jpg, 0, 1, 0, 30.1903
/home/zubin/Desktop/Self-driving-car-simulation/Data/IMG/center_2019_03_01_18_31_05_907.jpg, /home/zubin/Desktop/Self-driving-car-simulation/Data/IMG/left_2019_03_01_18_31_05_907.jpg, /home/zubin/Desktop/Self-driving-car-simulation/Data/IMG/right_2019_03_01_18_31_05_907.jpg, 0, 1, 0, 30.19033
/home/zubin/Desktop/Self-driving-car-simulation/Data/IMG/center_2019_03_01_18_31_06_008.jpg, /home/zubin/Desktop/Self-driving-car-simulation/Data/IMG/left_2019_03_01_18_31_06_008.jpg, /home/zubin/Desktop/Self-driving-car-simulation/Data/IMG/right_2019_03_01_18_31_06_008.jpg, -0.1604733, 1, 0, 30.18359
/home/zubin/Desktop/Self-driving-car-simulation/Data/IMG/center_2019_03_01_18_31_06_123.jpg, /home/zubin/Desktop/Self-driving-car-simulation/Data/IMG/left_2019_03_01_18_31_06_123.jpg, /home/zubin/Desktop/Self-driving-car-simulation/Data/IMG/right_2019_03_01_18_31_06_123.jpg, 0, 1, 0, 30.19016
/home/zubin/Desktop/Self-driving-car-simulation/Data/IMG/center_2019_03_01_18_31_06_240.jpg, /home/zubin/Desktop/Self-driving-car-simulation/Data/IMG/left_2019_03_01_18_31_06_240.jpg, /home/zubin/Desktop/Self-driving-car-simulation/Data/IMG/right_2019_03_01_18_31_06_240.jpg, 0, 1, 0, 30.19027
/home/zubin/Desktop/Self-driving-car-simulation/Data/IMG/center_2019_03_01_18_31_06_340.jpg, /home/zubin/Desktop/Self-driving-car-simulation/Data/IMG/left_2019_03_01_18_31_06_340.jpg, /home/zubin/Desktop/Self-driving-car-simulation/Data/IMG/right_2019_03_01_18_31_06_340.jpg, 0, 1, 0, 30.19023
/home/zubin/Desktop/Self-driving-car-simulation/Data/IMG/center_2019_03_01_18_31_06_456.jpg, /home/zubin/Desktop/Self-driving-car-simulation/Data/IMG/left_2019_03_01_18_31_06_456.jpg, /home/zubin/Desktop/Self-driving-car-simulation/Data/IMG/right_2019_03_01_18_31_06_456.jpg, 0, 1, 0, 30.19027
/home/zubin/Desktop/Self-driving-car-simulation/Data/IMG/center_2019_03_01_18_31_06_572.jpg, /home/zubin/Desktop/Self-driving-car-simulation/Data/IMG/left_2019_03_01_18_31_06_572.jpg, /home/zubin/Desktop/Self-driving-car-simulation/Data/IMG/right_2019_03_01_18_31_06_572.jpg, 0, 1, 0, 30.19029
/home/zubin/Desktop/Self-driving-car-simulation/Data/IMG/center_2019_03_01_18_31_06_691.jpg, /home/zubin/Desktop/Self-driving-car-simulation/Data/IMG/left_2019_03_01_18_31_06_691.jpg, /home/zubin/Desktop/Self-driving-car-simulation/Data/IMG/right_2019_03_01_18_31_06_691.jpg, -0.1945109, 1, 0, 30.18008
/home/zubin/Desktop/Self-driving-car-simulation/Data/IMG/center_2019_03_01_18_31_06_805.jpg, /home/zubin/Desktop/Self-driving-car-simulation/Data/IMG/left_2019_03_01_18_31_06_805.jpg, /home/zubin/Desktop/Self-driving-car-simulation/Data/IMG/right_2019_03_01_18_31_06_805.jpg, -0.05440521, 1, 0, 30.19079
/home/zubin/Desktop/Self-driving-car-simulation/Data/IMG/center_2019_03_01_18_31_06_907.jpg, /home/zubin/Desktop/Self-driving-car-simulation/Data/IMG/left_2019_03_01_18_31_06_907.jpg, /home/zubin/Desktop/Self-driving-car-simulation/Data/IMG/right_2019_03_01_18_31_06_907.jpg, 0, 1, 0, 30.18989
/home/zubin/Desktop/Self-driving-car-simulation/Data/IMG/center_2019_03_01_18_31_07_021.jpg, /home/zubin/Desktop/Self-driving-car-simulation/Data/IMG/left_2019_03_01_18_31_07_021.jpg, /home/zubin/Desktop/Self-driving-car-simulation/Data/IMG/right_2019_03_01_18_31_07_021.jpg, 0, 1, 0, 30.19027
/home/zubin/Desktop/Self-driving-car-simulation/Data/IMG/center_2019_03_01_18_31_07_123.jpg, /home/zubin/Desktop/Self-driving-car-simulation/Data/IMG/left_2019_03_01_18_31_07_123.jpg, /home/zubin/Desktop/Self-driving-car-simulation/Data/IMG/right_2019_03_01_18_31_07_123.jpg, 0, 1, 0, 30.19008
/home/zubin/Desktop/Self-driving-car-simulation/Data/IMG/center_2019_03_01_18_31_07_239.jpg, /home/zubin/Desktop/Self-driving-car-simulation/Data/IMG/left_2019_03_01_18_31_07_239.jpg, /home/zubin/Desktop/Self-driving-car-simulation/Data/IMG/right_2019_03_01_18_31_07_239.jpg, -0.1452992, 1, 0, 30.18491
/home/zubin/Desktop/Self-driving-car-simulation/Data/IMG/center_2019_03_01_18_31_07_340.jpg, /home/zubin/Desktop/Self-driving-car-simulation/Data/IMG/left_2019_03_01_18_31_07_340.jpg, /home/zubin/Desktop/Self-driving-car-simulation/Data/IMG/right_2019_03_01_18_31_07_340.jpg, -0.4478703, 1, 0, 30.14908
/home/zubin/Desktop/Self-driving-car-simulation/Data/IMG/center_2019_03_01_18_31_07_456.jpg, /home/zubin/Desktop/Self-driving-car-simulation/Data/IMG/left_2019_03_01_18_31_07_456.jpg, /home/zubin/Desktop/Self-driving-car-simulation/Data/IMG/right_2019_03_01_18_31_07_456.jpg, -0.1010463, 1, 0, 30.19195
/home/zubin/Desktop/Self-driving-car-simulation/Data/IMG/center_2019_03_01_18_31_07_572.jpg, /home/zubin/Desktop/Self-driving-car-simulation/Data/IMG/left_2019_03_01_18_31_07_572.jpg, /home/zubin/Desktop/Self-driving-car-simulation/Data/IMG/right_2019_03_01_18_31_07_572.jpg, 0, 1, 0, 30.18942
/home/zubin/Desktop/Self-driving-car-simulation/Data/IMG/center_2019_03_01_18_31_07_689.jpg, /home/zubin/Desktop/Self-driving-car-simulation/Data/IMG/left_2019_03_01_18_31_07_689.jpg, /home/zubin/Desktop/Self-driving-car-simulation/Data/IMG/right_2019_03_01_18_31_07_689.jpg, 0, 1, 0, 30.19024
/home/zubin/Desktop/Self-driving-car-simulation/Data/IMG/center_2019_03_01_18_31_07_804.jpg, /home/zubin/Desktop/Self-driving-car-simulation/Data/IMG/left_2019_03_01_18_31_07_804.jpg, /home/zubin/Desktop/Self-driving-car-simulation/Data/IMG/right_2019_03_01_18_31_07_804.jpg, 0, 1, 0, 30.19029
/home/zubin/Desktop/Self-driving-car-simulation/Data/IMG/center_2019_03_01_18_31_07_904.jpg, /home/zubin/Desktop/Self-driving-car-simulation/Data/IMG/left_2019_03_01_18_31_07_904.jpg, /home/zubin/Desktop/Self-driving-car-simulation/Data/IMG/right_2019_03_01_18_31_07_904.jpg, 0, 1, 0, 30.19036
/home/zubin/Desktop/Self-driving-car-simulation/Data/IMG/center_2019_03_01_18_31_08_005.jpg, /home/zubin/Desktop/Self-driving-car-simulation/Data/IMG/left_2019_03_01_18_31_08_005.jpg, /home/zubin/Desktop/Self-driving-car-simulation/Data/IMG/right_2019_03_01_18_31_08_005.jpg, 0, 1, 0, 30.19034
/home/zubin/Desktop/Self-driving-car-simulation/Data/IMG/center_2019_03_01_18_31_08_105.jpg, /home/zubin/Desktop/Self-driving-car-simulation/Data/IMG/left_2019_03_01_18_31_08_105.jpg, /home/zubin/Desktop/Self-driving-car-simulation/Data/IMG/right_2019_03_01_18_31_08_105.jpg, -0.3001857, 1, 0, 30.1664
/home/zubin/Desktop/Self-driving-car-simulation/Data/IMG/center_2019_03_01_18_31_08_218.jpg, /home/zubin/Desktop/Self-driving-car-simulation/Data/IMG/left_2019_03_01_18_31_08_218.jpg, /home/zubin/Desktop/Self-driving-car-simulation/Data/IMG/right_2019_03_01_18_31_08_218.jpg, 0, 1, 0, 30.18904
/home/zubin/Desktop/Self-driving-car-simulation/Data/IMG/center_2019_03_01_18_31_08_322.jpg, /home/zubin/Desktop/Self-driving-car-simulation/Data/IMG/left_2019_03_01_18_31_08_322.jpg, /home/zubin/Desktop/Self-driving-car-simulation/Data/IMG/right_2019_03_01_18_31_08_322.jpg, 0, 1, 0, 30.18795
/home/zubin/Desktop/Self-driving-car-simulation/Data/IMG/center_2019_03_01_18_31_08_438.jpg, /home/zubin/Desktop/Self-driving-car-simulation/Data/IMG/left_2019_03_01_18_31_08_438.jpg, /home/zubin/Desktop/Self-driving-car-simulation/Data/IMG/right_2019_03_01_18_31_08_438.jpg, 0, 1, 0, 30.19018
/home/zubin/Desktop/Self-driving-car-simulation/Data/IMG/center_2019_03_01_18_31_08_539.jpg, /home/zubin/Desktop/Self-driving-car-simulation/Data/IMG/left_2019_03_01_18_31_08_539.jpg, /home/zubin/Desktop/Self-driving-car-simulation/Data/IMG/right_2019_03_01_18_31_08_539.jpg, 0, 1, 0, 30.1901
/home/zubin/Desktop/Self-driving-car-simulation/Data/IMG/center_2019_03_01_18_31_08_655.jpg, /home/zubin/Desktop/Self-driving-car-simulation/Data/IMG/left_2019_03_01_18_31_08_655.jpg, /home/zubin/Desktop/Self-driving-car-simulation/Data/IMG/right_2019_03_01_18_31_08_655.jpg, 0, 1, 0, 30.19008
/home/zubin/Desktop/Self-driving-car-simulation/Data/IMG/center_2019_03_01_18_31_08_771.jpg, /home/zubin/Desktop/Self-driving-car-simulation/Data/IMG/left_2019_03_01_18_31_08_771.jpg, /home/zubin/Desktop/Self-driving-car-simulation/Data/IMG/right_2019_03_01_18_31_08_771.jpg, 0, 1, 0, 30.19011
/home/zubin/Desktop/Self-driving-car-simulation/Data/IMG/center_2019_03_01_18_31_08_889.jpg, /home/zubin/Desktop/Self-driving-car-simulation/Data/IMG/left_2019_03_01_18_31_08_889.jpg, /home/zubin/Desktop/Self-driving-car-simulation/Data/IMG/right_2019_03_01_18_31_08_889.jpg, 0, 1, 0, 30.19011
/home/zubin/Desktop/Self-driving-car-simulation/Data/IMG/center_2019_03_01_18_31_09_001.jpg, /home/zubin/Desktop/Self-driving-car-simulation/Data/IMG/left_2019_03_01_18_31_09_001.jpg, /home/zubin/Desktop/Self-driving-car-simulation/Data/IMG/right_2019_03_01_18_31_09_001.jpg, 0, 1, 0, 30.18908
/home/zubin/Desktop/Self-driving-car-simulation/Data/IMG/center_2019_03_01_18_31_09_118.jpg, /home/zubin/Desktop/Self-driving-car-simulation/Data/IMG/left_2019_03_01_18_31_09_118.jpg, /home/zubin/Desktop/Self-driving-car-simulation/Data/IMG/right_2019_03_01_18_31_09_118.jpg, -0.05257487, 1, 0, 30.18978
/home/zubin/Desktop/Self-driving-car-simulation/Data/IMG/center_2019_03_01_18_31_09_235.jpg, /home/zubin/Desktop/Self-driving-car-simulation/Data/IMG/left_2019_03_01_18_31_09_235.jpg, /home/zubin/Desktop/Self-driving-car-simulation/Data/IMG/right_2019_03_01_18_31_09_235.jpg, -0.09777617, 1, 0, 30.19011
/home/zubin/Desktop/Self-driving-car-simulation/Data/IMG/center_2019_03_01_18_31_09_352.jpg, /home/zubin/Desktop/Self-driving-car-simulation/Data/IMG/left_2019_03_01_18_31_09_352.jpg, /home/zubin/Desktop/Self-driving-car-simulation/Data/IMG/right_2019_03_01_18_31_09_352.jpg, 0, 1, 0, 30.19029
/home/zubin/Desktop/Self-driving-car-simulation/Data/IMG/center_2019_03_01_18_31_09_470.jpg, /home/zubin/Desktop/Self-driving-car-simulation/Data/IMG/left_2019_03_01_18_31_09_470.jpg, /home/zubin/Desktop/Self-driving-car-simulation/Data/IMG/right_2019_03_01_18_31_09_470.jpg, 0, 1, 0, 30.19034
/home/zubin/Desktop/Self-driving-car-simulation/Data/IMG/center_2019_03_01_18_31_09_586.jpg, /home/zubin/Desktop/Self-driving-car-simulation/Data/IMG/left_2019_03_01_18_31_09_586.jpg, /home/zubin/Desktop/Self-driving-car-simulation/Data/IMG/right_2019_03_01_18_31_09_586.jpg, 0, 1, 0, 30.19044
/home/zubin/Desktop/Self-driving-car-simulation/Data/IMG/center_2019_03_01_18_31_09_702.jpg, /home/zubin/Desktop/Self-driving-car-simulation/Data/IMG/left_2019_03_01_18_31_09_702.jpg, /home/zubin/Desktop/Self-driving-car-simulation/Data/IMG/right_2019_03_01_18_31_09_702.jpg, -0.09505534, 1, 0, 30.188
/home/zubin/Desktop/Self-driving-car-simulation/Data/IMG/center_2019_03_01_18_31_09_819.jpg, /home/zubin/Desktop/Self-driving-car-simulation/Data/IMG/left_2019_03_01_18_31_09_819.jpg, /home/zubin/Desktop/Self-driving-car-simulation/Data/IMG/right_2019_03_01_18_31_09_819.jpg, -0.4486713, 1, 0, 30.14886
/home/zubin/Desktop/Self-driving-car-simulation/Data/IMG/center_2019_03_01_18_31_09_936.jpg, /home/zubin/Desktop/Self-driving-car-simulation/Data/IMG/left_2019_03_01_18_31_09_936.jpg, /home/zubin/Desktop/Self-driving-car-simulation/Data/IMG/right_2019_03_01_18_31_09_936.jpg, -0.09907222, 1, 0, 30.19214
/home/zubin/Desktop/Self-driving-car-simulation/Data/IMG/center_2019_03_01_18_31_10_050.jpg, /home/zubin/Desktop/Self-driving-car-simulation/Data/IMG/left_2019_03_01_18_31_10_050.jpg, /home/zubin/Desktop/Self-driving-car-simulation/Data/IMG/right_2019_03_01_18_31_10_050.jpg, 0, 1, 0, 30.18943
/home/zubin/Desktop/Self-driving-car-simulation/Data/IMG/center_2019_03_01_18_31_10_151.jpg, /home/zubin/Desktop/Self-driving-car-simulation/Data/IMG/left_2019_03_01_18_31_10_151.jpg, /home/zubin/Desktop/Self-driving-car-simulation/Data/IMG/right_2019_03_01_18_31_10_151.jpg, 0, 1, 0, 30.19054
/home/zubin/Desktop/Self-driving-car-simulation/Data/IMG/center_2019_03_01_18_31_10_270.jpg, /home/zubin/Desktop/Self-driving-car-simulation/Data/IMG/left_2019_03_01_18_31_10_270.jpg, /home/zubin/Desktop/Self-driving-car-simulation/Data/IMG/right_2019_03_01_18_31_10_270.jpg, 0, 1, 0, 30.19034
/home/zubin/Desktop/Self-driving-car-simulation/Data/IMG/center_2019_03_01_18_31_10_386.jpg, /home/zubin/Desktop/Self-driving-car-simulation/Data/IMG/left_2019_03_01_18_31_10_386.jpg, /home/zubin/Desktop/Self-driving-car-simulation/Data/IMG/right_2019_03_01_18_31_10_386.jpg, -0.3487051, 1, 0, 30.16047
/home/zubin/Desktop/Self-driving-car-simulation/Data/IMG/center_2019_03_01_18_31_10_500.jpg, /home/zubin/Desktop/Self-driving-car-simulation/Data/IMG/left_2019_03_01_18_31_10_500.jpg, /home/zubin/Desktop/Self-driving-car-simulation/Data/IMG/right_2019_03_01_18_31_10_500.jpg, -0.005847216, 1, 0, 30.18917
/home/zubin/Desktop/Self-driving-car-simulation/Data/IMG/center_2019_03_01_18_31_10_603.jpg, /home/zubin/Desktop/Self-driving-car-simulation/Data/IMG/left_2019_03_01_18_31_10_603.jpg, /home/zubin/Desktop/Self-driving-car-simulation/Data/IMG/right_2019_03_01_18_31_10_603.jpg, 0, 1, 0, 30.18971
/home/zubin/Desktop/Self-driving-car-simulation/Data/IMG/center_2019_03_01_18_31_10_718.jpg, /home/zubin/Desktop/Self-driving-car-simulation/Data/IMG/left_2019_03_01_18_31_10_718.jpg, /home/zubin/Desktop/Self-driving-car-simulation/Data/IMG/right_2019_03_01_18_31_10_718.jpg, 0, 1, 0, 30.19045
/home/zubin/Desktop/Self-driving-car-simulation/Data/IMG/center_2019_03_01_18_31_10_819.jpg, /home/zubin/Desktop/Self-driving-car-simulation/Data/IMG/left_2019_03_01_18_31_10_819.jpg, /home/zubin/Desktop/Self-driving-car-simulation/Data/IMG/right_2019_03_01_18_31_10_819.jpg, -0.1536512, 1, 0, 30.18439
/home/zubin/Desktop/Self-driving-car-simulation/Data/IMG/center_2019_03_01_18_31_10_934.jpg, /home/zubin/Desktop/Self-driving-car-simulation/Data/IMG/left_2019_03_01_18_31_10_934.jpg, /home/zubin/Desktop/Self-driving-car-simulation/Data/IMG/right_2019_03_01_18_31_10_934.jpg, -0.1152084, 1, 0, 30.1906
/home/zubin/Desktop/Self-driving-car-simulation/Data/IMG/center_2019_03_01_18_31_11_052.jpg, /home/zubin/Desktop/Self-driving-car-simulation/Data/IMG/left_2019_03_01_18_31_11_052.jpg, /home/zubin/Desktop/Self-driving-car-simulation/Data/IMG/right_2019_03_01_18_31_11_052.jpg, 0, 1, 0, 30.18986
/home/zubin/Desktop/Self-driving-car-simulation/Data/IMG/center_2019_03_01_18_31_11_165.jpg, /home/zubin/Desktop/Self-driving-car-simulation/Data/IMG/left_2019_03_01_18_31_11_165.jpg, /home/zubin/Desktop/Self-driving-car-simulation/Data/IMG/right_2019_03_01_18_31_11_165.jpg, 0, 1, 0, 30.19021
/home/zubin/Desktop/Self-driving-car-simulation/Data/IMG/center_2019_03_01_18_31_11_286.jpg, /home/zubin/Desktop/Self-driving-car-simulation/Data/IMG/left_2019_03_01_18_31_11_286.jpg, /home/zubin/Desktop/Self-driving-car-simulation/Data/IMG/right_2019_03_01_18_31_11_286.jpg, -0.06466198, 1, 0, 30.18929
/home/zubin/Desktop/Self-driving-car-simulation/Data/IMG/center_2019_03_01_18_31_11_398.jpg, /home/zubin/Desktop/Self-driving-car-simulation/Data/IMG/left_2019_03_01_18_31_11_398.jpg, /home/zubin/Desktop/Self-driving-car-simulation/Data/IMG/right_2019_03_01_18_31_11_398.jpg, -0.2090342, 1, 0, 30.18503
/home/zubin/Desktop/Self-driving-car-simulation/Data/IMG/center_2019_03_01_18_31_11_500.jpg, /home/zubin/Desktop/Self-driving-car-simulation/Data/IMG/left_2019_03_01_18_31_11_500.jpg, /home/zubin/Desktop/Self-driving-car-simulation/Data/IMG/right_2019_03_01_18_31_11_500.jpg, 0, 1, 0, 30.18965
/home/zubin/Desktop/Self-driving-car-simulation/Data/IMG/center_2019_03_01_18_31_11_616.jpg, /home/zubin/Desktop/Self-driving-car-simulation/Data/IMG/left_2019_03_01_18_31_11_616.jpg, /home/zubin/Desktop/Self-driving-car-simulation/Data/IMG/right_2019_03_01_18_31_11_616.jpg, 0, 1, 0, 30.19093
/home/zubin/Desktop/Self-driving-car-simulation/Data/IMG/center_2019_03_01_18_31_11_734.jpg, /home/zubin/Desktop/Self-driving-car-simulation/Data/IMG/left_2019_03_01_18_31_11_734.jpg, /home/zubin/Desktop/Self-driving-car-simulation/Data/IMG/right_2019_03_01_18_31_11_734.jpg, -0.05550027, 1, 0, 30.18984
/home/zubin/Desktop/Self-driving-car-simulation/Data/IMG/center_2019_03_01_18_31_11_849.jpg, /home/zubin/Desktop/Self-driving-car-simulation/Data/IMG/left_2019_03_01_18_31_11_849.jpg, /home/zubin/Desktop/Self-driving-car-simulation/Data/IMG/right_2019_03_01_18_31_11_849.jpg, -0.1034875, 1, 0, 30.18973
/home/zubin/Desktop/Self-driving-car-simulation/Data/IMG/center_2019_03_01_18_31_11_951.jpg, /home/zubin/Desktop/Self-driving-car-simulation/Data/IMG/left_2019_03_01_18_31_11_951.jpg, /home/zubin/Desktop/Self-driving-car-simulation/Data/IMG/right_2019_03_01_18_31_11_951.jpg, 0, 1, 0, 30.19012
/home/zubin/Desktop/Self-driving-car-simulation/Data/IMG/center_2019_03_01_18_31_12_067.jpg, /home/zubin/Desktop/Self-driving-car-simulation/Data/IMG/left_2019_03_01_18_31_12_067.jpg, /home/zubin/Desktop/Self-driving-car-simulation/Data/IMG/right_2019_03_01_18_31_12_067.jpg, 0, 1, 0, 30.1903
/home/zubin/Desktop/Self-driving-car-simulation/Data/IMG/center_2019_03_01_18_31_12_182.jpg, /home/zubin/Desktop/Self-driving-car-simulation/Data/IMG/left_2019_03_01_18_31_12_182.jpg, /home/zubin/Desktop/Self-driving-car-simulation/Data/IMG/right_2019_03_01_18_31_12_182.jpg, -0.1042349, 1, 0, 30.18874
/home/zubin/Desktop/Self-driving-car-simulation/Data/IMG/center_2019_03_01_18_31_12_283.jpg, /home/zubin/Desktop/Self-driving-car-simulation/Data/IMG/left_2019_03_01_18_31_12_283.jpg, /home/zubin/Desktop/Self-driving-car-simulation/Data/IMG/right_2019_03_01_18_31_12_283.jpg, -0.4055879, 1, 0, 30.15628
/home/zubin/Desktop/Self-driving-car-simulation/Data/IMG/center_2019_03_01_18_31_12_384.jpg, /home/zubin/Desktop/Self-driving-car-simulation/Data/IMG/left_2019_03_01_18_31_12_384.jpg, /home/zubin/Desktop/Self-driving-car-simulation/Data/IMG/right_2019_03_01_18_31_12_384.jpg, -0.1024075, 1, 0, 30.19128
/home/zubin/Desktop/Self-driving-car-simulation/Data/IMG/center_2019_03_01_18_31_12_497.jpg, /home/zubin/Desktop/Self-driving-car-simulation/Data/IMG/left_2019_03_01_18_31_12_497.jpg, /home/zubin/Desktop/Self-driving-car-simulation/Data/IMG/right_2019_03_01_18_31_12_497.jpg, 0, 1, 0, 30.18963
/home/zubin/Desktop/Self-driving-car-simulation/Data/IMG/center_2019_03_01_18_31_12_598.jpg, /home/zubin/Desktop/Self-driving-car-simulation/Data/IMG/left_2019_03_01_18_31_12_598.jpg, /home/zubin/Desktop/Self-driving-car-simulation/Data/IMG/right_2019_03_01_18_31_12_598.jpg, -0.1019046, 1, 0, 30.19057
/home/zubin/Desktop/Self-driving-car-simulation/Data/IMG/center_2019_03_01_18_31_12_716.jpg, /home/zubin/Desktop/Self-driving-car-simulation/Data/IMG/left_2019_03_01_18_31_12_716.jpg, /home/zubin/Desktop/Self-driving-car-simulation/Data/IMG/right_2019_03_01_18_31_12_716.jpg, 0, 1, 0, 30.19022
/home/zubin/Desktop/Self-driving-car-simulation/Data/IMG/center_2019_03_01_18_31_12_817.jpg, /home/zubin/Desktop/Self-driving-car-simulation/Data/IMG/left_2019_03_01_18_31_12_817.jpg, /home/zubin/Desktop/Self-driving-car-simulation/Data/IMG/right_2019_03_01_18_31_12_817.jpg, 0, 1, 0, 30.19027
/home/zubin/Desktop/Self-driving-car-simulation/Data/IMG/center_2019_03_01_18_31_12_930.jpg, /home/zubin/Desktop/Self-driving-car-simulation/Data/IMG/left_2019_03_01_18_31_12_930.jpg, /home/zubin/Desktop/Self-driving-car-simulation/Data/IMG/right_2019_03_01_18_31_12_930.jpg, -0.2984462, 1, 0, 30.1697
/home/zubin/Desktop/Self-driving-car-simulation/Data/IMG/center_2019_03_01_18_31_13_031.jpg, /home/zubin/Desktop/Self-driving-car-simulation/Data/IMG/left_2019_03_01_18_31_13_031.jpg, /home/zubin/Desktop/Self-driving-car-simulation/Data/IMG/right_2019_03_01_18_31_13_031.jpg, -0.3010769, 1, 0, 30.18449
/home/zubin/Desktop/Self-driving-car-simulation/Data/IMG/center_2019_03_01_18_31_13_148.jpg, /home/zubin/Desktop/Self-driving-car-simulation/Data/IMG/left_2019_03_01_18_31_13_148.jpg, /home/zubin/Desktop/Self-driving-car-simulation/Data/IMG/right_2019_03_01_18_31_13_148.jpg, -0.2018158, 1, 0, 30.18919
/home/zubin/Desktop/Self-driving-car-simulation/Data/IMG/center_2019_03_01_18_31_13_249.jpg, /home/zubin/Desktop/Self-driving-car-simulation/Data/IMG/left_2019_03_01_18_31_13_249.jpg, /home/zubin/Desktop/Self-driving-car-simulation/Data/IMG/right_2019_03_01_18_31_13_249.jpg, -0.2226412, 1, 0, 30.18933
/home/zubin/Desktop/Self-driving-car-simulation/Data/IMG/center_2019_03_01_18_31_13_367.jpg, /home/zubin/Desktop/Self-driving-car-simulation/Data/IMG/left_2019_03_01_18_31_13_367.jpg, /home/zubin/Desktop/Self-driving-car-simulation/Data/IMG/right_2019_03_01_18_31_13_367.jpg, -0.1053565, 1, 0, 30.19141
/home/zubin/Desktop/Self-driving-car-simulation/Data/IMG/center_2019_03_01_18_31_13_481.jpg, /home/zubin/Desktop/Self-driving-car-simulation/Data/IMG/left_2019_03_01_18_31_13_481.jpg, /home/zubin/Desktop/Self-driving-car-simulation/Data/IMG/right_2019_03_01_18_31_13_481.jpg, 0, 1, 0, 30.19015
/home/zubin/Desktop/Self-driving-car-simulation/Data/IMG/center_2019_03_01_18_31_13_581.jpg, /home/zubin/Desktop/Self-driving-car-simulation/Data/IMG/left_2019_03_01_18_31_13_581.jpg, /home/zubin/Desktop/Self-driving-car-simulation/Data/IMG/right_2019_03_01_18_31_13_581.jpg, 0, 1, 0, 30.19073
/home/zubin/Desktop/Self-driving-car-simulation/Data/IMG/center_2019_03_01_18_31_13_683.jpg, /home/zubin/Desktop/Self-driving-car-simulation/Data/IMG/left_2019_03_01_18_31_13_683.jpg, /home/zubin/Desktop/Self-driving-car-simulation/Data/IMG/right_2019_03_01_18_31_13_683.jpg, 0, 1, 0, 30.1903
/home/zubin/Desktop/Self-driving-car-simulation/Data/IMG/center_2019_03_01_18_31_13_798.jpg, /home/zubin/Desktop/Self-driving-car-simulation/Data/IMG/left_2019_03_01_18_31_13_798.jpg, /home/zubin/Desktop/Self-driving-car-simulation/Data/IMG/right_2019_03_01_18_31_13_798.jpg, 0, 1, 0, 30.19028
/home/zubin/Desktop/Self-driving-car-simulation/Data/IMG/center_2019_03_01_18_31_13_915.jpg, /home/zubin/Desktop/Self-driving-car-simulation/Data/IMG/left_2019_03_01_18_31_13_915.jpg, /home/zubin/Desktop/Self-driving-car-simulation/Data/IMG/right_2019_03_01_18_31_13_915.jpg, -0.2434831, 1, 0, 30.17699
/home/zubin/Desktop/Self-driving-car-simulation/Data/IMG/center_2019_03_01_18_31_14_015.jpg, /home/zubin/Desktop/Self-driving-car-simulation/Data/IMG/left_2019_03_01_18_31_14_015.jpg, /home/zubin/Desktop/Self-driving-car-simulation/Data/IMG/right_2019_03_01_18_31_14_015.jpg, 0, 1, 0, 30.18902
/home/zubin/Desktop/Self-driving-car-simulation/Data/IMG/center_2019_03_01_18_31_14_129.jpg, /home/zubin/Desktop/Self-driving-car-simulation/Data/IMG/left_2019_03_01_18_31_14_129.jpg, /home/zubin/Desktop/Self-driving-car-simulation/Data/IMG/right_2019_03_01_18_31_14_129.jpg, -0.1461117, 1, 0, 30.18706
/home/zubin/Desktop/Self-driving-car-simulation/Data/IMG/center_2019_03_01_18_31_14_232.jpg, /home/zubin/Desktop/Self-driving-car-simulation/Data/IMG/left_2019_03_01_18_31_14_232.jpg, /home/zubin/Desktop/Self-driving-car-simulation/Data/IMG/right_2019_03_01_18_31_14_232.jpg, 0, 1, 0, 30.18977
/home/zubin/Desktop/Self-driving-car-simulation/Data/IMG/center_2019_03_01_18_31_14_348.jpg, /home/zubin/Desktop/Self-driving-car-simulation/Data/IMG/left_2019_03_01_18_31_14_348.jpg, /home/zubin/Desktop/Self-driving-car-simulation/Data/IMG/right_2019_03_01_18_31_14_348.jpg, -0.2161682, 1, 0, 30.17966
/home/zubin/Desktop/Self-driving-car-simulation/Data/IMG/center_2019_03_01_18_31_14_466.jpg, /home/zubin/Desktop/Self-driving-car-simulation/Data/IMG/left_2019_03_01_18_31_14_466.jpg, /home/zubin/Desktop/Self-driving-car-simulation/Data/IMG/right_2019_03_01_18_31_14_466.jpg, -0.04554605, 1, 0, 30.19097
/home/zubin/Desktop/Self-driving-car-simulation/Data/IMG/center_2019_03_01_18_31_14_580.jpg, /home/zubin/Desktop/Self-driving-car-simulation/Data/IMG/left_2019_03_01_18_31_14_580.jpg, /home/zubin/Desktop/Self-driving-car-simulation/Data/IMG/right_2019_03_01_18_31_14_580.jpg, -0.1850817, 1, 0, 30.18523
/home/zubin/Desktop/Self-driving-car-simulation/Data/IMG/center_2019_03_01_18_31_14_681.jpg, /home/zubin/Desktop/Self-driving-car-simulation/Data/IMG/left_2019_03_01_18_31_14_681.jpg, /home/zubin/Desktop/Self-driving-car-simulation/Data/IMG/right_2019_03_01_18_31_14_681.jpg, -0.08150411, 1, 0, 30.19121
/home/zubin/Desktop/Self-driving-car-simulation/Data/IMG/center_2019_03_01_18_31_14_800.jpg, /home/zubin/Desktop/Self-driving-car-simulation/Data/IMG/left_2019_03_01_18_31_14_800.jpg, /home/zubin/Desktop/Self-driving-car-simulation/Data/IMG/right_2019_03_01_18_31_14_800.jpg, -0.2075851, 1, 0, 30.18405
/home/zubin/Desktop/Self-driving-car-simulation/Data/IMG/center_2019_03_01_18_31_14_914.jpg, /home/zubin/Desktop/Self-driving-car-simulation/Data/IMG/left_2019_03_01_18_31_14_914.jpg, /home/zubin/Desktop/Self-driving-car-simulation/Data/IMG/right_2019_03_01_18_31_14_914.jpg, 0, 1, 0, 30.19019
/home/zubin/Desktop/Self-driving-car-simulation/Data/IMG/center_2019_03_01_18_31_15_016.jpg, /home/zubin/Desktop/Self-driving-car-simulation/Data/IMG/left_2019_03_01_18_31_15_016.jpg, /home/zubin/Desktop/Self-driving-car-simulation/Data/IMG/right_2019_03_01_18_31_15_016.jpg, -0.2119653, 1, 0, 30.18101
/home/zubin/Desktop/Self-driving-car-simulation/Data/IMG/center_2019_03_01_18_31_15_132.jpg, /home/zubin/Desktop/Self-driving-car-simulation/Data/IMG/left_2019_03_01_18_31_15_132.jpg, /home/zubin/Desktop/Self-driving-car-simulation/Data/IMG/right_2019_03_01_18_31_15_132.jpg, 0, 1, 0, 30.18984
/home/zubin/Desktop/Self-driving-car-simulation/Data/IMG/center_2019_03_01_18_31_15_232.jpg, /home/zubin/Desktop/Self-driving-car-simulation/Data/IMG/left_2019_03_01_18_31_15_232.jpg, /home/zubin/Desktop/Self-driving-car-simulation/Data/IMG/right_2019_03_01_18_31_15_232.jpg, -0.1173477, 1, 0, 30.18804
/home/zubin/Desktop/Self-driving-car-simulation/Data/IMG/center_2019_03_01_18_31_15_348.jpg, /home/zubin/Desktop/Self-driving-car-simulation/Data/IMG/left_2019_03_01_18_31_15_348.jpg, /home/zubin/Desktop/Self-driving-car-simulation/Data/IMG/right_2019_03_01_18_31_15_348.jpg, -0.1676466, 1, 0, 30.18901
/home/zubin/Desktop/Self-driving-car-simulation/Data/IMG/center_2019_03_01_18_31_15_448.jpg, /home/zubin/Desktop/Self-driving-car-simulation/Data/IMG/left_2019_03_01_18_31_15_448.jpg, /home/zubin/Desktop/Self-driving-car-simulation/Data/IMG/right_2019_03_01_18_31_15_448.jpg, -0.04997063, 1, 0, 30.19025
/home/zubin/Desktop/Self-driving-car-simulation/Data/IMG/center_2019_03_01_18_31_15_566.jpg, /home/zubin/Desktop/Self-driving-car-simulation/Data/IMG/left_2019_03_01_18_31_15_566.jpg, /home/zubin/Desktop/Self-driving-car-simulation/Data/IMG/right_2019_03_01_18_31_15_566.jpg, -0.09058428, 1, 0, 30.19177
/home/zubin/Desktop/Self-driving-car-simulation/Data/IMG/center_2019_03_01_18_31_15_679.jpg, /home/zubin/Desktop/Self-driving-car-simulation/Data/IMG/left_2019_03_01_18_31_15_679.jpg, /home/zubin/Desktop/Self-driving-car-simulation/Data/IMG/right_2019_03_01_18_31_15_679.jpg, -0.09551096, 1, 0, 30.18991
/home/zubin/Desktop/Self-driving-car-simulation/Data/IMG/center_2019_03_01_18_31_15_781.jpg, /home/zubin/Desktop/Self-driving-car-simulation/Data/IMG/left_2019_03_01_18_31_15_781.jpg, /home/zubin/Desktop/Self-driving-car-simulation/Data/IMG/right_2019_03_01_18_31_15_781.jpg, 0, 1, 0, 30.19003
/home/zubin/Desktop/Self-driving-car-simulation/Data/IMG/center_2019_03_01_18_31_15_897.jpg, /home/zubin/Desktop/Self-driving-car-simulation/Data/IMG/left_2019_03_01_18_31_15_897.jpg, /home/zubin/Desktop/Self-driving-car-simulation/Data/IMG/right_2019_03_01_18_31_15_897.jpg, 0, 1, 0, 30.19028
/home/zubin/Desktop/Self-driving-car-simulation/Data/IMG/center_2019_03_01_18_31_16_000.jpg, /home/zubin/Desktop/Self-driving-car-simulation/Data/IMG/left_2019_03_01_18_31_16_000.jpg, /home/zubin/Desktop/Self-driving-car-simulation/Data/IMG/right_2019_03_01_18_31_16_000.jpg, 0, 1, 0, 30.19032
/home/zubin/Desktop/Self-driving-car-simulation/Data/IMG/center_2019_03_01_18_31_16_115.jpg, /home/zubin/Desktop/Self-driving-car-simulation/Data/IMG/left_2019_03_01_18_31_16_115.jpg, /home/zubin/Desktop/Self-driving-car-simulation/Data/IMG/right_2019_03_01_18_31_16_115.jpg, 0, 1, 0, 30.19055
/home/zubin/Desktop/Self-driving-car-simulation/Data/IMG/center_2019_03_01_18_31_16_232.jpg, /home/zubin/Desktop/Self-driving-car-simulation/Data/IMG/left_2019_03_01_18_31_16_232.jpg, /home/zubin/Desktop/Self-driving-car-simulation/Data/IMG/right_2019_03_01_18_31_16_232.jpg, -0.05813956, 1, 0, 30.18948
/home/zubin/Desktop/Self-driving-car-simulation/Data/IMG/center_2019_03_01_18_31_16_332.jpg, /home/zubin/Desktop/Self-driving-car-simulation/Data/IMG/left_2019_03_01_18_31_16_332.jpg, /home/zubin/Desktop/Self-driving-car-simulation/Data/IMG/right_2019_03_01_18_31_16_332.jpg, -0.194046, 1, 0, 30.18209
/home/zubin/Desktop/Self-driving-car-simulation/Data/IMG/center_2019_03_01_18_31_16_445.jpg, /home/zubin/Desktop/Self-driving-car-simulation/Data/IMG/left_2019_03_01_18_31_16_445.jpg, /home/zubin/Desktop/Self-driving-car-simulation/Data/IMG/right_2019_03_01_18_31_16_445.jpg, 0, 1, 0, 30.18999
/home/zubin/Desktop/Self-driving-car-simulation/Data/IMG/center_2019_03_01_18_31_16_546.jpg, /home/zubin/Desktop/Self-driving-car-simulation/Data/IMG/left_2019_03_01_18_31_16_546.jpg, /home/zubin/Desktop/Self-driving-car-simulation/Data/IMG/right_2019_03_01_18_31_16_546.jpg, -0.04710603, 1, 0, 30.19005
/home/zubin/Desktop/Self-driving-car-simulation/Data/IMG/center_2019_03_01_18_31_16_648.jpg, /home/zubin/Desktop/Self-driving-car-simulation/Data/IMG/left_2019_03_01_18_31_16_648.jpg, /home/zubin/Desktop/Self-driving-car-simulation/Data/IMG/right_2019_03_01_18_31_16_648.jpg, -0.1403947, 1, 0, 30.18782
/home/zubin/Desktop/Self-driving-car-simulation/Data/IMG/center_2019_03_01_18_31_16_748.jpg, /home/zubin/Desktop/Self-driving-car-simulation/Data/IMG/left_2019_03_01_18_31_16_748.jpg, /home/zubin/Desktop/Self-driving-car-simulation/Data/IMG/right_2019_03_01_18_31_16_748.jpg, 0, 1, 0, 30.19006
/home/zubin/Desktop/Self-driving-car-simulation/Data/IMG/center_2019_03_01_18_31_16_862.jpg, /home/zubin/Desktop/Self-driving-car-simulation/Data/IMG/left_2019_03_01_18_31_16_862.jpg, /home/zubin/Desktop/Self-driving-car-simulation/Data/IMG/right_2019_03_01_18_31_16_862.jpg, 0, 1, 0, 30.1905
/home/zubin/Desktop/Self-driving-car-simulation/Data/IMG/center_2019_03_01_18_31_16_965.jpg, /home/zubin/Desktop/Self-driving-car-simulation/Data/IMG/left_2019_03_01_18_31_16_965.jpg, /home/zubin/Desktop/Self-driving-car-simulation/Data/IMG/right_2019_03_01_18_31_16_965.jpg, 0, 1, 0, 30.19028
/home/zubin/Desktop/Self-driving-car-simulation/Data/IMG/center_2019_03_01_18_31_17_080.jpg, /home/zubin/Desktop/Self-driving-car-simulation/Data/IMG/left_2019_03_01_18_31_17_080.jpg, /home/zubin/Desktop/Self-driving-car-simulation/Data/IMG/right_2019_03_01_18_31_17_080.jpg, 0, 1, 0, 30.19047
/home/zubin/Desktop/Self-driving-car-simulation/Data/IMG/center_2019_03_01_18_31_17_194.jpg, /home/zubin/Desktop/Self-driving-car-simulation/Data/IMG/left_2019_03_01_18_31_17_194.jpg, /home/zubin/Desktop/Self-driving-car-simulation/Data/IMG/right_2019_03_01_18_31_17_194.jpg, 0, 1, 0, 30.19031
/home/zubin/Desktop/Self-driving-car-simulation/Data/IMG/center_2019_03_01_18_31_17_297.jpg, /home/zubin/Desktop/Self-driving-car-simulation/Data/IMG/left_2019_03_01_18_31_17_297.jpg, /home/zubin/Desktop/Self-driving-car-simulation/Data/IMG/right_2019_03_01_18_31_17_297.jpg, -0.3071401, 1, 0, 30.16707
/home/zubin/Desktop/Self-driving-car-simulation/Data/IMG/center_2019_03_01_18_31_17_412.jpg, /home/zubin/Desktop/Self-driving-car-simulation/Data/IMG/left_2019_03_01_18_31_17_412.jpg, /home/zubin/Desktop/Self-driving-car-simulation/Data/IMG/right_2019_03_01_18_31_17_412.jpg, -0.01117229, 1, 0, 30.18935
/home/zubin/Desktop/Self-driving-car-simulation/Data/IMG/center_2019_03_01_18_31_17_514.jpg, /home/zubin/Desktop/Self-driving-car-simulation/Data/IMG/left_2019_03_01_18_31_17_514.jpg, /home/zubin/Desktop/Self-driving-car-simulation/Data/IMG/right_2019_03_01_18_31_17_514.jpg, 0, 1, 0, 30.18978
/home/zubin/Desktop/Self-driving-car-simulation/Data/IMG/center_2019_03_01_18_31_17_628.jpg, /home/zubin/Desktop/Self-driving-car-simulation/Data/IMG/left_2019_03_01_18_31_17_628.jpg, /home/zubin/Desktop/Self-driving-car-simulation/Data/IMG/right_2019_03_01_18_31_17_628.jpg, 0, 1, 0, 30.18991
/home/zubin/Desktop/Self-driving-car-simulation/Data/IMG/center_2019_03_01_18_31_17_728.jpg, /home/zubin/Desktop/Self-driving-car-simulation/Data/IMG/left_2019_03_01_18_31_17_728.jpg, /home/zubin/Desktop/Self-driving-car-simulation/Data/IMG/right_2019_03_01_18_31_17_728.jpg, 0, 1, 0, 30.19033
/home/zubin/Desktop/Self-driving-car-simulation/Data/IMG/center_2019_03_01_18_31_17_830.jpg, /home/zubin/Desktop/Self-driving-car-simulation/Data/IMG/left_2019_03_01_18_31_17_830.jpg, /home/zubin/Desktop/Self-driving-car-simulation/Data/IMG/right_2019_03_01_18_31_17_830.jpg, 0, 1, 0, 30.19017
/home/zubin/Desktop/Self-driving-car-simulation/Data/IMG/center_2019_03_01_18_31_17_948.jpg, /home/zubin/Desktop/Self-driving-car-simulation/Data/IMG/left_2019_03_01_18_31_17_948.jpg, /home/zubin/Desktop/Self-driving-car-simulation/Data/IMG/right_2019_03_01_18_31_17_948.jpg, 0, 1, 0, 30.1904
/home/zubin/Desktop/Self-driving-car-simulation/Data/IMG/center_2019_03_01_18_31_18_060.jpg, /home/zubin/Desktop/Self-driving-car-simulation/Data/IMG/left_2019_03_01_18_31_18_060.jpg, /home/zubin/Desktop/Self-driving-car-simulation/Data/IMG/right_2019_03_01_18_31_18_060.jpg, 0, 1, 0, 30.19024
/home/zubin/Desktop/Self-driving-car-simulation/Data/IMG/center_2019_03_01_18_31_18_162.jpg, /home/zubin/Desktop/Self-driving-car-simulation/Data/IMG/left_2019_03_01_18_31_18_162.jpg, /home/zubin/Desktop/Self-driving-car-simulation/Data/IMG/right_2019_03_01_18_31_18_162.jpg, 0, 1, 0, 30.19021
/home/zubin/Desktop/Self-driving-car-simulation/Data/IMG/center_2019_03_01_18_31_18_280.jpg, /home/zubin/Desktop/Self-driving-car-simulation/Data/IMG/left_2019_03_01_18_31_18_280.jpg, /home/zubin/Desktop/Self-driving-car-simulation/Data/IMG/right_2019_03_01_18_31_18_280.jpg, 0, 1, 0, 30.19025
/home/zubin/Desktop/Self-driving-car-simulation/Data/IMG/center_2019_03_01_18_31_18_391.jpg, /home/zubin/Desktop/Self-driving-car-simulation/Data/IMG/left_2019_03_01_18_31_18_391.jpg, /home/zubin/Desktop/Self-driving-car-simulation/Data/IMG/right_2019_03_01_18_31_18_391.jpg, 0, 1, 0, 30.19024
/home/zubin/Desktop/Self-driving-car-simulation/Data/IMG/center_2019_03_01_18_31_18_492.jpg, /home/zubin/Desktop/Self-driving-car-simulation/Data/IMG/left_2019_03_01_18_31_18_492.jpg, /home/zubin/Desktop/Self-driving-car-simulation/Data/IMG/right_2019_03_01_18_31_18_492.jpg, 0, 1, 0, 30.19055
/home/zubin/Desktop/Self-driving-car-simulation/Data/IMG/center_2019_03_01_18_31_18_592.jpg, /home/zubin/Desktop/Self-driving-car-simulation/Data/IMG/left_2019_03_01_18_31_18_592.jpg, /home/zubin/Desktop/Self-driving-car-simulation/Data/IMG/right_2019_03_01_18_31_18_592.jpg, 0, 1, 0, 30.19035
/home/zubin/Desktop/Self-driving-car-simulation/Data/IMG/center_2019_03_01_18_31_18_693.jpg, /home/zubin/Desktop/Self-driving-car-simulation/Data/IMG/left_2019_03_01_18_31_18_693.jpg, /home/zubin/Desktop/Self-driving-car-simulation/Data/IMG/right_2019_03_01_18_31_18_693.jpg, 0, 1, 0, 30.1907
/home/zubin/Desktop/Self-driving-car-simulation/Data/IMG/center_2019_03_01_18_31_18_794.jpg, /home/zubin/Desktop/Self-driving-car-simulation/Data/IMG/left_2019_03_01_18_31_18_794.jpg, /home/zubin/Desktop/Self-driving-car-simulation/Data/IMG/right_2019_03_01_18_31_18_794.jpg, 0, 1, 0, 30.19048
/home/zubin/Desktop/Self-driving-car-simulation/Data/IMG/center_2019_03_01_18_31_18_908.jpg, /home/zubin/Desktop/Self-driving-car-simulation/Data/IMG/left_2019_03_01_18_31_18_908.jpg, /home/zubin/Desktop/Self-driving-car-simulation/Data/IMG/right_2019_03_01_18_31_18_908.jpg, -0.212172, 1, 0, 30.17777
/home/zubin/Desktop/Self-driving-car-simulation/Data/IMG/center_2019_03_01_18_31_19_009.jpg, /home/zubin/Desktop/Self-driving-car-simulation/Data/IMG/left_2019_03_01_18_31_19_009.jpg, /home/zubin/Desktop/Self-driving-car-simulation/Data/IMG/right_2019_03_01_18_31_19_009.jpg, 0, 1, 0, 30.18997
/home/zubin/Desktop/Self-driving-car-simulation/Data/IMG/center_2019_03_01_18_31_19_110.jpg, /home/zubin/Desktop/Self-driving-car-simulation/Data/IMG/left_2019_03_01_18_31_19_110.jpg, /home/zubin/Desktop/Self-driving-car-simulation/Data/IMG/right_2019_03_01_18_31_19_110.jpg, 0, 1, 0, 30.19029
/home/zubin/Desktop/Self-driving-car-simulation/Data/IMG/center_2019_03_01_18_31_19_210.jpg, /home/zubin/Desktop/Self-driving-car-simulation/Data/IMG/left_2019_03_01_18_31_19_210.jpg, /home/zubin/Desktop/Self-driving-car-simulation/Data/IMG/right_2019_03_01_18_31_19_210.jpg, 0, 1, 0, 30.19032
/home/zubin/Desktop/Self-driving-car-simulation/Data/IMG/center_2019_03_01_18_31_19_326.jpg, /home/zubin/Desktop/Self-driving-car-simulation/Data/IMG/left_2019_03_01_18_31_19_326.jpg, /home/zubin/Desktop/Self-driving-car-simulation/Data/IMG/right_2019_03_01_18_31_19_326.jpg, 0, 1, 0, 30.19054
/home/zubin/Desktop/Self-driving-car-simulation/Data/IMG/center_2019_03_01_18_31_19_443.jpg, /home/zubin/Desktop/Self-driving-car-simulation/Data/IMG/left_2019_03_01_18_31_19_443.jpg, /home/zubin/Desktop/Self-driving-car-simulation/Data/IMG/right_2019_03_01_18_31_19_443.jpg, -0.3501177, 1, 0, 30.16234
/home/zubin/Desktop/Self-driving-car-simulation/Data/IMG/center_2019_03_01_18_31_19_543.jpg, /home/zubin/Desktop/Self-driving-car-simulation/Data/IMG/left_2019_03_01_18_31_19_543.jpg, /home/zubin/Desktop/Self-driving-car-simulation/Data/IMG/right_2019_03_01_18_31_19_543.jpg, -0.04765177, 1, 0, 30.19066
/home/zubin/Desktop/Self-driving-car-simulation/Data/IMG/center_2019_03_01_18_31_19_644.jpg, /home/zubin/Desktop/Self-driving-car-simulation/Data/IMG/left_2019_03_01_18_31_19_644.jpg, /home/zubin/Desktop/Self-driving-car-simulation/Data/IMG/right_2019_03_01_18_31_19_644.jpg, 0, 1, 0, 30.18979
/home/zubin/Desktop/Self-driving-car-simulation/Data/IMG/center_2019_03_01_18_31_19_745.jpg, /home/zubin/Desktop/Self-driving-car-simulation/Data/IMG/left_2019_03_01_18_31_19_745.jpg, /home/zubin/Desktop/Self-driving-car-simulation/Data/IMG/right_2019_03_01_18_31_19_745.jpg, 0, 1, 0, 30.19013
/home/zubin/Desktop/Self-driving-car-simulation/Data/IMG/center_2019_03_01_18_31_19_860.jpg, /home/zubin/Desktop/Self-driving-car-simulation/Data/IMG/left_2019_03_01_18_31_19_860.jpg, /home/zubin/Desktop/Self-driving-car-simulation/Data/IMG/right_2019_03_01_18_31_19_860.jpg, 0, 1, 0, 30.19015
/home/zubin/Desktop/Self-driving-car-simulation/Data/IMG/center_2019_03_01_18_31_19_961.jpg, /home/zubin/Desktop/Self-driving-car-simulation/Data/IMG/left_2019_03_01_18_31_19_961.jpg, /home/zubin/Desktop/Self-driving-car-simulation/Data/IMG/right_2019_03_01_18_31_19_961.jpg, 0, 1, 0, 30.19016
/home/zubin/Desktop/Self-driving-car-simulation/Data/IMG/center_2019_03_01_18_31_20_073.jpg, /home/zubin/Desktop/Self-driving-car-simulation/Data/IMG/left_2019_03_01_18_31_20_073.jpg, /home/zubin/Desktop/Self-driving-car-simulation/Data/IMG/right_2019_03_01_18_31_20_073.jpg, -0.1521814, 1, 0, 30.18735
/home/zubin/Desktop/Self-driving-car-simulation/Data/IMG/center_2019_03_01_18_31_20_176.jpg, /home/zubin/Desktop/Self-driving-car-simulation/Data/IMG/left_2019_03_01_18_31_20_176.jpg, /home/zubin/Desktop/Self-driving-car-simulation/Data/IMG/right_2019_03_01_18_31_20_176.jpg, 0, 1, 0, 30.18989
/home/zubin/Desktop/Self-driving-car-simulation/Data/IMG/center_2019_03_01_18_31_20_292.jpg, /home/zubin/Desktop/Self-driving-car-simulation/Data/IMG/left_2019_03_01_18_31_20_292.jpg, /home/zubin/Desktop/Self-driving-car-simulation/Data/IMG/right_2019_03_01_18_31_20_292.jpg, 0, 1, 0, 30.19005
/home/zubin/Desktop/Self-driving-car-simulation/Data/IMG/center_2019_03_01_18_31_20_409.jpg, /home/zubin/Desktop/Self-driving-car-simulation/Data/IMG/left_2019_03_01_18_31_20_409.jpg, /home/zubin/Desktop/Self-driving-car-simulation/Data/IMG/right_2019_03_01_18_31_20_409.jpg, 0.0610292, 1, 0, 30.18927
/home/zubin/Desktop/Self-driving-car-simulation/Data/IMG/center_2019_03_01_18_31_20_527.jpg, /home/zubin/Desktop/Self-driving-car-simulation/Data/IMG/left_2019_03_01_18_31_20_527.jpg, /home/zubin/Desktop/Self-driving-car-simulation/Data/IMG/right_2019_03_01_18_31_20_527.jpg, 0.3003867, 1, 0, 30.16825
/home/zubin/Desktop/Self-driving-car-simulation/Data/IMG/center_2019_03_01_18_31_20_627.jpg, /home/zubin/Desktop/Self-driving-car-simulation/Data/IMG/left_2019_03_01_18_31_20_627.jpg, /home/zubin/Desktop/Self-driving-car-simulation/Data/IMG/right_2019_03_01_18_31_20_627.jpg, 0, 1, 0, 30.18827
/home/zubin/Desktop/Self-driving-car-simulation/Data/IMG/center_2019_03_01_18_31_20_740.jpg, /home/zubin/Desktop/Self-driving-car-simulation/Data/IMG/left_2019_03_01_18_31_20_740.jpg, /home/zubin/Desktop/Self-driving-car-simulation/Data/IMG/right_2019_03_01_18_31_20_740.jpg, 0, 1, 0, 30.19007
/home/zubin/Desktop/Self-driving-car-simulation/Data/IMG/center_2019_03_01_18_31_20_861.jpg, /home/zubin/Desktop/Self-driving-car-simulation/Data/IMG/left_2019_03_01_18_31_20_861.jpg, /home/zubin/Desktop/Self-driving-car-simulation/Data/IMG/right_2019_03_01_18_31_20_861.jpg, 0, 1, 0, 30.19039
/home/zubin/Desktop/Self-driving-car-simulation/Data/IMG/center_2019_03_01_18_31_20_973.jpg, /home/zubin/Desktop/Self-driving-car-simulation/Data/IMG/left_2019_03_01_18_31_20_973.jpg, /home/zubin/Desktop/Self-driving-car-simulation/Data/IMG/right_2019_03_01_18_31_20_973.jpg, 0, 1, 0, 30.19042
/home/zubin/Desktop/Self-driving-car-simulation/Data/IMG/center_2019_03_01_18_31_21_074.jpg, /home/zubin/Desktop/Self-driving-car-simulation/Data/IMG/left_2019_03_01_18_31_21_074.jpg, /home/zubin/Desktop/Self-driving-car-simulation/Data/IMG/right_2019_03_01_18_31_21_074.jpg, 0, 1, 0, 30.19055
/home/zubin/Desktop/Self-driving-car-simulation/Data/IMG/center_2019_03_01_18_31_21_191.jpg, /home/zubin/Desktop/Self-driving-car-simulation/Data/IMG/left_2019_03_01_18_31_21_191.jpg, /home/zubin/Desktop/Self-driving-car-simulation/Data/IMG/right_2019_03_01_18_31_21_191.jpg, 0, 1, 0, 30.19039
/home/zubin/Desktop/Self-driving-car-simulation/Data/IMG/center_2019_03_01_18_31_21_292.jpg, /home/zubin/Desktop/Self-driving-car-simulation/Data/IMG/left_2019_03_01_18_31_21_292.jpg, /home/zubin/Desktop/Self-driving-car-simulation/Data/IMG/right_2019_03_01_18_31_21_292.jpg, 0, 1, 0, 30.19065
/home/zubin/Desktop/Self-driving-car-simulation/Data/IMG/center_2019_03_01_18_31_21_407.jpg, /home/zubin/Desktop/Self-driving-car-simulation/Data/IMG/left_2019_03_01_18_31_21_407.jpg, /home/zubin/Desktop/Self-driving-car-simulation/Data/IMG/right_2019_03_01_18_31_21_407.jpg, 0, 1, 0, 30.19093
/home/zubin/Desktop/Self-driving-car-simulation/Data/IMG/center_2019_03_01_18_31_21_524.jpg, /home/zubin/Desktop/Self-driving-car-simulation/Data/IMG/left_2019_03_01_18_31_21_524.jpg, /home/zubin/Desktop/Self-driving-car-simulation/Data/IMG/right_2019_03_01_18_31_21_524.jpg, -0.1968212, 1, 0, 30.17986
/home/zubin/Desktop/Self-driving-car-simulation/Data/IMG/center_2019_03_01_18_31_21_643.jpg, /home/zubin/Desktop/Self-driving-car-simulation/Data/IMG/left_2019_03_01_18_31_21_643.jpg, /home/zubin/Desktop/Self-driving-car-simulation/Data/IMG/right_2019_03_01_18_31_21_643.jpg, 0, 1, 0, 30.18998
/home/zubin/Desktop/Self-driving-car-simulation/Data/IMG/center_2019_03_01_18_31_21_758.jpg, /home/zubin/Desktop/Self-driving-car-simulation/Data/IMG/left_2019_03_01_18_31_21_758.jpg, /home/zubin/Desktop/Self-driving-car-simulation/Data/IMG/right_2019_03_01_18_31_21_758.jpg, 0, 1, 0, 30.19021
/home/zubin/Desktop/Self-driving-car-simulation/Data/IMG/center_2019_03_01_18_31_21_858.jpg, /home/zubin/Desktop/Self-driving-car-simulation/Data/IMG/left_2019_03_01_18_31_21_858.jpg, /home/zubin/Desktop/Self-driving-car-simulation/Data/IMG/right_2019_03_01_18_31_21_858.jpg, 0, 1, 0, 30.19028
/home/zubin/Desktop/Self-driving-car-simulation/Data/IMG/center_2019_03_01_18_31_21_972.jpg, /home/zubin/Desktop/Self-driving-car-simulation/Data/IMG/left_2019_03_01_18_31_21_972.jpg, /home/zubin/Desktop/Self-driving-car-simulation/Data/IMG/right_2019_03_01_18_31_21_972.jpg, -0.09748793, 1, 0, 30.18797
/home/zubin/Desktop/Self-driving-car-simulation/Data/IMG/center_2019_03_01_18_31_22_090.jpg, /home/zubin/Desktop/Self-driving-car-simulation/Data/IMG/left_2019_03_01_18_31_22_090.jpg, /home/zubin/Desktop/Self-driving-car-simulation/Data/IMG/right_2019_03_01_18_31_22_090.jpg, -0.1990478, 1, 0, 30.18672
/home/zubin/Desktop/Self-driving-car-simulation/Data/IMG/center_2019_03_01_18_31_22_190.jpg, /home/zubin/Desktop/Self-driving-car-simulation/Data/IMG/left_2019_03_01_18_31_22_190.jpg, /home/zubin/Desktop/Self-driving-car-simulation/Data/IMG/right_2019_03_01_18_31_22_190.jpg, 0, 1, 0, 30.18842
/home/zubin/Desktop/Self-driving-car-simulation/Data/IMG/center_2019_03_01_18_31_22_307.jpg, /home/zubin/Desktop/Self-driving-car-simulation/Data/IMG/left_2019_03_01_18_31_22_307.jpg, /home/zubin/Desktop/Self-driving-car-simulation/Data/IMG/right_2019_03_01_18_31_22_307.jpg, 0, 1, 0, 30.19017
/home/zubin/Desktop/Self-driving-car-simulation/Data/IMG/center_2019_03_01_18_31_22_408.jpg, /home/zubin/Desktop/Self-driving-car-simulation/Data/IMG/left_2019_03_01_18_31_22_408.jpg, /home/zubin/Desktop/Self-driving-car-simulation/Data/IMG/right_2019_03_01_18_31_22_408.jpg, -0.3049772, 1, 0, 30.17016
/home/zubin/Desktop/Self-driving-car-simulation/Data/IMG/center_2019_03_01_18_31_22_508.jpg, /home/zubin/Desktop/Self-driving-car-simulation/Data/IMG/left_2019_03_01_18_31_22_508.jpg, /home/zubin/Desktop/Self-driving-car-simulation/Data/IMG/right_2019_03_01_18_31_22_508.jpg, -0.004524708, 1, 0, 30.18976
/home/zubin/Desktop/Self-driving-car-simulation/Data/IMG/center_2019_03_01_18_31_22_626.jpg, /home/zubin/Desktop/Self-driving-car-simulation/Data/IMG/left_2019_03_01_18_31_22_626.jpg, /home/zubin/Desktop/Self-driving-car-simulation/Data/IMG/right_2019_03_01_18_31_22_626.jpg, 0, 1, 0, 30.22771
/home/zubin/Desktop/Self-driving-car-simulation/Data/IMG/center_2019_03_01_18_31_22_739.jpg, /home/zubin/Desktop/Self-driving-car-simulation/Data/IMG/left_2019_03_01_18_31_22_739.jpg, /home/zubin/Desktop/Self-driving-car-simulation/Data/IMG/right_2019_03_01_18_31_22_739.jpg, 0, 1, 0, 30.18927
/home/zubin/Desktop/Self-driving-car-simulation/Data/IMG/center_2019_03_01_18_31_22_841.jpg, /home/zubin/Desktop/Self-driving-car-simulation/Data/IMG/left_2019_03_01_18_31_22_841.jpg, /home/zubin/Desktop/Self-driving-car-simulation/Data/IMG/right_2019_03_01_18_31_22_841.jpg, 0, 1, 0, 30.20658
/home/zubin/Desktop/Self-driving-car-simulation/Data/IMG/center_2019_03_01_18_31_22_944.jpg, /home/zubin/Desktop/Self-driving-car-simulation/Data/IMG/left_2019_03_01_18_31_22_944.jpg, /home/zubin/Desktop/Self-driving-car-simulation/Data/IMG/right_2019_03_01_18_31_22_944.jpg, 0, 1, 0, 30.18817
/home/zubin/Desktop/Self-driving-car-simulation/Data/IMG/center_2019_03_01_18_31_23_058.jpg, /home/zubin/Desktop/Self-driving-car-simulation/Data/IMG/left_2019_03_01_18_31_23_058.jpg, /home/zubin/Desktop/Self-driving-car-simulation/Data/IMG/right_2019_03_01_18_31_23_058.jpg, 0.1978533, 1, 0, 30.17937
/home/zubin/Desktop/Self-driving-car-simulation/Data/IMG/center_2019_03_01_18_31_23_159.jpg, /home/zubin/Desktop/Self-driving-car-simulation/Data/IMG/left_2019_03_01_18_31_23_159.jpg, /home/zubin/Desktop/Self-driving-car-simulation/Data/IMG/right_2019_03_01_18_31_23_159.jpg, 0.09160495, 1, 0, 30.19068
/home/zubin/Desktop/Self-driving-car-simulation/Data/IMG/center_2019_03_01_18_31_23_275.jpg, /home/zubin/Desktop/Self-driving-car-simulation/Data/IMG/left_2019_03_01_18_31_23_275.jpg, /home/zubin/Desktop/Self-driving-car-simulation/Data/IMG/right_2019_03_01_18_31_23_275.jpg, 0, 1, 0, 30.18956
/home/zubin/Desktop/Self-driving-car-simulation/Data/IMG/center_2019_03_01_18_31_23_389.jpg, /home/zubin/Desktop/Self-driving-car-simulation/Data/IMG/left_2019_03_01_18_31_23_389.jpg, /home/zubin/Desktop/Self-driving-car-simulation/Data/IMG/right_2019_03_01_18_31_23_389.jpg, 0, 1, 0, 30.18981
/home/zubin/Desktop/Self-driving-car-simulation/Data/IMG/center_2019_03_01_18_31_23_489.jpg, /home/zubin/Desktop/Self-driving-car-simulation/Data/IMG/left_2019_03_01_18_31_23_489.jpg, /home/zubin/Desktop/Self-driving-car-simulation/Data/IMG/right_2019_03_01_18_31_23_489.jpg, 0, 1, 0, 30.18987
/home/zubin/Desktop/Self-driving-car-simulation/Data/IMG/center_2019_03_01_18_31_23_591.jpg, /home/zubin/Desktop/Self-driving-car-simulation/Data/IMG/left_2019_03_01_18_31_23_591.jpg, /home/zubin/Desktop/Self-driving-car-simulation/Data/IMG/right_2019_03_01_18_31_23_591.jpg, 0, 1, 0, 30.18987
/home/zubin/Desktop/Self-driving-car-simulation/Data/IMG/center_2019_03_01_18_31_23_707.jpg, /home/zubin/Desktop/Self-driving-car-simulation/Data/IMG/left_2019_03_01_18_31_23_707.jpg, /home/zubin/Desktop/Self-driving-car-simulation/Data/IMG/right_2019_03_01_18_31_23_707.jpg, -0.1032779, 1, 0, 30.18706
/home/zubin/Desktop/Self-driving-car-simulation/Data/IMG/center_2019_03_01_18_31_23_824.jpg, /home/zubin/Desktop/Self-driving-car-simulation/Data/IMG/left_2019_03_01_18_31_23_824.jpg, /home/zubin/Desktop/Self-driving-car-simulation/Data/IMG/right_2019_03_01_18_31_23_824.jpg, -0.03350043, 1, 0, 30.18999
/home/zubin/Desktop/Self-driving-car-simulation/Data/IMG/center_2019_03_01_18_31_23_924.jpg, /home/zubin/Desktop/Self-driving-car-simulation/Data/IMG/left_2019_03_01_18_31_23_924.jpg, /home/zubin/Desktop/Self-driving-car-simulation/Data/IMG/right_2019_03_01_18_31_23_924.jpg, 0, 1, 0, 30.18964
/home/zubin/Desktop/Self-driving-car-simulation/Data/IMG/center_2019_03_01_18_31_24_040.jpg, /home/zubin/Desktop/Self-driving-car-simulation/Data/IMG/left_2019_03_01_18_31_24_040.jpg, /home/zubin/Desktop/Self-driving-car-simulation/Data/IMG/right_2019_03_01_18_31_24_040.jpg, 0, 1, 0, 30.18992
/home/zubin/Desktop/Self-driving-car-simulation/Data/IMG/center_2019_03_01_18_31_24_141.jpg, /home/zubin/Desktop/Self-driving-car-simulation/Data/IMG/left_2019_03_01_18_31_24_141.jpg, /home/zubin/Desktop/Self-driving-car-simulation/Data/IMG/right_2019_03_01_18_31_24_141.jpg, 0, 1, 0, 30.18992
/home/zubin/Desktop/Self-driving-car-simulation/Data/IMG/center_2019_03_01_18_31_24_244.jpg, /home/zubin/Desktop/Self-driving-car-simulation/Data/IMG/left_2019_03_01_18_31_24_244.jpg, /home/zubin/Desktop/Self-driving-car-simulation/Data/IMG/right_2019_03_01_18_31_24_244.jpg, 0.1164272, 1, 0, 30.18604
/home/zubin/Desktop/Self-driving-car-simulation/Data/IMG/center_2019_03_01_18_31_24_357.jpg, /home/zubin/Desktop/Self-driving-car-simulation/Data/IMG/left_2019_03_01_18_31_24_357.jpg, /home/zubin/Desktop/Self-driving-car-simulation/Data/IMG/right_2019_03_01_18_31_24_357.jpg, 0.09854722, 1, 0, 30.18957
/home/zubin/Desktop/Self-driving-car-simulation/Data/IMG/center_2019_03_01_18_31_24_457.jpg, /home/zubin/Desktop/Self-driving-car-simulation/Data/IMG/left_2019_03_01_18_31_24_457.jpg, /home/zubin/Desktop/Self-driving-car-simulation/Data/IMG/right_2019_03_01_18_31_24_457.jpg, 0, 1, 0, 30.18954
/home/zubin/Desktop/Self-driving-car-simulation/Data/IMG/center_2019_03_01_18_31_24_574.jpg, /home/zubin/Desktop/Self-driving-car-simulation/Data/IMG/left_2019_03_01_18_31_24_574.jpg, /home/zubin/Desktop/Self-driving-car-simulation/Data/IMG/right_2019_03_01_18_31_24_574.jpg, 0, 1, 0, 30.18982
/home/zubin/Desktop/Self-driving-car-simulation/Data/IMG/center_2019_03_01_18_31_24_688.jpg, /home/zubin/Desktop/Self-driving-car-simulation/Data/IMG/left_2019_03_01_18_31_24_688.jpg, /home/zubin/Desktop/Self-driving-car-simulation/Data/IMG/right_2019_03_01_18_31_24_688.jpg, 0, 1, 0, 30.18984
/home/zubin/Desktop/Self-driving-car-simulation/Data/IMG/center_2019_03_01_18_31_24_790.jpg, /home/zubin/Desktop/Self-driving-car-simulation/Data/IMG/left_2019_03_01_18_31_24_790.jpg, /home/zubin/Desktop/Self-driving-car-simulation/Data/IMG/right_2019_03_01_18_31_24_790.jpg, -0.1677117, 1, 0, 30.18214
/home/zubin/Desktop/Self-driving-car-simulation/Data/IMG/center_2019_03_01_18_31_24_890.jpg, /home/zubin/Desktop/Self-driving-car-simulation/Data/IMG/left_2019_03_01_18_31_24_890.jpg, /home/zubin/Desktop/Self-driving-car-simulation/Data/IMG/right_2019_03_01_18_31_24_890.jpg, 0, 1, 0, 30.18936
/home/zubin/Desktop/Self-driving-car-simulation/Data/IMG/center_2019_03_01_18_31_25_007.jpg, /home/zubin/Desktop/Self-driving-car-simulation/Data/IMG/left_2019_03_01_18_31_25_007.jpg, /home/zubin/Desktop/Self-driving-car-simulation/Data/IMG/right_2019_03_01_18_31_25_007.jpg, 0, 1, 0, 30.18984
/home/zubin/Desktop/Self-driving-car-simulation/Data/IMG/center_2019_03_01_18_31_25_124.jpg, /home/zubin/Desktop/Self-driving-car-simulation/Data/IMG/left_2019_03_01_18_31_25_124.jpg, /home/zubin/Desktop/Self-driving-car-simulation/Data/IMG/right_2019_03_01_18_31_25_124.jpg, 0, 1, 0, 30.18989
/home/zubin/Desktop/Self-driving-car-simulation/Data/IMG/center_2019_03_01_18_31_25_239.jpg, /home/zubin/Desktop/Self-driving-car-simulation/Data/IMG/left_2019_03_01_18_31_25_239.jpg, /home/zubin/Desktop/Self-driving-car-simulation/Data/IMG/right_2019_03_01_18_31_25_239.jpg, 0, 1, 0, 30.18988
/home/zubin/Desktop/Self-driving-car-simulation/Data/IMG/center_2019_03_01_18_31_25_356.jpg, /home/zubin/Desktop/Self-driving-car-simulation/Data/IMG/left_2019_03_01_18_31_25_356.jpg, /home/zubin/Desktop/Self-driving-car-simulation/Data/IMG/right_2019_03_01_18_31_25_356.jpg, -0.1498833, 1, 0, 30.18406
/home/zubin/Desktop/Self-driving-car-simulation/Data/IMG/center_2019_03_01_18_31_25_456.jpg, /home/zubin/Desktop/Self-driving-car-simulation/Data/IMG/left_2019_03_01_18_31_25_456.jpg, /home/zubin/Desktop/Self-driving-car-simulation/Data/IMG/right_2019_03_01_18_31_25_456.jpg, 0, 1, 0, 30.1898
/home/zubin/Desktop/Self-driving-car-simulation/Data/IMG/center_2019_03_01_18_31_25_572.jpg, /home/zubin/Desktop/Self-driving-car-simulation/Data/IMG/left_2019_03_01_18_31_25_572.jpg, /home/zubin/Desktop/Self-driving-car-simulation/Data/IMG/right_2019_03_01_18_31_25_572.jpg, 0, 1, 0, 30.1899
/home/zubin/Desktop/Self-driving-car-simulation/Data/IMG/center_2019_03_01_18_31_25_672.jpg, /home/zubin/Desktop/Self-driving-car-simulation/Data/IMG/left_2019_03_01_18_31_25_672.jpg, /home/zubin/Desktop/Self-driving-car-simulation/Data/IMG/right_2019_03_01_18_31_25_672.jpg, 0, 1, 0, 30.18989
/home/zubin/Desktop/Self-driving-car-simulation/Data/IMG/center_2019_03_01_18_31_25_789.jpg, /home/zubin/Desktop/Self-driving-car-simulation/Data/IMG/left_2019_03_01_18_31_25_789.jpg, /home/zubin/Desktop/Self-driving-car-simulation/Data/IMG/right_2019_03_01_18_31_25_789.jpg, 0, 1, 0, 30.18991
/home/zubin/Desktop/Self-driving-car-simulation/Data/IMG/center_2019_03_01_18_31_25_906.jpg, /home/zubin/Desktop/Self-driving-car-simulation/Data/IMG/left_2019_03_01_18_31_25_906.jpg, /home/zubin/Desktop/Self-driving-car-simulation/Data/IMG/right_2019_03_01_18_31_25_906.jpg, 0, 1, 0, 30.18993
/home/zubin/Desktop/Self-driving-car-simulation/Data/IMG/center_2019_03_01_18_31_26_023.jpg, /home/zubin/Desktop/Self-driving-car-simulation/Data/IMG/left_2019_03_01_18_31_26_023.jpg, /home/zubin/Desktop/Self-driving-car-simulation/Data/IMG/right_2019_03_01_18_31_26_023.jpg, 0, 1, 0, 30.18991
/home/zubin/Desktop/Self-driving-car-simulation/Data/IMG/center_2019_03_01_18_31_26_139.jpg, /home/zubin/Desktop/Self-driving-car-simulation/Data/IMG/left_2019_03_01_18_31_26_139.jpg, /home/zubin/Desktop/Self-driving-car-simulation/Data/IMG/right_2019_03_01_18_31_26_139.jpg, 0, 1, 0, 30.18992
/home/zubin/Desktop/Self-driving-car-simulation/Data/IMG/center_2019_03_01_18_31_26_242.jpg, /home/zubin/Desktop/Self-driving-car-simulation/Data/IMG/left_2019_03_01_18_31_26_242.jpg, /home/zubin/Desktop/Self-driving-car-simulation/Data/IMG/right_2019_03_01_18_31_26_242.jpg, 0.1090708, 1, 0, 30.1868
/home/zubin/Desktop/Self-driving-car-simulation/Data/IMG/center_2019_03_01_18_31_26_356.jpg, /home/zubin/Desktop/Self-driving-car-simulation/Data/IMG/left_2019_03_01_18_31_26_356.jpg, /home/zubin/Desktop/Self-driving-car-simulation/Data/IMG/right_2019_03_01_18_31_26_356.jpg, 0.1510234, 1, 0, 30.18811
/home/zubin/Desktop/Self-driving-car-simulation/Data/IMG/center_2019_03_01_18_31_26_474.jpg, /home/zubin/Desktop/Self-driving-car-simulation/Data/IMG/left_2019_03_01_18_31_26_474.jpg, /home/zubin/Desktop/Self-driving-car-simulation/Data/IMG/right_2019_03_01_18_31_26_474.jpg, 0, 1, 0, 30.18939
/home/zubin/Desktop/Self-driving-car-simulation/Data/IMG/center_2019_03_01_18_31_26_588.jpg, /home/zubin/Desktop/Self-driving-car-simulation/Data/IMG/left_2019_03_01_18_31_26_588.jpg, /home/zubin/Desktop/Self-driving-car-simulation/Data/IMG/right_2019_03_01_18_31_26_588.jpg, 0, 1, 0, 30.18977
/home/zubin/Desktop/Self-driving-car-simulation/Data/IMG/center_2019_03_01_18_31_26_688.jpg, /home/zubin/Desktop/Self-driving-car-simulation/Data/IMG/left_2019_03_01_18_31_26_688.jpg, /home/zubin/Desktop/Self-driving-car-simulation/Data/IMG/right_2019_03_01_18_31_26_688.jpg, 0, 1, 0, 30.1898
/home/zubin/Desktop/Self-driving-car-simulation/Data/IMG/center_2019_03_01_18_31_26_789.jpg, /home/zubin/Desktop/Self-driving-car-simulation/Data/IMG/left_2019_03_01_18_31_26_789.jpg, /home/zubin/Desktop/Self-driving-car-simulation/Data/IMG/right_2019_03_01_18_31_26_789.jpg, -0.3040144, 1, 0, 30.16643
/home/zubin/Desktop/Self-driving-car-simulation/Data/IMG/center_2019_03_01_18_31_26_905.jpg, /home/zubin/Desktop/Self-driving-car-simulation/Data/IMG/left_2019_03_01_18_31_26_905.jpg, /home/zubin/Desktop/Self-driving-car-simulation/Data/IMG/right_2019_03_01_18_31_26_905.jpg, 0, 1, 0, 30.18801
/home/zubin/Desktop/Self-driving-car-simulation/Data/IMG/center_2019_03_01_18_31_27_021.jpg, /home/zubin/Desktop/Self-driving-car-simulation/Data/IMG/left_2019_03_01_18_31_27_021.jpg, /home/zubin/Desktop/Self-driving-car-simulation/Data/IMG/right_2019_03_01_18_31_27_021.jpg, 0, 1, 0, 30.18972
/home/zubin/Desktop/Self-driving-car-simulation/Data/IMG/center_2019_03_01_18_31_27_137.jpg, /home/zubin/Desktop/Self-driving-car-simulation/Data/IMG/left_2019_03_01_18_31_27_137.jpg, /home/zubin/Desktop/Self-driving-car-simulation/Data/IMG/right_2019_03_01_18_31_27_137.jpg, 0, 1, 0, 30.18989
/home/zubin/Desktop/Self-driving-car-simulation/Data/IMG/center_2019_03_01_18_31_27_238.jpg, /home/zubin/Desktop/Self-driving-car-simulation/Data/IMG/left_2019_03_01_18_31_27_238.jpg, /home/zubin/Desktop/Self-driving-car-simulation/Data/IMG/right_2019_03_01_18_31_27_238.jpg, -0.048558, 1, 0, 30.18948
/home/zubin/Desktop/Self-driving-car-simulation/Data/IMG/center_2019_03_01_18_31_27_352.jpg, /home/zubin/Desktop/Self-driving-car-simulation/Data/IMG/left_2019_03_01_18_31_27_352.jpg, /home/zubin/Desktop/Self-driving-car-simulation/Data/IMG/right_2019_03_01_18_31_27_352.jpg, -0.08258986, 1, 0, 30.19037
/home/zubin/Desktop/Self-driving-car-simulation/Data/IMG/center_2019_03_01_18_31_27_455.jpg, /home/zubin/Desktop/Self-driving-car-simulation/Data/IMG/left_2019_03_01_18_31_27_455.jpg, /home/zubin/Desktop/Self-driving-car-simulation/Data/IMG/right_2019_03_01_18_31_27_455.jpg, 0, 1, 0, 30.18983
/home/zubin/Desktop/Self-driving-car-simulation/Data/IMG/center_2019_03_01_18_31_27_556.jpg, /home/zubin/Desktop/Self-driving-car-simulation/Data/IMG/left_2019_03_01_18_31_27_556.jpg, /home/zubin/Desktop/Self-driving-car-simulation/Data/IMG/right_2019_03_01_18_31_27_556.jpg, 0, 1, 0, 30.18995
/home/zubin/Desktop/Self-driving-car-simulation/Data/IMG/center_2019_03_01_18_31_27_671.jpg, /home/zubin/Desktop/Self-driving-car-simulation/Data/IMG/left_2019_03_01_18_31_27_671.jpg, /home/zubin/Desktop/Self-driving-car-simulation/Data/IMG/right_2019_03_01_18_31_27_671.jpg, 0, 1, 0, 30.18998
/home/zubin/Desktop/Self-driving-car-simulation/Data/IMG/center_2019_03_01_18_31_27_788.jpg, /home/zubin/Desktop/Self-driving-car-simulation/Data/IMG/left_2019_03_01_18_31_27_788.jpg, /home/zubin/Desktop/Self-driving-car-simulation/Data/IMG/right_2019_03_01_18_31_27_788.jpg, 0, 1, 0, 30.18999
/home/zubin/Desktop/Self-driving-car-simulation/Data/IMG/center_2019_03_01_18_31_27_903.jpg, /home/zubin/Desktop/Self-driving-car-simulation/Data/IMG/left_2019_03_01_18_31_27_903.jpg, /home/zubin/Desktop/Self-driving-car-simulation/Data/IMG/right_2019_03_01_18_31_27_903.jpg, 0.3461673, 1, 0, 30.16109
/home/zubin/Desktop/Self-driving-car-simulation/Data/IMG/center_2019_03_01_18_31_28_004.jpg, /home/zubin/Desktop/Self-driving-car-simulation/Data/IMG/left_2019_03_01_18_31_28_004.jpg, /home/zubin/Desktop/Self-driving-car-simulation/Data/IMG/right_2019_03_01_18_31_28_004.jpg, 0.0422616, 1, 0, 30.19003
/home/zubin/Desktop/Self-driving-car-simulation/Data/IMG/center_2019_03_01_18_31_28_121.jpg, /home/zubin/Desktop/Self-driving-car-simulation/Data/IMG/left_2019_03_01_18_31_28_121.jpg, /home/zubin/Desktop/Self-driving-car-simulation/Data/IMG/right_2019_03_01_18_31_28_121.jpg, 0, 1, 0, 30.18953
/home/zubin/Desktop/Self-driving-car-simulation/Data/IMG/center_2019_03_01_18_31_28_238.jpg, /home/zubin/Desktop/Self-driving-car-simulation/Data/IMG/left_2019_03_01_18_31_28_238.jpg, /home/zubin/Desktop/Self-driving-car-simulation/Data/IMG/right_2019_03_01_18_31_28_238.jpg, 0, 1, 0, 30.1898
/home/zubin/Desktop/Self-driving-car-simulation/Data/IMG/center_2019_03_01_18_31_28_339.jpg, /home/zubin/Desktop/Self-driving-car-simulation/Data/IMG/left_2019_03_01_18_31_28_339.jpg, /home/zubin/Desktop/Self-driving-car-simulation/Data/IMG/right_2019_03_01_18_31_28_339.jpg, -0.1439102, 1, 0, 30.18379
/home/zubin/Desktop/Self-driving-car-simulation/Data/IMG/center_2019_03_01_18_31_28_452.jpg, /home/zubin/Desktop/Self-driving-car-simulation/Data/IMG/left_2019_03_01_18_31_28_452.jpg, /home/zubin/Desktop/Self-driving-car-simulation/Data/IMG/right_2019_03_01_18_31_28_452.jpg, -0.1850817, 1, 0, 30.18711
/home/zubin/Desktop/Self-driving-car-simulation/Data/IMG/center_2019_03_01_18_31_28_555.jpg, /home/zubin/Desktop/Self-driving-car-simulation/Data/IMG/left_2019_03_01_18_31_28_555.jpg, /home/zubin/Desktop/Self-driving-car-simulation/Data/IMG/right_2019_03_01_18_31_28_555.jpg, 0, 1, 0, 30.18926
/home/zubin/Desktop/Self-driving-car-simulation/Data/IMG/center_2019_03_01_18_31_28_671.jpg, /home/zubin/Desktop/Self-driving-car-simulation/Data/IMG/left_2019_03_01_18_31_28_671.jpg, /home/zubin/Desktop/Self-driving-car-simulation/Data/IMG/right_2019_03_01_18_31_28_671.jpg, 0, 1, 0, 30.18984
/home/zubin/Desktop/Self-driving-car-simulation/Data/IMG/center_2019_03_01_18_31_28_786.jpg, /home/zubin/Desktop/Self-driving-car-simulation/Data/IMG/left_2019_03_01_18_31_28_786.jpg, /home/zubin/Desktop/Self-driving-car-simulation/Data/IMG/right_2019_03_01_18_31_28_786.jpg, 0, 1, 0, 30.18995
/home/zubin/Desktop/Self-driving-car-simulation/Data/IMG/center_2019_03_01_18_31_28_888.jpg, /home/zubin/Desktop/Self-driving-car-simulation/Data/IMG/left_2019_03_01_18_31_28_888.jpg, /home/zubin/Desktop/Self-driving-car-simulation/Data/IMG/right_2019_03_01_18_31_28_888.jpg, -0.1465981, 1, 0, 30.18435
/home/zubin/Desktop/Self-driving-car-simulation/Data/IMG/center_2019_03_01_18_31_29_004.jpg, /home/zubin/Desktop/Self-driving-car-simulation/Data/IMG/left_2019_03_01_18_31_29_004.jpg, /home/zubin/Desktop/Self-driving-car-simulation/Data/IMG/right_2019_03_01_18_31_29_004.jpg, -0.07466769, 1, 0, 30.19034
/home/zubin/Desktop/Self-driving-car-simulation/Data/IMG/center_2019_03_01_18_31_29_121.jpg, /home/zubin/Desktop/Self-driving-car-simulation/Data/IMG/left_2019_03_01_18_31_29_121.jpg, /home/zubin/Desktop/Self-driving-car-simulation/Data/IMG/right_2019_03_01_18_31_29_121.jpg, 0, 1, 0, 30.18976
/home/zubin/Desktop/Self-driving-car-simulation/Data/IMG/center_2019_03_01_18_31_29_237.jpg, /home/zubin/Desktop/Self-driving-car-simulation/Data/IMG/left_2019_03_01_18_31_29_237.jpg, /home/zubin/Desktop/Self-driving-car-simulation/Data/IMG/right_2019_03_01_18_31_29_237.jpg, 0, 1, 0, 30.19
/home/zubin/Desktop/Self-driving-car-simulation/Data/IMG/center_2019_03_01_18_31_29_354.jpg, /home/zubin/Desktop/Self-driving-car-simulation/Data/IMG/left_2019_03_01_18_31_29_354.jpg, /home/zubin/Desktop/Self-driving-car-simulation/Data/IMG/right_2019_03_01_18_31_29_354.jpg, 0, 1, 0, 30.19003
/home/zubin/Desktop/Self-driving-car-simulation/Data/IMG/center_2019_03_01_18_31_29_471.jpg, /home/zubin/Desktop/Self-driving-car-simulation/Data/IMG/left_2019_03_01_18_31_29_471.jpg, /home/zubin/Desktop/Self-driving-car-simulation/Data/IMG/right_2019_03_01_18_31_29_471.jpg, 0, 1, 0, 30.19005
/home/zubin/Desktop/Self-driving-car-simulation/Data/IMG/center_2019_03_01_18_31_29_587.jpg, /home/zubin/Desktop/Self-driving-car-simulation/Data/IMG/left_2019_03_01_18_31_29_587.jpg, /home/zubin/Desktop/Self-driving-car-simulation/Data/IMG/right_2019_03_01_18_31_29_587.jpg, 0, 1, 0, 30.19002
/home/zubin/Desktop/Self-driving-car-simulation/Data/IMG/center_2019_03_01_18_31_29_688.jpg, /home/zubin/Desktop/Self-driving-car-simulation/Data/IMG/left_2019_03_01_18_31_29_688.jpg, /home/zubin/Desktop/Self-driving-car-simulation/Data/IMG/right_2019_03_01_18_31_29_688.jpg, 0, 1, 0, 30.19006
/home/zubin/Desktop/Self-driving-car-simulation/Data/IMG/center_2019_03_01_18_31_29_805.jpg, /home/zubin/Desktop/Self-driving-car-simulation/Data/IMG/left_2019_03_01_18_31_29_805.jpg, /home/zubin/Desktop/Self-driving-car-simulation/Data/IMG/right_2019_03_01_18_31_29_805.jpg, 0, 1, 0, 30.19005
/home/zubin/Desktop/Self-driving-car-simulation/Data/IMG/center_2019_03_01_18_31_29_905.jpg, /home/zubin/Desktop/Self-driving-car-simulation/Data/IMG/left_2019_03_01_18_31_29_905.jpg, /home/zubin/Desktop/Self-driving-car-simulation/Data/IMG/right_2019_03_01_18_31_29_905.jpg, 0, 1, 0, 30.19004
/home/zubin/Desktop/Self-driving-car-simulation/Data/IMG/center_2019_03_01_18_31_30_019.jpg, /home/zubin/Desktop/Self-driving-car-simulation/Data/IMG/left_2019_03_01_18_31_30_019.jpg, /home/zubin/Desktop/Self-driving-car-simulation/Data/IMG/right_2019_03_01_18_31_30_019.jpg, 0, 1, 0, 30.19003
/home/zubin/Desktop/Self-driving-car-simulation/Data/IMG/center_2019_03_01_18_31_30_121.jpg, /home/zubin/Desktop/Self-driving-car-simulation/Data/IMG/left_2019_03_01_18_31_30_121.jpg, /home/zubin/Desktop/Self-driving-car-simulation/Data/IMG/right_2019_03_01_18_31_30_121.jpg, -0.04846144, 1, 0, 30.18954
/home/zubin/Desktop/Self-driving-car-simulation/Data/IMG/center_2019_03_01_18_31_30_237.jpg, /home/zubin/Desktop/Self-driving-car-simulation/Data/IMG/left_2019_03_01_18_31_30_237.jpg, /home/zubin/Desktop/Self-driving-car-simulation/Data/IMG/right_2019_03_01_18_31_30_237.jpg, -0.1431212, 1, 0, 30.1891
/home/zubin/Desktop/Self-driving-car-simulation/Data/IMG/center_2019_03_01_18_31_30_338.jpg, /home/zubin/Desktop/Self-driving-car-simulation/Data/IMG/left_2019_03_01_18_31_30_338.jpg, /home/zubin/Desktop/Self-driving-car-simulation/Data/IMG/right_2019_03_01_18_31_30_338.jpg, 0, 1, 0, 30.18957
/home/zubin/Desktop/Self-driving-car-simulation/Data/IMG/center_2019_03_01_18_31_30_453.jpg, /home/zubin/Desktop/Self-driving-car-simulation/Data/IMG/left_2019_03_01_18_31_30_453.jpg, /home/zubin/Desktop/Self-driving-car-simulation/Data/IMG/right_2019_03_01_18_31_30_453.jpg, 0, 1, 0, 30.19007
/home/zubin/Desktop/Self-driving-car-simulation/Data/IMG/center_2019_03_01_18_31_30_554.jpg, /home/zubin/Desktop/Self-driving-car-simulation/Data/IMG/left_2019_03_01_18_31_30_554.jpg, /home/zubin/Desktop/Self-driving-car-simulation/Data/IMG/right_2019_03_01_18_31_30_554.jpg, 0, 1, 0, 30.19013
/home/zubin/Desktop/Self-driving-car-simulation/Data/IMG/center_2019_03_01_18_31_30_669.jpg, /home/zubin/Desktop/Self-driving-car-simulation/Data/IMG/left_2019_03_01_18_31_30_669.jpg, /home/zubin/Desktop/Self-driving-car-simulation/Data/IMG/right_2019_03_01_18_31_30_669.jpg, 0, 1, 0, 30.06216
/home/zubin/Desktop/Self-driving-car-simulation/Data/IMG/center_2019_03_01_18_31_30_771.jpg, /home/zubin/Desktop/Self-driving-car-simulation/Data/IMG/left_2019_03_01_18_31_30_771.jpg, /home/zubin/Desktop/Self-driving-car-simulation/Data/IMG/right_2019_03_01_18_31_30_771.jpg, 0, 1, 0, 30.31954
/home/zubin/Desktop/Self-driving-car-simulation/Data/IMG/center_2019_03_01_18_31_30_886.jpg, /home/zubin/Desktop/Self-driving-car-simulation/Data/IMG/left_2019_03_01_18_31_30_886.jpg, /home/zubin/Desktop/Self-driving-car-simulation/Data/IMG/right_2019_03_01_18_31_30_886.jpg, 0, 1, 0, 30.08627
/home/zubin/Desktop/Self-driving-car-simulation/Data/IMG/center_2019_03_01_18_31_30_989.jpg, /home/zubin/Desktop/Self-driving-car-simulation/Data/IMG/left_2019_03_01_18_31_30_989.jpg, /home/zubin/Desktop/Self-driving-car-simulation/Data/IMG/right_2019_03_01_18_31_30_989.jpg, 0, 1, 0, 30.31695
/home/zubin/Desktop/Self-driving-car-simulation/Data/IMG/center_2019_03_01_18_31_31_090.jpg, /home/zubin/Desktop/Self-driving-car-simulation/Data/IMG/left_2019_03_01_18_31_31_090.jpg, /home/zubin/Desktop/Self-driving-car-simulation/Data/IMG/right_2019_03_01_18_31_31_090.jpg, 0, 1, 0, 30.18706
/home/zubin/Desktop/Self-driving-car-simulation/Data/IMG/center_2019_03_01_18_31_31_192.jpg, /home/zubin/Desktop/Self-driving-car-simulation/Data/IMG/left_2019_03_01_18_31_31_192.jpg, /home/zubin/Desktop/Self-driving-car-simulation/Data/IMG/right_2019_03_01_18_31_31_192.jpg, 0, 1, 0, 30.19047
/home/zubin/Desktop/Self-driving-car-simulation/Data/IMG/center_2019_03_01_18_31_31_303.jpg, /home/zubin/Desktop/Self-driving-car-simulation/Data/IMG/left_2019_03_01_18_31_31_303.jpg, /home/zubin/Desktop/Self-driving-car-simulation/Data/IMG/right_2019_03_01_18_31_31_303.jpg, 0, 1, 0, 30.19056
/home/zubin/Desktop/Self-driving-car-simulation/Data/IMG/center_2019_03_01_18_31_31_419.jpg, /home/zubin/Desktop/Self-driving-car-simulation/Data/IMG/left_2019_03_01_18_31_31_419.jpg, /home/zubin/Desktop/Self-driving-car-simulation/Data/IMG/right_2019_03_01_18_31_31_419.jpg, 0, 1, 0, 30.19039
/home/zubin/Desktop/Self-driving-car-simulation/Data/IMG/center_2019_03_01_18_31_31_534.jpg, /home/zubin/Desktop/Self-driving-car-simulation/Data/IMG/left_2019_03_01_18_31_31_534.jpg, /home/zubin/Desktop/Self-driving-car-simulation/Data/IMG/right_2019_03_01_18_31_31_534.jpg, 0, 1, 0, 30.19033
/home/zubin/Desktop/Self-driving-car-simulation/Data/IMG/center_2019_03_01_18_31_31_636.jpg, /home/zubin/Desktop/Self-driving-car-simulation/Data/IMG/left_2019_03_01_18_31_31_636.jpg, /home/zubin/Desktop/Self-driving-car-simulation/Data/IMG/right_2019_03_01_18_31_31_636.jpg, -0.08070016, 1, 0, 30.18862
/home/zubin/Desktop/Self-driving-car-simulation/Data/IMG/center_2019_03_01_18_31_31_753.jpg, /home/zubin/Desktop/Self-driving-car-simulation/Data/IMG/left_2019_03_01_18_31_31_753.jpg, /home/zubin/Desktop/Self-driving-car-simulation/Data/IMG/right_2019_03_01_18_31_31_753.jpg, -0.1086416, 1, 0, 30.18935
/home/zubin/Desktop/Self-driving-car-simulation/Data/IMG/center_2019_03_01_18_31_31_866.jpg, /home/zubin/Desktop/Self-driving-car-simulation/Data/IMG/left_2019_03_01_18_31_31_866.jpg, /home/zubin/Desktop/Self-driving-car-simulation/Data/IMG/right_2019_03_01_18_31_31_866.jpg, 0, 1, 0, 30.1901
/home/zubin/Desktop/Self-driving-car-simulation/Data/IMG/center_2019_03_01_18_31_31_969.jpg, /home/zubin/Desktop/Self-driving-car-simulation/Data/IMG/left_2019_03_01_18_31_31_969.jpg, /home/zubin/Desktop/Self-driving-car-simulation/Data/IMG/right_2019_03_01_18_31_31_969.jpg, 0, 1, 0, 30.19027
/home/zubin/Desktop/Self-driving-car-simulation/Data/IMG/center_2019_03_01_18_31_32_083.jpg, /home/zubin/Desktop/Self-driving-car-simulation/Data/IMG/left_2019_03_01_18_31_32_083.jpg, /home/zubin/Desktop/Self-driving-car-simulation/Data/IMG/right_2019_03_01_18_31_32_083.jpg, 0, 1, 0, 30.1903
/home/zubin/Desktop/Self-driving-car-simulation/Data/IMG/center_2019_03_01_18_31_32_201.jpg, /home/zubin/Desktop/Self-driving-car-simulation/Data/IMG/left_2019_03_01_18_31_32_201.jpg, /home/zubin/Desktop/Self-driving-car-simulation/Data/IMG/right_2019_03_01_18_31_32_201.jpg, 0, 1, 0, 30.19029
/home/zubin/Desktop/Self-driving-car-simulation/Data/IMG/center_2019_03_01_18_31_32_315.jpg, /home/zubin/Desktop/Self-driving-car-simulation/Data/IMG/left_2019_03_01_18_31_32_315.jpg, /home/zubin/Desktop/Self-driving-car-simulation/Data/IMG/right_2019_03_01_18_31_32_315.jpg, 0, 1, 0, 30.19031
/home/zubin/Desktop/Self-driving-car-simulation/Data/IMG/center_2019_03_01_18_31_32_433.jpg, /home/zubin/Desktop/Self-driving-car-simulation/Data/IMG/left_2019_03_01_18_31_32_433.jpg, /home/zubin/Desktop/Self-driving-car-simulation/Data/IMG/right_2019_03_01_18_31_32_433.jpg, 0, 1, 0, 30.19028
/home/zubin/Desktop/Self-driving-car-simulation/Data/IMG/center_2019_03_01_18_31_32_550.jpg, /home/zubin/Desktop/Self-driving-car-simulation/Data/IMG/left_2019_03_01_18_31_32_550.jpg, /home/zubin/Desktop/Self-driving-car-simulation/Data/IMG/right_2019_03_01_18_31_32_550.jpg, 0, 1, 0, 30.1904
/home/zubin/Desktop/Self-driving-car-simulation/Data/IMG/center_2019_03_01_18_31_32_667.jpg, /home/zubin/Desktop/Self-driving-car-simulation/Data/IMG/left_2019_03_01_18_31_32_667.jpg, /home/zubin/Desktop/Self-driving-car-simulation/Data/IMG/right_2019_03_01_18_31_32_667.jpg, 0, 1, 0, 30.19029
/home/zubin/Desktop/Self-driving-car-simulation/Data/IMG/center_2019_03_01_18_31_32_768.jpg, /home/zubin/Desktop/Self-driving-car-simulation/Data/IMG/left_2019_03_01_18_31_32_768.jpg, /home/zubin/Desktop/Self-driving-car-simulation/Data/IMG/right_2019_03_01_18_31_32_768.jpg, -0.2642219, 1, 0, 30.17392
/home/zubin/Desktop/Self-driving-car-simulation/Data/IMG/center_2019_03_01_18_31_32_883.jpg, /home/zubin/Desktop/Self-driving-car-simulation/Data/IMG/left_2019_03_01_18_31_32_883.jpg, /home/zubin/Desktop/Self-driving-car-simulation/Data/IMG/right_2019_03_01_18_31_32_883.jpg, 0, 1, 0, 30.18879
/home/zubin/Desktop/Self-driving-car-simulation/Data/IMG/center_2019_03_01_18_31_33_000.jpg, /home/zubin/Desktop/Self-driving-car-simulation/Data/IMG/left_2019_03_01_18_31_33_000.jpg, /home/zubin/Desktop/Self-driving-car-simulation/Data/IMG/right_2019_03_01_18_31_33_000.jpg, 0, 1, 0, 30.19016
/home/zubin/Desktop/Self-driving-car-simulation/Data/IMG/center_2019_03_01_18_31_33_101.jpg, /home/zubin/Desktop/Self-driving-car-simulation/Data/IMG/left_2019_03_01_18_31_33_101.jpg, /home/zubin/Desktop/Self-driving-car-simulation/Data/IMG/right_2019_03_01_18_31_33_101.jpg, 0, 1, 0, 30.19049
/home/zubin/Desktop/Self-driving-car-simulation/Data/IMG/center_2019_03_01_18_31_33_215.jpg, /home/zubin/Desktop/Self-driving-car-simulation/Data/IMG/left_2019_03_01_18_31_33_215.jpg, /home/zubin/Desktop/Self-driving-car-simulation/Data/IMG/right_2019_03_01_18_31_33_215.jpg, 0, 1, 0, 30.19031
/home/zubin/Desktop/Self-driving-car-simulation/Data/IMG/center_2019_03_01_18_31_33_316.jpg, /home/zubin/Desktop/Self-driving-car-simulation/Data/IMG/left_2019_03_01_18_31_33_316.jpg, /home/zubin/Desktop/Self-driving-car-simulation/Data/IMG/right_2019_03_01_18_31_33_316.jpg, -0.1713302, 1, 0, 30.18258
/home/zubin/Desktop/Self-driving-car-simulation/Data/IMG/center_2019_03_01_18_31_33_432.jpg, /home/zubin/Desktop/Self-driving-car-simulation/Data/IMG/left_2019_03_01_18_31_33_432.jpg, /home/zubin/Desktop/Self-driving-car-simulation/Data/IMG/right_2019_03_01_18_31_33_432.jpg, -0.2196214, 1, 0, 30.18631
/home/zubin/Desktop/Self-driving-car-simulation/Data/IMG/center_2019_03_01_18_31_33_532.jpg, /home/zubin/Desktop/Self-driving-car-simulation/Data/IMG/left_2019_03_01_18_31_33_532.jpg, /home/zubin/Desktop/Self-driving-car-simulation/Data/IMG/right_2019_03_01_18_31_33_532.jpg, 0, 1, 0, 30.18858
/home/zubin/Desktop/Self-driving-car-simulation/Data/IMG/center_2019_03_01_18_31_33_649.jpg, /home/zubin/Desktop/Self-driving-car-simulation/Data/IMG/left_2019_03_01_18_31_33_649.jpg, /home/zubin/Desktop/Self-driving-car-simulation/Data/IMG/right_2019_03_01_18_31_33_649.jpg, 0, 1, 0, 30.19011
/home/zubin/Desktop/Self-driving-car-simulation/Data/IMG/center_2019_03_01_18_31_33_764.jpg, /home/zubin/Desktop/Self-driving-car-simulation/Data/IMG/left_2019_03_01_18_31_33_764.jpg, /home/zubin/Desktop/Self-driving-car-simulation/Data/IMG/right_2019_03_01_18_31_33_764.jpg, 0, 1, 0, 30.19009
/home/zubin/Desktop/Self-driving-car-simulation/Data/IMG/center_2019_03_01_18_31_33_865.jpg, /home/zubin/Desktop/Self-driving-car-simulation/Data/IMG/left_2019_03_01_18_31_33_865.jpg, /home/zubin/Desktop/Self-driving-car-simulation/Data/IMG/right_2019_03_01_18_31_33_865.jpg, 0, 1, 0, 30.19051
/home/zubin/Desktop/Self-driving-car-simulation/Data/IMG/center_2019_03_01_18_31_33_981.jpg, /home/zubin/Desktop/Self-driving-car-simulation/Data/IMG/left_2019_03_01_18_31_33_981.jpg, /home/zubin/Desktop/Self-driving-car-simulation/Data/IMG/right_2019_03_01_18_31_33_981.jpg, 0, 1, 0, 30.19022
/home/zubin/Desktop/Self-driving-car-simulation/Data/IMG/center_2019_03_01_18_31_34_099.jpg, /home/zubin/Desktop/Self-driving-car-simulation/Data/IMG/left_2019_03_01_18_31_34_099.jpg, /home/zubin/Desktop/Self-driving-car-simulation/Data/IMG/right_2019_03_01_18_31_34_099.jpg, -0.2212772, 1, 0, 30.17686
/home/zubin/Desktop/Self-driving-car-simulation/Data/IMG/center_2019_03_01_18_31_34_213.jpg, /home/zubin/Desktop/Self-driving-car-simulation/Data/IMG/left_2019_03_01_18_31_34_213.jpg, /home/zubin/Desktop/Self-driving-car-simulation/Data/IMG/right_2019_03_01_18_31_34_213.jpg, 0, 1, 0, 30.18996
/home/zubin/Desktop/Self-driving-car-simulation/Data/IMG/center_2019_03_01_18_31_34_314.jpg, /home/zubin/Desktop/Self-driving-car-simulation/Data/IMG/left_2019_03_01_18_31_34_314.jpg, /home/zubin/Desktop/Self-driving-car-simulation/Data/IMG/right_2019_03_01_18_31_34_314.jpg, -0.05292034, 1, 0, 30.19023
/home/zubin/Desktop/Self-driving-car-simulation/Data/IMG/center_2019_03_01_18_31_34_415.jpg, /home/zubin/Desktop/Self-driving-car-simulation/Data/IMG/left_2019_03_01_18_31_34_415.jpg, /home/zubin/Desktop/Self-driving-car-simulation/Data/IMG/right_2019_03_01_18_31_34_415.jpg, -0.1537864, 1, 0, 30.18775
/home/zubin/Desktop/Self-driving-car-simulation/Data/IMG/center_2019_03_01_18_31_34_515.jpg, /home/zubin/Desktop/Self-driving-car-simulation/Data/IMG/left_2019_03_01_18_31_34_515.jpg, /home/zubin/Desktop/Self-driving-car-simulation/Data/IMG/right_2019_03_01_18_31_34_515.jpg, 0, 1, 0, 30.19057
/home/zubin/Desktop/Self-driving-car-simulation/Data/IMG/center_2019_03_01_18_31_34_615.jpg, /home/zubin/Desktop/Self-driving-car-simulation/Data/IMG/left_2019_03_01_18_31_34_615.jpg, /home/zubin/Desktop/Self-driving-car-simulation/Data/IMG/right_2019_03_01_18_31_34_615.jpg, -0.1704719, 1, 0, 30.18391
/home/zubin/Desktop/Self-driving-car-simulation/Data/IMG/center_2019_03_01_18_31_34_730.jpg, /home/zubin/Desktop/Self-driving-car-simulation/Data/IMG/left_2019_03_01_18_31_34_730.jpg, /home/zubin/Desktop/Self-driving-car-simulation/Data/IMG/right_2019_03_01_18_31_34_730.jpg, -0.3102958, 1, 0, 30.17609
/home/zubin/Desktop/Self-driving-car-simulation/Data/IMG/center_2019_03_01_18_31_34_832.jpg, /home/zubin/Desktop/Self-driving-car-simulation/Data/IMG/left_2019_03_01_18_31_34_832.jpg, /home/zubin/Desktop/Self-driving-car-simulation/Data/IMG/right_2019_03_01_18_31_34_832.jpg, -0.112617, 1, 0, 30.19002
/home/zubin/Desktop/Self-driving-car-simulation/Data/IMG/center_2019_03_01_18_31_34_947.jpg, /home/zubin/Desktop/Self-driving-car-simulation/Data/IMG/left_2019_03_01_18_31_34_947.jpg, /home/zubin/Desktop/Self-driving-car-simulation/Data/IMG/right_2019_03_01_18_31_34_947.jpg, -0.5060792, 1, 0, 30.14971
/home/zubin/Desktop/Self-driving-car-simulation/Data/IMG/center_2019_03_01_18_31_35_048.jpg, /home/zubin/Desktop/Self-driving-car-simulation/Data/IMG/left_2019_03_01_18_31_35_048.jpg, /home/zubin/Desktop/Self-driving-car-simulation/Data/IMG/right_2019_03_01_18_31_35_048.jpg, -0.5429435, 1, 0, 30.16585
/home/zubin/Desktop/Self-driving-car-simulation/Data/IMG/center_2019_03_01_18_31_35_148.jpg, /home/zubin/Desktop/Self-driving-car-simulation/Data/IMG/left_2019_03_01_18_31_35_148.jpg, /home/zubin/Desktop/Self-driving-car-simulation/Data/IMG/right_2019_03_01_18_31_35_148.jpg, -0.242466, 1, 0, 30.19744
/home/zubin/Desktop/Self-driving-car-simulation/Data/IMG/center_2019_03_01_18_31_35_249.jpg, /home/zubin/Desktop/Self-driving-car-simulation/Data/IMG/left_2019_03_01_18_31_35_249.jpg, /home/zubin/Desktop/Self-driving-car-simulation/Data/IMG/right_2019_03_01_18_31_35_249.jpg, -0.5073509, 1, 0, 30.17054
/home/zubin/Desktop/Self-driving-car-simulation/Data/IMG/center_2019_03_01_18_31_35_354.jpg, /home/zubin/Desktop/Self-driving-car-simulation/Data/IMG/left_2019_03_01_18_31_35_354.jpg, /home/zubin/Desktop/Self-driving-car-simulation/Data/IMG/right_2019_03_01_18_31_35_354.jpg, -0.4083896, 1, 0, 30.1933
/home/zubin/Desktop/Self-driving-car-simulation/Data/IMG/center_2019_03_01_18_31_35_458.jpg, /home/zubin/Desktop/Self-driving-car-simulation/Data/IMG/left_2019_03_01_18_31_35_458.jpg, /home/zubin/Desktop/Self-driving-car-simulation/Data/IMG/right_2019_03_01_18_31_35_458.jpg, -0.09739494, 1, 0, 30.19118
/home/zubin/Desktop/Self-driving-car-simulation/Data/IMG/center_2019_03_01_18_31_35_570.jpg, /home/zubin/Desktop/Self-driving-car-simulation/Data/IMG/left_2019_03_01_18_31_35_570.jpg, /home/zubin/Desktop/Self-driving-car-simulation/Data/IMG/right_2019_03_01_18_31_35_570.jpg, 0, 1, 0, 30.18844
/home/zubin/Desktop/Self-driving-car-simulation/Data/IMG/center_2019_03_01_18_31_35_682.jpg, /home/zubin/Desktop/Self-driving-car-simulation/Data/IMG/left_2019_03_01_18_31_35_682.jpg, /home/zubin/Desktop/Self-driving-car-simulation/Data/IMG/right_2019_03_01_18_31_35_682.jpg, 0, 1, 0, 30.18859
/home/zubin/Desktop/Self-driving-car-simulation/Data/IMG/center_2019_03_01_18_31_35_784.jpg, /home/zubin/Desktop/Self-driving-car-simulation/Data/IMG/left_2019_03_01_18_31_35_784.jpg, /home/zubin/Desktop/Self-driving-car-simulation/Data/IMG/right_2019_03_01_18_31_35_784.jpg, 0, 1, 0, 30.19056
/home/zubin/Desktop/Self-driving-car-simulation/Data/IMG/center_2019_03_01_18_31_35_899.jpg, /home/zubin/Desktop/Self-driving-car-simulation/Data/IMG/left_2019_03_01_18_31_35_899.jpg, /home/zubin/Desktop/Self-driving-car-simulation/Data/IMG/right_2019_03_01_18_31_35_899.jpg, 0, 1, 0, 30.19028
/home/zubin/Desktop/Self-driving-car-simulation/Data/IMG/center_2019_03_01_18_31_36_015.jpg, /home/zubin/Desktop/Self-driving-car-simulation/Data/IMG/left_2019_03_01_18_31_36_015.jpg, /home/zubin/Desktop/Self-driving-car-simulation/Data/IMG/right_2019_03_01_18_31_36_015.jpg, -0.1801171, 1, 0, 30.18211
/home/zubin/Desktop/Self-driving-car-simulation/Data/IMG/center_2019_03_01_18_31_36_121.jpg, /home/zubin/Desktop/Self-driving-car-simulation/Data/IMG/left_2019_03_01_18_31_36_121.jpg, /home/zubin/Desktop/Self-driving-car-simulation/Data/IMG/right_2019_03_01_18_31_36_121.jpg, -0.02647161, 1, 0, 30.19137
/home/zubin/Desktop/Self-driving-car-simulation/Data/IMG/center_2019_03_01_18_31_36_222.jpg, /home/zubin/Desktop/Self-driving-car-simulation/Data/IMG/left_2019_03_01_18_31_36_222.jpg, /home/zubin/Desktop/Self-driving-car-simulation/Data/IMG/right_2019_03_01_18_31_36_222.jpg, -0.04302263, 1, 0, 30.19047
/home/zubin/Desktop/Self-driving-car-simulation/Data/IMG/center_2019_03_01_18_31_36_332.jpg, /home/zubin/Desktop/Self-driving-car-simulation/Data/IMG/left_2019_03_01_18_31_36_332.jpg, /home/zubin/Desktop/Self-driving-car-simulation/Data/IMG/right_2019_03_01_18_31_36_332.jpg, -0.2278225, 1, 0, 30.18051
/home/zubin/Desktop/Self-driving-car-simulation/Data/IMG/center_2019_03_01_18_31_36_436.jpg, /home/zubin/Desktop/Self-driving-car-simulation/Data/IMG/left_2019_03_01_18_31_36_436.jpg, /home/zubin/Desktop/Self-driving-car-simulation/Data/IMG/right_2019_03_01_18_31_36_436.jpg, 0, 1, 0, 30.19251
/home/zubin/Desktop/Self-driving-car-simulation/Data/IMG/center_2019_03_01_18_31_36_553.jpg, /home/zubin/Desktop/Self-driving-car-simulation/Data/IMG/left_2019_03_01_18_31_36_553.jpg, /home/zubin/Desktop/Self-driving-car-simulation/Data/IMG/right_2019_03_01_18_31_36_553.jpg, -0.2274184, 1, 0, 30.1805
/home/zubin/Desktop/Self-driving-car-simulation/Data/IMG/center_2019_03_01_18_31_36_665.jpg, /home/zubin/Desktop/Self-driving-car-simulation/Data/IMG/left_2019_03_01_18_31_36_665.jpg, /home/zubin/Desktop/Self-driving-car-simulation/Data/IMG/right_2019_03_01_18_31_36_665.jpg, -0.04077029, 1, 0, 30.19137
/home/zubin/Desktop/Self-driving-car-simulation/Data/IMG/center_2019_03_01_18_31_36_766.jpg, /home/zubin/Desktop/Self-driving-car-simulation/Data/IMG/left_2019_03_01_18_31_36_766.jpg, /home/zubin/Desktop/Self-driving-car-simulation/Data/IMG/right_2019_03_01_18_31_36_766.jpg, -0.2609782, 1, 0, 30.17821
/home/zubin/Desktop/Self-driving-car-simulation/Data/IMG/center_2019_03_01_18_31_36_882.jpg, /home/zubin/Desktop/Self-driving-car-simulation/Data/IMG/left_2019_03_01_18_31_36_882.jpg, /home/zubin/Desktop/Self-driving-car-simulation/Data/IMG/right_2019_03_01_18_31_36_882.jpg, 0, 1, 0, 30.18847
/home/zubin/Desktop/Self-driving-car-simulation/Data/IMG/center_2019_03_01_18_31_36_997.jpg, /home/zubin/Desktop/Self-driving-car-simulation/Data/IMG/left_2019_03_01_18_31_36_997.jpg, /home/zubin/Desktop/Self-driving-car-simulation/Data/IMG/right_2019_03_01_18_31_36_997.jpg, -0.1494091, 1, 0, 30.18945
/home/zubin/Desktop/Self-driving-car-simulation/Data/IMG/center_2019_03_01_18_31_37_100.jpg, /home/zubin/Desktop/Self-driving-car-simulation/Data/IMG/left_2019_03_01_18_31_37_100.jpg, /home/zubin/Desktop/Self-driving-car-simulation/Data/IMG/right_2019_03_01_18_31_37_100.jpg, -0.08761168, 1, 0, 30.19078
/home/zubin/Desktop/Self-driving-car-simulation/Data/IMG/center_2019_03_01_18_31_37_204.jpg, /home/zubin/Desktop/Self-driving-car-simulation/Data/IMG/left_2019_03_01_18_31_37_204.jpg, /home/zubin/Desktop/Self-driving-car-simulation/Data/IMG/right_2019_03_01_18_31_37_204.jpg, -0.1308389, 1, 0, 30.19072
/home/zubin/Desktop/Self-driving-car-simulation/Data/IMG/center_2019_03_01_18_31_37_312.jpg, /home/zubin/Desktop/Self-driving-car-simulation/Data/IMG/left_2019_03_01_18_31_37_312.jpg, /home/zubin/Desktop/Self-driving-car-simulation/Data/IMG/right_2019_03_01_18_31_37_312.jpg, -0.08383512, 1, 0, 30.1898
/home/zubin/Desktop/Self-driving-car-simulation/Data/IMG/center_2019_03_01_18_31_37_417.jpg, /home/zubin/Desktop/Self-driving-car-simulation/Data/IMG/left_2019_03_01_18_31_37_417.jpg, /home/zubin/Desktop/Self-driving-car-simulation/Data/IMG/right_2019_03_01_18_31_37_417.jpg, -0.4459977, 1, 0, 30.15391
/home/zubin/Desktop/Self-driving-car-simulation/Data/IMG/center_2019_03_01_18_31_37_530.jpg, /home/zubin/Desktop/Self-driving-car-simulation/Data/IMG/left_2019_03_01_18_31_37_530.jpg, /home/zubin/Desktop/Self-driving-car-simulation/Data/IMG/right_2019_03_01_18_31_37_530.jpg, -0.7382219, 1, 0, 30.11234
/home/zubin/Desktop/Self-driving-car-simulation/Data/IMG/center_2019_03_01_18_31_37_647.jpg, /home/zubin/Desktop/Self-driving-car-simulation/Data/IMG/left_2019_03_01_18_31_37_647.jpg, /home/zubin/Desktop/Self-driving-car-simulation/Data/IMG/right_2019_03_01_18_31_37_647.jpg, -1, 1, 0, 30.0928
/home/zubin/Desktop/Self-driving-car-simulation/Data/IMG/center_2019_03_01_18_31_37_763.jpg, /home/zubin/Desktop/Self-driving-car-simulation/Data/IMG/left_2019_03_01_18_31_37_763.jpg, /home/zubin/Desktop/Self-driving-car-simulation/Data/IMG/right_2019_03_01_18_31_37_763.jpg, -0.8194931, 1, 0, 30.17055
/home/zubin/Desktop/Self-driving-car-simulation/Data/IMG/center_2019_03_01_18_31_37_879.jpg, /home/zubin/Desktop/Self-driving-car-simulation/Data/IMG/left_2019_03_01_18_31_37_879.jpg, /home/zubin/Desktop/Self-driving-car-simulation/Data/IMG/right_2019_03_01_18_31_37_879.jpg, -0.4720361, 1, 0, 30.21017
/home/zubin/Desktop/Self-driving-car-simulation/Data/IMG/center_2019_03_01_18_31_37_992.jpg, /home/zubin/Desktop/Self-driving-car-simulation/Data/IMG/left_2019_03_01_18_31_37_992.jpg, /home/zubin/Desktop/Self-driving-car-simulation/Data/IMG/right_2019_03_01_18_31_37_992.jpg, -0.1790316, 1, 0, 30.1991
/home/zubin/Desktop/Self-driving-car-simulation/Data/IMG/center_2019_03_01_18_31_38_092.jpg, /home/zubin/Desktop/Self-driving-car-simulation/Data/IMG/left_2019_03_01_18_31_38_092.jpg, /home/zubin/Desktop/Self-driving-car-simulation/Data/IMG/right_2019_03_01_18_31_38_092.jpg, 0, 1, 0, 30.1895
/home/zubin/Desktop/Self-driving-car-simulation/Data/IMG/center_2019_03_01_18_31_38_209.jpg, /home/zubin/Desktop/Self-driving-car-simulation/Data/IMG/left_2019_03_01_18_31_38_209.jpg, /home/zubin/Desktop/Self-driving-car-simulation/Data/IMG/right_2019_03_01_18_31_38_209.jpg, 0.1916428, 1, 0, 30.17411
/home/zubin/Desktop/Self-driving-car-simulation/Data/IMG/center_2019_03_01_18_31_38_324.jpg, /home/zubin/Desktop/Self-driving-car-simulation/Data/IMG/left_2019_03_01_18_31_38_324.jpg, /home/zubin/Desktop/Self-driving-car-simulation/Data/IMG/right_2019_03_01_18_31_38_324.jpg, 0.3420246, 1, 0, 30.16687
/home/zubin/Desktop/Self-driving-car-simulation/Data/IMG/center_2019_03_01_18_31_38_426.jpg, /home/zubin/Desktop/Self-driving-car-simulation/Data/IMG/left_2019_03_01_18_31_38_426.jpg, /home/zubin/Desktop/Self-driving-car-simulation/Data/IMG/right_2019_03_01_18_31_38_426.jpg, 0.03624916, 1, 0, 30.18753
/home/zubin/Desktop/Self-driving-car-simulation/Data/IMG/center_2019_03_01_18_31_38_527.jpg, /home/zubin/Desktop/Self-driving-car-simulation/Data/IMG/left_2019_03_01_18_31_38_527.jpg, /home/zubin/Desktop/Self-driving-car-simulation/Data/IMG/right_2019_03_01_18_31_38_527.jpg, 0.05178881, 1, 0, 30.18869
/home/zubin/Desktop/Self-driving-car-simulation/Data/IMG/center_2019_03_01_18_31_38_641.jpg, /home/zubin/Desktop/Self-driving-car-simulation/Data/IMG/left_2019_03_01_18_31_38_641.jpg, /home/zubin/Desktop/Self-driving-car-simulation/Data/IMG/right_2019_03_01_18_31_38_641.jpg, 0.2043986, 1, 0, 30.18627
/home/zubin/Desktop/Self-driving-car-simulation/Data/IMG/center_2019_03_01_18_31_38_742.jpg, /home/zubin/Desktop/Self-driving-car-simulation/Data/IMG/left_2019_03_01_18_31_38_742.jpg, /home/zubin/Desktop/Self-driving-car-simulation/Data/IMG/right_2019_03_01_18_31_38_742.jpg, 0.05280876, 1, 0, 30.1892
/home/zubin/Desktop/Self-driving-car-simulation/Data/IMG/center_2019_03_01_18_31_38_843.jpg, /home/zubin/Desktop/Self-driving-car-simulation/Data/IMG/left_2019_03_01_18_31_38_843.jpg, /home/zubin/Desktop/Self-driving-car-simulation/Data/IMG/right_2019_03_01_18_31_38_843.jpg, 0.3542883, 1, 0, 30.16557
/home/zubin/Desktop/Self-driving-car-simulation/Data/IMG/center_2019_03_01_18_31_38_959.jpg, /home/zubin/Desktop/Self-driving-car-simulation/Data/IMG/left_2019_03_01_18_31_38_959.jpg, /home/zubin/Desktop/Self-driving-car-simulation/Data/IMG/right_2019_03_01_18_31_38_959.jpg, 0.004602671, 1, 0, 30.18795
/home/zubin/Desktop/Self-driving-car-simulation/Data/IMG/center_2019_03_01_18_31_39_075.jpg, /home/zubin/Desktop/Self-driving-car-simulation/Data/IMG/left_2019_03_01_18_31_39_075.jpg, /home/zubin/Desktop/Self-driving-car-simulation/Data/IMG/right_2019_03_01_18_31_39_075.jpg, 0, 1, 0, 30.19124
/home/zubin/Desktop/Self-driving-car-simulation/Data/IMG/center_2019_03_01_18_31_39_175.jpg, /home/zubin/Desktop/Self-driving-car-simulation/Data/IMG/left_2019_03_01_18_31_39_175.jpg, /home/zubin/Desktop/Self-driving-car-simulation/Data/IMG/right_2019_03_01_18_31_39_175.jpg, 0, 1, 0, 30.1902
/home/zubin/Desktop/Self-driving-car-simulation/Data/IMG/center_2019_03_01_18_31_39_275.jpg, /home/zubin/Desktop/Self-driving-car-simulation/Data/IMG/left_2019_03_01_18_31_39_275.jpg, /home/zubin/Desktop/Self-driving-car-simulation/Data/IMG/right_2019_03_01_18_31_39_275.jpg, 0, 1, 0, 30.19011
/home/zubin/Desktop/Self-driving-car-simulation/Data/IMG/center_2019_03_01_18_31_39_391.jpg, /home/zubin/Desktop/Self-driving-car-simulation/Data/IMG/left_2019_03_01_18_31_39_391.jpg, /home/zubin/Desktop/Self-driving-car-simulation/Data/IMG/right_2019_03_01_18_31_39_391.jpg, 0, 1, 0, 30.18916
/home/zubin/Desktop/Self-driving-car-simulation/Data/IMG/center_2019_03_01_18_31_39_491.jpg, /home/zubin/Desktop/Self-driving-car-simulation/Data/IMG/left_2019_03_01_18_31_39_491.jpg, /home/zubin/Desktop/Self-driving-car-simulation/Data/IMG/right_2019_03_01_18_31_39_491.jpg, 0, 1, 0, 30.19014
/home/zubin/Desktop/Self-driving-car-simulation/Data/IMG/center_2019_03_01_18_31_39_591.jpg, /home/zubin/Desktop/Self-driving-car-simulation/Data/IMG/left_2019_03_01_18_31_39_591.jpg, /home/zubin/Desktop/Self-driving-car-simulation/Data/IMG/right_2019_03_01_18_31_39_591.jpg, 0.14748, 1, 0, 30.18464
/home/zubin/Desktop/Self-driving-car-simulation/Data/IMG/center_2019_03_01_18_31_39_709.jpg, /home/zubin/Desktop/Self-driving-car-simulation/Data/IMG/left_2019_03_01_18_31_39_709.jpg, /home/zubin/Desktop/Self-driving-car-simulation/Data/IMG/right_2019_03_01_18_31_39_709.jpg, 0.1629474, 1, 0, 30.18971
/home/zubin/Desktop/Self-driving-car-simulation/Data/IMG/center_2019_03_01_18_31_39_825.jpg, /home/zubin/Desktop/Self-driving-car-simulation/Data/IMG/left_2019_03_01_18_31_39_825.jpg, /home/zubin/Desktop/Self-driving-car-simulation/Data/IMG/right_2019_03_01_18_31_39_825.jpg, 0, 1, 0, 30.18991
/home/zubin/Desktop/Self-driving-car-simulation/Data/IMG/center_2019_03_01_18_31_39_939.jpg, /home/zubin/Desktop/Self-driving-car-simulation/Data/IMG/left_2019_03_01_18_31_39_939.jpg, /home/zubin/Desktop/Self-driving-car-simulation/Data/IMG/right_2019_03_01_18_31_39_939.jpg, 0, 1, 0, 30.19106
/home/zubin/Desktop/Self-driving-car-simulation/Data/IMG/center_2019_03_01_18_31_40_042.jpg, /home/zubin/Desktop/Self-driving-car-simulation/Data/IMG/left_2019_03_01_18_31_40_042.jpg, /home/zubin/Desktop/Self-driving-car-simulation/Data/IMG/right_2019_03_01_18_31_40_042.jpg, 0, 1, 0, 30.19114
/home/zubin/Desktop/Self-driving-car-simulation/Data/IMG/center_2019_03_01_18_31_40_158.jpg, /home/zubin/Desktop/Self-driving-car-simulation/Data/IMG/left_2019_03_01_18_31_40_158.jpg, /home/zubin/Desktop/Self-driving-car-simulation/Data/IMG/right_2019_03_01_18_31_40_158.jpg, -0.2522457, 1, 0, 30.17311
/home/zubin/Desktop/Self-driving-car-simulation/Data/IMG/center_2019_03_01_18_31_40_273.jpg, /home/zubin/Desktop/Self-driving-car-simulation/Data/IMG/left_2019_03_01_18_31_40_273.jpg, /home/zubin/Desktop/Self-driving-car-simulation/Data/IMG/right_2019_03_01_18_31_40_273.jpg, 0, 1, 0, 30.19002
/home/zubin/Desktop/Self-driving-car-simulation/Data/IMG/center_2019_03_01_18_31_40_373.jpg, /home/zubin/Desktop/Self-driving-car-simulation/Data/IMG/left_2019_03_01_18_31_40_373.jpg, /home/zubin/Desktop/Self-driving-car-simulation/Data/IMG/right_2019_03_01_18_31_40_373.jpg, 0, 1, 0, 30.1905
/home/zubin/Desktop/Self-driving-car-simulation/Data/IMG/center_2019_03_01_18_31_40_490.jpg, /home/zubin/Desktop/Self-driving-car-simulation/Data/IMG/left_2019_03_01_18_31_40_490.jpg, /home/zubin/Desktop/Self-driving-car-simulation/Data/IMG/right_2019_03_01_18_31_40_490.jpg, 0, 1, 0, 30.19059
/home/zubin/Desktop/Self-driving-car-simulation/Data/IMG/center_2019_03_01_18_31_40_608.jpg, /home/zubin/Desktop/Self-driving-car-simulation/Data/IMG/left_2019_03_01_18_31_40_608.jpg, /home/zubin/Desktop/Self-driving-car-simulation/Data/IMG/right_2019_03_01_18_31_40_608.jpg, 0, 1, 0, 30.19057
/home/zubin/Desktop/Self-driving-car-simulation/Data/IMG/center_2019_03_01_18_31_40_726.jpg, /home/zubin/Desktop/Self-driving-car-simulation/Data/IMG/left_2019_03_01_18_31_40_726.jpg, /home/zubin/Desktop/Self-driving-car-simulation/Data/IMG/right_2019_03_01_18_31_40_726.jpg, 0, 1, 0, 30.19067
/home/zubin/Desktop/Self-driving-car-simulation/Data/IMG/center_2019_03_01_18_31_40_841.jpg, /home/zubin/Desktop/Self-driving-car-simulation/Data/IMG/left_2019_03_01_18_31_40_841.jpg, /home/zubin/Desktop/Self-driving-car-simulation/Data/IMG/right_2019_03_01_18_31_40_841.jpg, 0, 1, 0, 30.19052
/home/zubin/Desktop/Self-driving-car-simulation/Data/IMG/center_2019_03_01_18_31_40_957.jpg, /home/zubin/Desktop/Self-driving-car-simulation/Data/IMG/left_2019_03_01_18_31_40_957.jpg, /home/zubin/Desktop/Self-driving-car-simulation/Data/IMG/right_2019_03_01_18_31_40_957.jpg, -0.1005206, 1, 0, 30.18791
/home/zubin/Desktop/Self-driving-car-simulation/Data/IMG/center_2019_03_01_18_31_41_072.jpg, /home/zubin/Desktop/Self-driving-car-simulation/Data/IMG/left_2019_03_01_18_31_41_072.jpg, /home/zubin/Desktop/Self-driving-car-simulation/Data/IMG/right_2019_03_01_18_31_41_072.jpg, 0, 1, 0, 30.19062
/home/zubin/Desktop/Self-driving-car-simulation/Data/IMG/center_2019_03_01_18_31_41_173.jpg, /home/zubin/Desktop/Self-driving-car-simulation/Data/IMG/left_2019_03_01_18_31_41_173.jpg, /home/zubin/Desktop/Self-driving-car-simulation/Data/IMG/right_2019_03_01_18_31_41_173.jpg, 0, 1, 0, 30.19061
/home/zubin/Desktop/Self-driving-car-simulation/Data/IMG/center_2019_03_01_18_31_41_288.jpg, /home/zubin/Desktop/Self-driving-car-simulation/Data/IMG/left_2019_03_01_18_31_41_288.jpg, /home/zubin/Desktop/Self-driving-car-simulation/Data/IMG/right_2019_03_01_18_31_41_288.jpg, 0, 1, 0, 30.19067
/home/zubin/Desktop/Self-driving-car-simulation/Data/IMG/center_2019_03_01_18_31_41_389.jpg, /home/zubin/Desktop/Self-driving-car-simulation/Data/IMG/left_2019_03_01_18_31_41_389.jpg, /home/zubin/Desktop/Self-driving-car-simulation/Data/IMG/right_2019_03_01_18_31_41_389.jpg, -0.151989, 1, 0, 30.18429
/home/zubin/Desktop/Self-driving-car-simulation/Data/IMG/center_2019_03_01_18_31_41_489.jpg, /home/zubin/Desktop/Self-driving-car-simulation/Data/IMG/left_2019_03_01_18_31_41_489.jpg, /home/zubin/Desktop/Self-driving-car-simulation/Data/IMG/right_2019_03_01_18_31_41_489.jpg, -0.1760788, 1, 0, 30.18613
/home/zubin/Desktop/Self-driving-car-simulation/Data/IMG/center_2019_03_01_18_31_41_607.jpg, /home/zubin/Desktop/Self-driving-car-simulation/Data/IMG/left_2019_03_01_18_31_41_607.jpg, /home/zubin/Desktop/Self-driving-car-simulation/Data/IMG/right_2019_03_01_18_31_41_607.jpg, 0, 1, 0, 30.18977
/home/zubin/Desktop/Self-driving-car-simulation/Data/IMG/center_2019_03_01_18_31_41_722.jpg, /home/zubin/Desktop/Self-driving-car-simulation/Data/IMG/left_2019_03_01_18_31_41_722.jpg, /home/zubin/Desktop/Self-driving-car-simulation/Data/IMG/right_2019_03_01_18_31_41_722.jpg, 0, 1, 0, 30.19003
/home/zubin/Desktop/Self-driving-car-simulation/Data/IMG/center_2019_03_01_18_31_41_822.jpg, /home/zubin/Desktop/Self-driving-car-simulation/Data/IMG/left_2019_03_01_18_31_41_822.jpg, /home/zubin/Desktop/Self-driving-car-simulation/Data/IMG/right_2019_03_01_18_31_41_822.jpg, 0, 1, 0, 30.19013
/home/zubin/Desktop/Self-driving-car-simulation/Data/IMG/center_2019_03_01_18_31_41_937.jpg, /home/zubin/Desktop/Self-driving-car-simulation/Data/IMG/left_2019_03_01_18_31_41_937.jpg, /home/zubin/Desktop/Self-driving-car-simulation/Data/IMG/right_2019_03_01_18_31_41_937.jpg, 0.3461874, 1, 0, 30.16213
/home/zubin/Desktop/Self-driving-car-simulation/Data/IMG/center_2019_03_01_18_31_42_039.jpg, /home/zubin/Desktop/Self-driving-car-simulation/Data/IMG/left_2019_03_01_18_31_42_039.jpg, /home/zubin/Desktop/Self-driving-car-simulation/Data/IMG/right_2019_03_01_18_31_42_039.jpg, 0.04170799, 1, 0, 30.19022
/home/zubin/Desktop/Self-driving-car-simulation/Data/IMG/center_2019_03_01_18_31_42_152.jpg, /home/zubin/Desktop/Self-driving-car-simulation/Data/IMG/left_2019_03_01_18_31_42_152.jpg, /home/zubin/Desktop/Self-driving-car-simulation/Data/IMG/right_2019_03_01_18_31_42_152.jpg, 0, 1, 0, 30.18984
/home/zubin/Desktop/Self-driving-car-simulation/Data/IMG/center_2019_03_01_18_31_42_254.jpg, /home/zubin/Desktop/Self-driving-car-simulation/Data/IMG/left_2019_03_01_18_31_42_254.jpg, /home/zubin/Desktop/Self-driving-car-simulation/Data/IMG/right_2019_03_01_18_31_42_254.jpg, 0, 1, 0, 30.19025
/home/zubin/Desktop/Self-driving-car-simulation/Data/IMG/center_2019_03_01_18_31_42_371.jpg, /home/zubin/Desktop/Self-driving-car-simulation/Data/IMG/left_2019_03_01_18_31_42_371.jpg, /home/zubin/Desktop/Self-driving-car-simulation/Data/IMG/right_2019_03_01_18_31_42_371.jpg, 0, 1, 0, 30.1903
/home/zubin/Desktop/Self-driving-car-simulation/Data/IMG/center_2019_03_01_18_31_42_487.jpg, /home/zubin/Desktop/Self-driving-car-simulation/Data/IMG/left_2019_03_01_18_31_42_487.jpg, /home/zubin/Desktop/Self-driving-car-simulation/Data/IMG/right_2019_03_01_18_31_42_487.jpg, 0, 1, 0, 30.19029
/home/zubin/Desktop/Self-driving-car-simulation/Data/IMG/center_2019_03_01_18_31_42_587.jpg, /home/zubin/Desktop/Self-driving-car-simulation/Data/IMG/left_2019_03_01_18_31_42_587.jpg, /home/zubin/Desktop/Self-driving-car-simulation/Data/IMG/right_2019_03_01_18_31_42_587.jpg, 0, 1, 0, 30.19029
/home/zubin/Desktop/Self-driving-car-simulation/Data/IMG/center_2019_03_01_18_31_42_702.jpg, /home/zubin/Desktop/Self-driving-car-simulation/Data/IMG/left_2019_03_01_18_31_42_702.jpg, /home/zubin/Desktop/Self-driving-car-simulation/Data/IMG/right_2019_03_01_18_31_42_702.jpg, 0, 1, 0, 30.19032
/home/zubin/Desktop/Self-driving-car-simulation/Data/IMG/center_2019_03_01_18_31_42_817.jpg, /home/zubin/Desktop/Self-driving-car-simulation/Data/IMG/left_2019_03_01_18_31_42_817.jpg, /home/zubin/Desktop/Self-driving-car-simulation/Data/IMG/right_2019_03_01_18_31_42_817.jpg, -0.1527393, 1, 0, 30.18404
/home/zubin/Desktop/Self-driving-car-simulation/Data/IMG/center_2019_03_01_18_31_42_918.jpg, /home/zubin/Desktop/Self-driving-car-simulation/Data/IMG/left_2019_03_01_18_31_42_918.jpg, /home/zubin/Desktop/Self-driving-car-simulation/Data/IMG/right_2019_03_01_18_31_42_918.jpg, 0, 1, 0, 30.19019
/home/zubin/Desktop/Self-driving-car-simulation/Data/IMG/center_2019_03_01_18_31_43_020.jpg, /home/zubin/Desktop/Self-driving-car-simulation/Data/IMG/left_2019_03_01_18_31_43_020.jpg, /home/zubin/Desktop/Self-driving-car-simulation/Data/IMG/right_2019_03_01_18_31_43_020.jpg, 0, 1, 0, 30.19064
/home/zubin/Desktop/Self-driving-car-simulation/Data/IMG/center_2019_03_01_18_31_43_134.jpg, /home/zubin/Desktop/Self-driving-car-simulation/Data/IMG/left_2019_03_01_18_31_43_134.jpg, /home/zubin/Desktop/Self-driving-car-simulation/Data/IMG/right_2019_03_01_18_31_43_134.jpg, 0, 1, 0, 30.19014
/home/zubin/Desktop/Self-driving-car-simulation/Data/IMG/center_2019_03_01_18_31_43_253.jpg, /home/zubin/Desktop/Self-driving-car-simulation/Data/IMG/left_2019_03_01_18_31_43_253.jpg, /home/zubin/Desktop/Self-driving-car-simulation/Data/IMG/right_2019_03_01_18_31_43_253.jpg, 0, 1, 0, 30.19066
/home/zubin/Desktop/Self-driving-car-simulation/Data/IMG/center_2019_03_01_18_31_43_370.jpg, /home/zubin/Desktop/Self-driving-car-simulation/Data/IMG/left_2019_03_01_18_31_43_370.jpg, /home/zubin/Desktop/Self-driving-car-simulation/Data/IMG/right_2019_03_01_18_31_43_370.jpg, 0, 1, 0, 30.18984
/home/zubin/Desktop/Self-driving-car-simulation/Data/IMG/center_2019_03_01_18_31_43_485.jpg, /home/zubin/Desktop/Self-driving-car-simulation/Data/IMG/left_2019_03_01_18_31_43_485.jpg, /home/zubin/Desktop/Self-driving-car-simulation/Data/IMG/right_2019_03_01_18_31_43_485.jpg, 0, 1, 0, 30.18968
/home/zubin/Desktop/Self-driving-car-simulation/Data/IMG/center_2019_03_01_18_31_43_600.jpg, /home/zubin/Desktop/Self-driving-car-simulation/Data/IMG/left_2019_03_01_18_31_43_600.jpg, /home/zubin/Desktop/Self-driving-car-simulation/Data/IMG/right_2019_03_01_18_31_43_600.jpg, 0, 1, 0, 30.19021
/home/zubin/Desktop/Self-driving-car-simulation/Data/IMG/center_2019_03_01_18_31_43_704.jpg, /home/zubin/Desktop/Self-driving-car-simulation/Data/IMG/left_2019_03_01_18_31_43_704.jpg, /home/zubin/Desktop/Self-driving-car-simulation/Data/IMG/right_2019_03_01_18_31_43_704.jpg, 0, 1, 0, 30.1902
/home/zubin/Desktop/Self-driving-car-simulation/Data/IMG/center_2019_03_01_18_31_43_816.jpg, /home/zubin/Desktop/Self-driving-car-simulation/Data/IMG/left_2019_03_01_18_31_43_816.jpg, /home/zubin/Desktop/Self-driving-car-simulation/Data/IMG/right_2019_03_01_18_31_43_816.jpg, 0, 1, 0, 30.19026
/home/zubin/Desktop/Self-driving-car-simulation/Data/IMG/center_2019_03_01_18_31_43_918.jpg, /home/zubin/Desktop/Self-driving-car-simulation/Data/IMG/left_2019_03_01_18_31_43_918.jpg, /home/zubin/Desktop/Self-driving-car-simulation/Data/IMG/right_2019_03_01_18_31_43_918.jpg, 0.1982932, 1, 0, 30.18
/home/zubin/Desktop/Self-driving-car-simulation/Data/IMG/center_2019_03_01_18_31_44_033.jpg, /home/zubin/Desktop/Self-driving-car-simulation/Data/IMG/left_2019_03_01_18_31_44_033.jpg, /home/zubin/Desktop/Self-driving-car-simulation/Data/IMG/right_2019_03_01_18_31_44_033.jpg, 0, 1, 0, 30.19028
/home/zubin/Desktop/Self-driving-car-simulation/Data/IMG/center_2019_03_01_18_31_44_136.jpg, /home/zubin/Desktop/Self-driving-car-simulation/Data/IMG/left_2019_03_01_18_31_44_136.jpg, /home/zubin/Desktop/Self-driving-car-simulation/Data/IMG/right_2019_03_01_18_31_44_136.jpg, 0, 1, 0, 30.19027
/home/zubin/Desktop/Self-driving-car-simulation/Data/IMG/center_2019_03_01_18_31_44_248.jpg, /home/zubin/Desktop/Self-driving-car-simulation/Data/IMG/left_2019_03_01_18_31_44_248.jpg, /home/zubin/Desktop/Self-driving-car-simulation/Data/IMG/right_2019_03_01_18_31_44_248.jpg, 0.05553317, 1, 0, 30.1902
/home/zubin/Desktop/Self-driving-car-simulation/Data/IMG/center_2019_03_01_18_31_44_351.jpg, /home/zubin/Desktop/Self-driving-car-simulation/Data/IMG/left_2019_03_01_18_31_44_351.jpg, /home/zubin/Desktop/Self-driving-car-simulation/Data/IMG/right_2019_03_01_18_31_44_351.jpg, 0.351903, 1, 0, 30.16347
/home/zubin/Desktop/Self-driving-car-simulation/Data/IMG/center_2019_03_01_18_31_44_466.jpg, /home/zubin/Desktop/Self-driving-car-simulation/Data/IMG/left_2019_03_01_18_31_44_466.jpg, /home/zubin/Desktop/Self-driving-car-simulation/Data/IMG/right_2019_03_01_18_31_44_466.jpg, 0.6390753, 1, 0, 30.13187
/home/zubin/Desktop/Self-driving-car-simulation/Data/IMG/center_2019_03_01_18_31_44_567.jpg, /home/zubin/Desktop/Self-driving-car-simulation/Data/IMG/left_2019_03_01_18_31_44_567.jpg, /home/zubin/Desktop/Self-driving-car-simulation/Data/IMG/right_2019_03_01_18_31_44_567.jpg, 0.3355258, 1, 0, 30.19429
/home/zubin/Desktop/Self-driving-car-simulation/Data/IMG/center_2019_03_01_18_31_44_668.jpg, /home/zubin/Desktop/Self-driving-car-simulation/Data/IMG/left_2019_03_01_18_31_44_668.jpg, /home/zubin/Desktop/Self-driving-car-simulation/Data/IMG/right_2019_03_01_18_31_44_668.jpg, 0.03240037, 1, 0, 30.18572
/home/zubin/Desktop/Self-driving-car-simulation/Data/IMG/center_2019_03_01_18_31_44_783.jpg, /home/zubin/Desktop/Self-driving-car-simulation/Data/IMG/left_2019_03_01_18_31_44_783.jpg, /home/zubin/Desktop/Self-driving-car-simulation/Data/IMG/right_2019_03_01_18_31_44_783.jpg, 0, 1, 0, 30.18939
/home/zubin/Desktop/Self-driving-car-simulation/Data/IMG/center_2019_03_01_18_31_44_899.jpg, /home/zubin/Desktop/Self-driving-car-simulation/Data/IMG/left_2019_03_01_18_31_44_899.jpg, /home/zubin/Desktop/Self-driving-car-simulation/Data/IMG/right_2019_03_01_18_31_44_899.jpg, 0, 1, 0, 30.18968
/home/zubin/Desktop/Self-driving-car-simulation/Data/IMG/center_2019_03_01_18_31_45_002.jpg, /home/zubin/Desktop/Self-driving-car-simulation/Data/IMG/left_2019_03_01_18_31_45_002.jpg, /home/zubin/Desktop/Self-driving-car-simulation/Data/IMG/right_2019_03_01_18_31_45_002.jpg, 0, 1, 0, 30.19033
/home/zubin/Desktop/Self-driving-car-simulation/Data/IMG/center_2019_03_01_18_31_45_114.jpg, /home/zubin/Desktop/Self-driving-car-simulation/Data/IMG/left_2019_03_01_18_31_45_114.jpg, /home/zubin/Desktop/Self-driving-car-simulation/Data/IMG/right_2019_03_01_18_31_45_114.jpg, 0, 1, 0, 30.18973
/home/zubin/Desktop/Self-driving-car-simulation/Data/IMG/center_2019_03_01_18_31_45_214.jpg, /home/zubin/Desktop/Self-driving-car-simulation/Data/IMG/left_2019_03_01_18_31_45_214.jpg, /home/zubin/Desktop/Self-driving-car-simulation/Data/IMG/right_2019_03_01_18_31_45_214.jpg, 0, 1, 0, 30.19063
/home/zubin/Desktop/Self-driving-car-simulation/Data/IMG/center_2019_03_01_18_31_45_316.jpg, /home/zubin/Desktop/Self-driving-car-simulation/Data/IMG/left_2019_03_01_18_31_45_316.jpg, /home/zubin/Desktop/Self-driving-car-simulation/Data/IMG/right_2019_03_01_18_31_45_316.jpg, 0.05719185, 1, 0, 30.18952
/home/zubin/Desktop/Self-driving-car-simulation/Data/IMG/center_2019_03_01_18_31_45_432.jpg, /home/zubin/Desktop/Self-driving-car-simulation/Data/IMG/left_2019_03_01_18_31_45_432.jpg, /home/zubin/Desktop/Self-driving-car-simulation/Data/IMG/right_2019_03_01_18_31_45_432.jpg, 0.3559441, 1, 0, 30.16135
/home/zubin/Desktop/Self-driving-car-simulation/Data/IMG/center_2019_03_01_18_31_45_533.jpg, /home/zubin/Desktop/Self-driving-car-simulation/Data/IMG/left_2019_03_01_18_31_45_533.jpg, /home/zubin/Desktop/Self-driving-car-simulation/Data/IMG/right_2019_03_01_18_31_45_533.jpg, 0.1579857, 1, 0, 30.18817
/home/zubin/Desktop/Self-driving-car-simulation/Data/IMG/center_2019_03_01_18_31_45_650.jpg, /home/zubin/Desktop/Self-driving-car-simulation/Data/IMG/left_2019_03_01_18_31_45_650.jpg, /home/zubin/Desktop/Self-driving-car-simulation/Data/IMG/right_2019_03_01_18_31_45_650.jpg, 0.1574728, 1, 0, 30.18866
/home/zubin/Desktop/Self-driving-car-simulation/Data/IMG/center_2019_03_01_18_31_45_769.jpg, /home/zubin/Desktop/Self-driving-car-simulation/Data/IMG/left_2019_03_01_18_31_45_769.jpg, /home/zubin/Desktop/Self-driving-car-simulation/Data/IMG/right_2019_03_01_18_31_45_769.jpg, 0.5136509, 1, 0, 30.14552
/home/zubin/Desktop/Self-driving-car-simulation/Data/IMG/center_2019_03_01_18_31_45_883.jpg, /home/zubin/Desktop/Self-driving-car-simulation/Data/IMG/left_2019_03_01_18_31_45_883.jpg, /home/zubin/Desktop/Self-driving-car-simulation/Data/IMG/right_2019_03_01_18_31_45_883.jpg, 0.170841, 1, 0, 30.19612
/home/zubin/Desktop/Self-driving-car-simulation/Data/IMG/center_2019_03_01_18_31_46_000.jpg, /home/zubin/Desktop/Self-driving-car-simulation/Data/IMG/left_2019_03_01_18_31_46_000.jpg, /home/zubin/Desktop/Self-driving-car-simulation/Data/IMG/right_2019_03_01_18_31_46_000.jpg, 0.3077223, 1, 0, 30.18077
/home/zubin/Desktop/Self-driving-car-simulation/Data/IMG/center_2019_03_01_18_31_46_103.jpg, /home/zubin/Desktop/Self-driving-car-simulation/Data/IMG/left_2019_03_01_18_31_46_103.jpg, /home/zubin/Desktop/Self-driving-car-simulation/Data/IMG/right_2019_03_01_18_31_46_103.jpg, 0.3175528, 1, 0, 30.18866
/home/zubin/Desktop/Self-driving-car-simulation/Data/IMG/center_2019_03_01_18_31_46_217.jpg, /home/zubin/Desktop/Self-driving-car-simulation/Data/IMG/left_2019_03_01_18_31_46_217.jpg, /home/zubin/Desktop/Self-driving-car-simulation/Data/IMG/right_2019_03_01_18_31_46_217.jpg, 0.468147, 1, 0, 30.16541
/home/zubin/Desktop/Self-driving-car-simulation/Data/IMG/center_2019_03_01_18_31_46_317.jpg, /home/zubin/Desktop/Self-driving-car-simulation/Data/IMG/left_2019_03_01_18_31_46_317.jpg, /home/zubin/Desktop/Self-driving-car-simulation/Data/IMG/right_2019_03_01_18_31_46_317.jpg, 0.6690366, 1, 0, 30.13983
/home/zubin/Desktop/Self-driving-car-simulation/Data/IMG/center_2019_03_01_18_31_46_438.jpg, /home/zubin/Desktop/Self-driving-car-simulation/Data/IMG/left_2019_03_01_18_31_46_438.jpg, /home/zubin/Desktop/Self-driving-car-simulation/Data/IMG/right_2019_03_01_18_31_46_438.jpg, 0.4328706, 1, 0, 30.19151
/home/zubin/Desktop/Self-driving-car-simulation/Data/IMG/center_2019_03_01_18_31_46_551.jpg, /home/zubin/Desktop/Self-driving-car-simulation/Data/IMG/left_2019_03_01_18_31_46_551.jpg, /home/zubin/Desktop/Self-driving-car-simulation/Data/IMG/right_2019_03_01_18_31_46_551.jpg, 0.7293813, 1, 0, 30.14102
/home/zubin/Desktop/Self-driving-car-simulation/Data/IMG/center_2019_03_01_18_31_46_652.jpg, /home/zubin/Desktop/Self-driving-car-simulation/Data/IMG/left_2019_03_01_18_31_46_652.jpg, /home/zubin/Desktop/Self-driving-car-simulation/Data/IMG/right_2019_03_01_18_31_46_652.jpg, 0.7088521, 1, 0, 30.17173
/home/zubin/Desktop/Self-driving-car-simulation/Data/IMG/center_2019_03_01_18_31_46_769.jpg, /home/zubin/Desktop/Self-driving-car-simulation/Data/IMG/left_2019_03_01_18_31_46_769.jpg, /home/zubin/Desktop/Self-driving-car-simulation/Data/IMG/right_2019_03_01_18_31_46_769.jpg, 0.318783, 1, 0, 30.20545
/home/zubin/Desktop/Self-driving-car-simulation/Data/IMG/center_2019_03_01_18_31_46_869.jpg, /home/zubin/Desktop/Self-driving-car-simulation/Data/IMG/left_2019_03_01_18_31_46_869.jpg, /home/zubin/Desktop/Self-driving-car-simulation/Data/IMG/right_2019_03_01_18_31_46_869.jpg, 0.05878186, 1, 0, 30.1888
/home/zubin/Desktop/Self-driving-car-simulation/Data/IMG/center_2019_03_01_18_31_46_984.jpg, /home/zubin/Desktop/Self-driving-car-simulation/Data/IMG/left_2019_03_01_18_31_46_984.jpg, /home/zubin/Desktop/Self-driving-car-simulation/Data/IMG/right_2019_03_01_18_31_46_984.jpg, 0, 1, 0, 30.19334
/home/zubin/Desktop/Self-driving-car-simulation/Data/IMG/center_2019_03_01_18_31_47_086.jpg, /home/zubin/Desktop/Self-driving-car-simulation/Data/IMG/left_2019_03_01_18_31_47_086.jpg, /home/zubin/Desktop/Self-driving-car-simulation/Data/IMG/right_2019_03_01_18_31_47_086.jpg, 0, 1, 0, 30.18964
/home/zubin/Desktop/Self-driving-car-simulation/Data/IMG/center_2019_03_01_18_31_47_203.jpg, /home/zubin/Desktop/Self-driving-car-simulation/Data/IMG/left_2019_03_01_18_31_47_203.jpg, /home/zubin/Desktop/Self-driving-car-simulation/Data/IMG/right_2019_03_01_18_31_47_203.jpg, 0, 1, 0, 30.19042
/home/zubin/Desktop/Self-driving-car-simulation/Data/IMG/center_2019_03_01_18_31_47_318.jpg, /home/zubin/Desktop/Self-driving-car-simulation/Data/IMG/left_2019_03_01_18_31_47_318.jpg, /home/zubin/Desktop/Self-driving-car-simulation/Data/IMG/right_2019_03_01_18_31_47_318.jpg, -0.3456781, 1, 0, 30.16223
/home/zubin/Desktop/Self-driving-car-simulation/Data/IMG/center_2019_03_01_18_31_47_420.jpg, /home/zubin/Desktop/Self-driving-car-simulation/Data/IMG/left_2019_03_01_18_31_47_420.jpg, /home/zubin/Desktop/Self-driving-car-simulation/Data/IMG/right_2019_03_01_18_31_47_420.jpg, -0.041085, 1, 0, 30.18938
/home/zubin/Desktop/Self-driving-car-simulation/Data/IMG/center_2019_03_01_18_31_47_536.jpg, /home/zubin/Desktop/Self-driving-car-simulation/Data/IMG/left_2019_03_01_18_31_47_536.jpg, /home/zubin/Desktop/Self-driving-car-simulation/Data/IMG/right_2019_03_01_18_31_47_536.jpg, 0, 1, 0, 30.18923
/home/zubin/Desktop/Self-driving-car-simulation/Data/IMG/center_2019_03_01_18_31_47_652.jpg, /home/zubin/Desktop/Self-driving-car-simulation/Data/IMG/left_2019_03_01_18_31_47_652.jpg, /home/zubin/Desktop/Self-driving-car-simulation/Data/IMG/right_2019_03_01_18_31_47_652.jpg, 0, 1, 0, 30.18993
/home/zubin/Desktop/Self-driving-car-simulation/Data/IMG/center_2019_03_01_18_31_47_768.jpg, /home/zubin/Desktop/Self-driving-car-simulation/Data/IMG/left_2019_03_01_18_31_47_768.jpg, /home/zubin/Desktop/Self-driving-car-simulation/Data/IMG/right_2019_03_01_18_31_47_768.jpg, 0, 1, 0, 30.19058
/home/zubin/Desktop/Self-driving-car-simulation/Data/IMG/center_2019_03_01_18_31_47_883.jpg, /home/zubin/Desktop/Self-driving-car-simulation/Data/IMG/left_2019_03_01_18_31_47_883.jpg, /home/zubin/Desktop/Self-driving-car-simulation/Data/IMG/right_2019_03_01_18_31_47_883.jpg, 0, 1, 0, 30.19021
/home/zubin/Desktop/Self-driving-car-simulation/Data/IMG/center_2019_03_01_18_31_47_983.jpg, /home/zubin/Desktop/Self-driving-car-simulation/Data/IMG/left_2019_03_01_18_31_47_983.jpg, /home/zubin/Desktop/Self-driving-car-simulation/Data/IMG/right_2019_03_01_18_31_47_983.jpg, 0, 1, 0, 30.19025
/home/zubin/Desktop/Self-driving-car-simulation/Data/IMG/center_2019_03_01_18_31_48_087.jpg, /home/zubin/Desktop/Self-driving-car-simulation/Data/IMG/left_2019_03_01_18_31_48_087.jpg, /home/zubin/Desktop/Self-driving-car-simulation/Data/IMG/right_2019_03_01_18_31_48_087.jpg, -0.3105633, 1, 0, 30.16856
/home/zubin/Desktop/Self-driving-car-simulation/Data/IMG/center_2019_03_01_18_31_48_200.jpg, /home/zubin/Desktop/Self-driving-car-simulation/Data/IMG/left_2019_03_01_18_31_48_200.jpg, /home/zubin/Desktop/Self-driving-car-simulation/Data/IMG/right_2019_03_01_18_31_48_200.jpg, 0, 1, 0, 30.18911
/home/zubin/Desktop/Self-driving-car-simulation/Data/IMG/center_2019_03_01_18_31_48_318.jpg, /home/zubin/Desktop/Self-driving-car-simulation/Data/IMG/left_2019_03_01_18_31_48_318.jpg, /home/zubin/Desktop/Self-driving-car-simulation/Data/IMG/right_2019_03_01_18_31_48_318.jpg, 0, 1, 0, 30.19076
/home/zubin/Desktop/Self-driving-car-simulation/Data/IMG/center_2019_03_01_18_31_48_418.jpg, /home/zubin/Desktop/Self-driving-car-simulation/Data/IMG/left_2019_03_01_18_31_48_418.jpg, /home/zubin/Desktop/Self-driving-car-simulation/Data/IMG/right_2019_03_01_18_31_48_418.jpg, 0, 1, 0, 30.1907
/home/zubin/Desktop/Self-driving-car-simulation/Data/IMG/center_2019_03_01_18_31_48_536.jpg, /home/zubin/Desktop/Self-driving-car-simulation/Data/IMG/left_2019_03_01_18_31_48_536.jpg, /home/zubin/Desktop/Self-driving-car-simulation/Data/IMG/right_2019_03_01_18_31_48_536.jpg, 0, 1, 0, 30.19069
/home/zubin/Desktop/Self-driving-car-simulation/Data/IMG/center_2019_03_01_18_31_48_650.jpg, /home/zubin/Desktop/Self-driving-car-simulation/Data/IMG/left_2019_03_01_18_31_48_650.jpg, /home/zubin/Desktop/Self-driving-car-simulation/Data/IMG/right_2019_03_01_18_31_48_650.jpg, 0, 1, 0, 30.19117
/home/zubin/Desktop/Self-driving-car-simulation/Data/IMG/center_2019_03_01_18_31_48_751.jpg, /home/zubin/Desktop/Self-driving-car-simulation/Data/IMG/left_2019_03_01_18_31_48_751.jpg, /home/zubin/Desktop/Self-driving-car-simulation/Data/IMG/right_2019_03_01_18_31_48_751.jpg, 0.2248592, 1, 0, 30.17779
/home/zubin/Desktop/Self-driving-car-simulation/Data/IMG/center_2019_03_01_18_31_48_867.jpg, /home/zubin/Desktop/Self-driving-car-simulation/Data/IMG/left_2019_03_01_18_31_48_867.jpg, /home/zubin/Desktop/Self-driving-car-simulation/Data/IMG/right_2019_03_01_18_31_48_867.jpg, 0, 1, 0, 30.1906
/home/zubin/Desktop/Self-driving-car-simulation/Data/IMG/center_2019_03_01_18_31_48_969.jpg, /home/zubin/Desktop/Self-driving-car-simulation/Data/IMG/left_2019_03_01_18_31_48_969.jpg, /home/zubin/Desktop/Self-driving-car-simulation/Data/IMG/right_2019_03_01_18_31_48_969.jpg, 0, 1, 0, 30.19014
/home/zubin/Desktop/Self-driving-car-simulation/Data/IMG/center_2019_03_01_18_31_49_083.jpg, /home/zubin/Desktop/Self-driving-car-simulation/Data/IMG/left_2019_03_01_18_31_49_083.jpg, /home/zubin/Desktop/Self-driving-car-simulation/Data/IMG/right_2019_03_01_18_31_49_083.jpg, 0, 1, 0, 30.19045
/home/zubin/Desktop/Self-driving-car-simulation/Data/IMG/center_2019_03_01_18_31_49_183.jpg, /home/zubin/Desktop/Self-driving-car-simulation/Data/IMG/left_2019_03_01_18_31_49_183.jpg, /home/zubin/Desktop/Self-driving-car-simulation/Data/IMG/right_2019_03_01_18_31_49_183.jpg, 0, 1, 0, 30.18987
/home/zubin/Desktop/Self-driving-car-simulation/Data/IMG/center_2019_03_01_18_31_49_301.jpg, /home/zubin/Desktop/Self-driving-car-simulation/Data/IMG/left_2019_03_01_18_31_49_301.jpg, /home/zubin/Desktop/Self-driving-car-simulation/Data/IMG/right_2019_03_01_18_31_49_301.jpg, 0, 1, 0, 30.19029
/home/zubin/Desktop/Self-driving-car-simulation/Data/IMG/center_2019_03_01_18_31_49_418.jpg, /home/zubin/Desktop/Self-driving-car-simulation/Data/IMG/left_2019_03_01_18_31_49_418.jpg, /home/zubin/Desktop/Self-driving-car-simulation/Data/IMG/right_2019_03_01_18_31_49_418.jpg, 0, 1, 0, 30.19034
/home/zubin/Desktop/Self-driving-car-simulation/Data/IMG/center_2019_03_01_18_31_49_532.jpg, /home/zubin/Desktop/Self-driving-car-simulation/Data/IMG/left_2019_03_01_18_31_49_532.jpg, /home/zubin/Desktop/Self-driving-car-simulation/Data/IMG/right_2019_03_01_18_31_49_532.jpg, 0, 1, 0, 30.1903
/home/zubin/Desktop/Self-driving-car-simulation/Data/IMG/center_2019_03_01_18_31_49_647.jpg, /home/zubin/Desktop/Self-driving-car-simulation/Data/IMG/left_2019_03_01_18_31_49_647.jpg, /home/zubin/Desktop/Self-driving-car-simulation/Data/IMG/right_2019_03_01_18_31_49_647.jpg, 0, 1, 0, 30.19029
/home/zubin/Desktop/Self-driving-car-simulation/Data/IMG/center_2019_03_01_18_31_49_751.jpg, /home/zubin/Desktop/Self-driving-car-simulation/Data/IMG/left_2019_03_01_18_31_49_751.jpg, /home/zubin/Desktop/Self-driving-car-simulation/Data/IMG/right_2019_03_01_18_31_49_751.jpg, 0, 1, 0, 30.19032
/home/zubin/Desktop/Self-driving-car-simulation/Data/IMG/center_2019_03_01_18_31_49_865.jpg, /home/zubin/Desktop/Self-driving-car-simulation/Data/IMG/left_2019_03_01_18_31_49_865.jpg, /home/zubin/Desktop/Self-driving-car-simulation/Data/IMG/right_2019_03_01_18_31_49_865.jpg, 0, 1, 0, 30.19029
/home/zubin/Desktop/Self-driving-car-simulation/Data/IMG/center_2019_03_01_18_31_49_966.jpg, /home/zubin/Desktop/Self-driving-car-simulation/Data/IMG/left_2019_03_01_18_31_49_966.jpg, /home/zubin/Desktop/Self-driving-car-simulation/Data/IMG/right_2019_03_01_18_31_49_966.jpg, 0.2088182, 1, 0, 30.17791
/home/zubin/Desktop/Self-driving-car-simulation/Data/IMG/center_2019_03_01_18_31_50_082.jpg, /home/zubin/Desktop/Self-driving-car-simulation/Data/IMG/left_2019_03_01_18_31_50_082.jpg, /home/zubin/Desktop/Self-driving-car-simulation/Data/IMG/right_2019_03_01_18_31_50_082.jpg, 0.05417919, 1, 0, 30.19069
/home/zubin/Desktop/Self-driving-car-simulation/Data/IMG/center_2019_03_01_18_31_50_202.jpg, /home/zubin/Desktop/Self-driving-car-simulation/Data/IMG/left_2019_03_01_18_31_50_202.jpg, /home/zubin/Desktop/Self-driving-car-simulation/Data/IMG/right_2019_03_01_18_31_50_202.jpg, 0, 1, 0, 30.19
/home/zubin/Desktop/Self-driving-car-simulation/Data/IMG/center_2019_03_01_18_31_50_314.jpg, /home/zubin/Desktop/Self-driving-car-simulation/Data/IMG/left_2019_03_01_18_31_50_314.jpg, /home/zubin/Desktop/Self-driving-car-simulation/Data/IMG/right_2019_03_01_18_31_50_314.jpg, 0, 1, 0, 30.19029
/home/zubin/Desktop/Self-driving-car-simulation/Data/IMG/center_2019_03_01_18_31_50_415.jpg, /home/zubin/Desktop/Self-driving-car-simulation/Data/IMG/left_2019_03_01_18_31_50_415.jpg, /home/zubin/Desktop/Self-driving-car-simulation/Data/IMG/right_2019_03_01_18_31_50_415.jpg, 0, 1, 0, 30.19028
/home/zubin/Desktop/Self-driving-car-simulation/Data/IMG/center_2019_03_01_18_31_50_531.jpg, /home/zubin/Desktop/Self-driving-car-simulation/Data/IMG/left_2019_03_01_18_31_50_531.jpg, /home/zubin/Desktop/Self-driving-car-simulation/Data/IMG/right_2019_03_01_18_31_50_531.jpg, 0, 1, 0, 30.19031
/home/zubin/Desktop/Self-driving-car-simulation/Data/IMG/center_2019_03_01_18_31_50_649.jpg, /home/zubin/Desktop/Self-driving-car-simulation/Data/IMG/left_2019_03_01_18_31_50_649.jpg, /home/zubin/Desktop/Self-driving-car-simulation/Data/IMG/right_2019_03_01_18_31_50_649.jpg, 0, 1, 0, 30.19024
/home/zubin/Desktop/Self-driving-car-simulation/Data/IMG/center_2019_03_01_18_31_50_762.jpg, /home/zubin/Desktop/Self-driving-car-simulation/Data/IMG/left_2019_03_01_18_31_50_762.jpg, /home/zubin/Desktop/Self-driving-car-simulation/Data/IMG/right_2019_03_01_18_31_50_762.jpg, 0, 1, 0, 30.19016
/home/zubin/Desktop/Self-driving-car-simulation/Data/IMG/center_2019_03_01_18_31_50_865.jpg, /home/zubin/Desktop/Self-driving-car-simulation/Data/IMG/left_2019_03_01_18_31_50_865.jpg, /home/zubin/Desktop/Self-driving-car-simulation/Data/IMG/right_2019_03_01_18_31_50_865.jpg, 0, 1, 0, 30.19014
/home/zubin/Desktop/Self-driving-car-simulation/Data/IMG/center_2019_03_01_18_31_50_980.jpg, /home/zubin/Desktop/Self-driving-car-simulation/Data/IMG/left_2019_03_01_18_31_50_980.jpg, /home/zubin/Desktop/Self-driving-car-simulation/Data/IMG/right_2019_03_01_18_31_50_980.jpg, 0, 1, 0, 30.19013
/home/zubin/Desktop/Self-driving-car-simulation/Data/IMG/center_2019_03_01_18_31_51_097.jpg, /home/zubin/Desktop/Self-driving-car-simulation/Data/IMG/left_2019_03_01_18_31_51_097.jpg, /home/zubin/Desktop/Self-driving-car-simulation/Data/IMG/right_2019_03_01_18_31_51_097.jpg, 0, 1, 0, 30.19021
/home/zubin/Desktop/Self-driving-car-simulation/Data/IMG/center_2019_03_01_18_31_51_213.jpg, /home/zubin/Desktop/Self-driving-car-simulation/Data/IMG/left_2019_03_01_18_31_51_213.jpg, /home/zubin/Desktop/Self-driving-car-simulation/Data/IMG/right_2019_03_01_18_31_51_213.jpg, 0, 1, 0, 30.19023
/home/zubin/Desktop/Self-driving-car-simulation/Data/IMG/center_2019_03_01_18_31_51_329.jpg, /home/zubin/Desktop/Self-driving-car-simulation/Data/IMG/left_2019_03_01_18_31_51_329.jpg, /home/zubin/Desktop/Self-driving-car-simulation/Data/IMG/right_2019_03_01_18_31_51_329.jpg, 0, 1, 0, 30.19023
/home/zubin/Desktop/Self-driving-car-simulation/Data/IMG/center_2019_03_01_18_31_51_430.jpg, /home/zubin/Desktop/Self-driving-car-simulation/Data/IMG/left_2019_03_01_18_31_51_430.jpg, /home/zubin/Desktop/Self-driving-car-simulation/Data/IMG/right_2019_03_01_18_31_51_430.jpg, 0, 1, 0, 30.19032
/home/zubin/Desktop/Self-driving-car-simulation/Data/IMG/center_2019_03_01_18_31_51_543.jpg, /home/zubin/Desktop/Self-driving-car-simulation/Data/IMG/left_2019_03_01_18_31_51_543.jpg, /home/zubin/Desktop/Self-driving-car-simulation/Data/IMG/right_2019_03_01_18_31_51_543.jpg, 0, 1, 0, 30.19025
/home/zubin/Desktop/Self-driving-car-simulation/Data/IMG/center_2019_03_01_18_31_51_645.jpg, /home/zubin/Desktop/Self-driving-car-simulation/Data/IMG/left_2019_03_01_18_31_51_645.jpg, /home/zubin/Desktop/Self-driving-car-simulation/Data/IMG/right_2019_03_01_18_31_51_645.jpg, 0, 1, 0, 30.19028
/home/zubin/Desktop/Self-driving-car-simulation/Data/IMG/center_2019_03_01_18_31_51_761.jpg, /home/zubin/Desktop/Self-driving-car-simulation/Data/IMG/left_2019_03_01_18_31_51_761.jpg, /home/zubin/Desktop/Self-driving-car-simulation/Data/IMG/right_2019_03_01_18_31_51_761.jpg, 0, 1, 0, 30.19024
/home/zubin/Desktop/Self-driving-car-simulation/Data/IMG/center_2019_03_01_18_31_51_861.jpg, /home/zubin/Desktop/Self-driving-car-simulation/Data/IMG/left_2019_03_01_18_31_51_861.jpg, /home/zubin/Desktop/Self-driving-car-simulation/Data/IMG/right_2019_03_01_18_31_51_861.jpg, 0, 1, 0, 30.19043
/home/zubin/Desktop/Self-driving-car-simulation/Data/IMG/center_2019_03_01_18_31_51_980.jpg, /home/zubin/Desktop/Self-driving-car-simulation/Data/IMG/left_2019_03_01_18_31_51_980.jpg, /home/zubin/Desktop/Self-driving-car-simulation/Data/IMG/right_2019_03_01_18_31_51_980.jpg, 0, 1, 0, 30.19038
/home/zubin/Desktop/Self-driving-car-simulation/Data/IMG/center_2019_03_01_18_31_52_095.jpg, /home/zubin/Desktop/Self-driving-car-simulation/Data/IMG/left_2019_03_01_18_31_52_095.jpg, /home/zubin/Desktop/Self-driving-car-simulation/Data/IMG/right_2019_03_01_18_31_52_095.jpg, 0, 1, 0, 30.19043
/home/zubin/Desktop/Self-driving-car-simulation/Data/IMG/center_2019_03_01_18_31_52_211.jpg, /home/zubin/Desktop/Self-driving-car-simulation/Data/IMG/left_2019_03_01_18_31_52_211.jpg, /home/zubin/Desktop/Self-driving-car-simulation/Data/IMG/right_2019_03_01_18_31_52_211.jpg, 0, 1, 0, 30.19037
/home/zubin/Desktop/Self-driving-car-simulation/Data/IMG/center_2019_03_01_18_31_52_312.jpg, /home/zubin/Desktop/Self-driving-car-simulation/Data/IMG/left_2019_03_01_18_31_52_312.jpg, /home/zubin/Desktop/Self-driving-car-simulation/Data/IMG/right_2019_03_01_18_31_52_312.jpg, -0.1600678, 1, 0, 30.18324
/home/zubin/Desktop/Self-driving-car-simulation/Data/IMG/center_2019_03_01_18_31_52_427.jpg, /home/zubin/Desktop/Self-driving-car-simulation/Data/IMG/left_2019_03_01_18_31_52_427.jpg, /home/zubin/Desktop/Self-driving-car-simulation/Data/IMG/right_2019_03_01_18_31_52_427.jpg, -0.08985329, 1, 0, 30.19085
/home/zubin/Desktop/Self-driving-car-simulation/Data/IMG/center_2019_03_01_18_31_52_544.jpg, /home/zubin/Desktop/Self-driving-car-simulation/Data/IMG/left_2019_03_01_18_31_52_544.jpg, /home/zubin/Desktop/Self-driving-car-simulation/Data/IMG/right_2019_03_01_18_31_52_544.jpg, 0, 1, 0, 30.19004
/home/zubin/Desktop/Self-driving-car-simulation/Data/IMG/center_2019_03_01_18_31_52_659.jpg, /home/zubin/Desktop/Self-driving-car-simulation/Data/IMG/left_2019_03_01_18_31_52_659.jpg, /home/zubin/Desktop/Self-driving-car-simulation/Data/IMG/right_2019_03_01_18_31_52_659.jpg, 0, 1, 0, 30.19063
/home/zubin/Desktop/Self-driving-car-simulation/Data/IMG/center_2019_03_01_18_31_52_760.jpg, /home/zubin/Desktop/Self-driving-car-simulation/Data/IMG/left_2019_03_01_18_31_52_760.jpg, /home/zubin/Desktop/Self-driving-car-simulation/Data/IMG/right_2019_03_01_18_31_52_760.jpg, 0, 1, 0, 30.19039
/home/zubin/Desktop/Self-driving-car-simulation/Data/IMG/center_2019_03_01_18_31_52_874.jpg, /home/zubin/Desktop/Self-driving-car-simulation/Data/IMG/left_2019_03_01_18_31_52_874.jpg, /home/zubin/Desktop/Self-driving-car-simulation/Data/IMG/right_2019_03_01_18_31_52_874.jpg, 0, 1, 0, 30.19032
/home/zubin/Desktop/Self-driving-car-simulation/Data/IMG/center_2019_03_01_18_31_52_975.jpg, /home/zubin/Desktop/Self-driving-car-simulation/Data/IMG/left_2019_03_01_18_31_52_975.jpg, /home/zubin/Desktop/Self-driving-car-simulation/Data/IMG/right_2019_03_01_18_31_52_975.jpg, 0, 1, 0, 30.19032
/home/zubin/Desktop/Self-driving-car-simulation/Data/IMG/center_2019_03_01_18_31_53_093.jpg, /home/zubin/Desktop/Self-driving-car-simulation/Data/IMG/left_2019_03_01_18_31_53_093.jpg, /home/zubin/Desktop/Self-driving-car-simulation/Data/IMG/right_2019_03_01_18_31_53_093.jpg, 0, 1, 0, 30.19081
/home/zubin/Desktop/Self-driving-car-simulation/Data/IMG/center_2019_03_01_18_31_53_208.jpg, /home/zubin/Desktop/Self-driving-car-simulation/Data/IMG/left_2019_03_01_18_31_53_208.jpg, /home/zubin/Desktop/Self-driving-car-simulation/Data/IMG/right_2019_03_01_18_31_53_208.jpg, -0.24597, 1, 0, 30.17582
/home/zubin/Desktop/Self-driving-car-simulation/Data/IMG/center_2019_03_01_18_31_53_309.jpg, /home/zubin/Desktop/Self-driving-car-simulation/Data/IMG/left_2019_03_01_18_31_53_309.jpg, /home/zubin/Desktop/Self-driving-car-simulation/Data/IMG/right_2019_03_01_18_31_53_309.jpg, 0, 1, 0, 30.1899
/home/zubin/Desktop/Self-driving-car-simulation/Data/IMG/center_2019_03_01_18_31_53_426.jpg, /home/zubin/Desktop/Self-driving-car-simulation/Data/IMG/left_2019_03_01_18_31_53_426.jpg, /home/zubin/Desktop/Self-driving-car-simulation/Data/IMG/right_2019_03_01_18_31_53_426.jpg, 0, 1, 0, 30.19017
/home/zubin/Desktop/Self-driving-car-simulation/Data/IMG/center_2019_03_01_18_31_53_541.jpg, /home/zubin/Desktop/Self-driving-car-simulation/Data/IMG/left_2019_03_01_18_31_53_541.jpg, /home/zubin/Desktop/Self-driving-car-simulation/Data/IMG/right_2019_03_01_18_31_53_541.jpg, -0.1944301, 1, 0, 30.18136
/home/zubin/Desktop/Self-driving-car-simulation/Data/IMG/center_2019_03_01_18_31_53_642.jpg, /home/zubin/Desktop/Self-driving-car-simulation/Data/IMG/left_2019_03_01_18_31_53_642.jpg, /home/zubin/Desktop/Self-driving-car-simulation/Data/IMG/right_2019_03_01_18_31_53_642.jpg, -0.1772282, 1, 0, 30.18968
/home/zubin/Desktop/Self-driving-car-simulation/Data/IMG/center_2019_03_01_18_31_53_756.jpg, /home/zubin/Desktop/Self-driving-car-simulation/Data/IMG/left_2019_03_01_18_31_53_756.jpg, /home/zubin/Desktop/Self-driving-car-simulation/Data/IMG/right_2019_03_01_18_31_53_756.jpg, -0.2299797, 1, 0, 30.18432
/home/zubin/Desktop/Self-driving-car-simulation/Data/IMG/center_2019_03_01_18_31_53_856.jpg, /home/zubin/Desktop/Self-driving-car-simulation/Data/IMG/left_2019_03_01_18_31_53_856.jpg, /home/zubin/Desktop/Self-driving-car-simulation/Data/IMG/right_2019_03_01_18_31_53_856.jpg, -0.2326706, 1, 0, 30.1888
/home/zubin/Desktop/Self-driving-car-simulation/Data/IMG/center_2019_03_01_18_31_53_956.jpg, /home/zubin/Desktop/Self-driving-car-simulation/Data/IMG/left_2019_03_01_18_31_53_956.jpg, /home/zubin/Desktop/Self-driving-car-simulation/Data/IMG/right_2019_03_01_18_31_53_956.jpg, -0.127671, 1, 0, 30.19149
/home/zubin/Desktop/Self-driving-car-simulation/Data/IMG/center_2019_03_01_18_31_54_057.jpg, /home/zubin/Desktop/Self-driving-car-simulation/Data/IMG/left_2019_03_01_18_31_54_057.jpg, /home/zubin/Desktop/Self-driving-car-simulation/Data/IMG/right_2019_03_01_18_31_54_057.jpg, -0.1173363, 1, 0, 30.19241
/home/zubin/Desktop/Self-driving-car-simulation/Data/IMG/center_2019_03_01_18_31_54_158.jpg, /home/zubin/Desktop/Self-driving-car-simulation/Data/IMG/left_2019_03_01_18_31_54_158.jpg, /home/zubin/Desktop/Self-driving-car-simulation/Data/IMG/right_2019_03_01_18_31_54_158.jpg, 0, 1, 0, 30.19038
/home/zubin/Desktop/Self-driving-car-simulation/Data/IMG/center_2019_03_01_18_31_54_258.jpg, /home/zubin/Desktop/Self-driving-car-simulation/Data/IMG/left_2019_03_01_18_31_54_258.jpg, /home/zubin/Desktop/Self-driving-car-simulation/Data/IMG/right_2019_03_01_18_31_54_258.jpg, 0, 1, 0, 30.19062
/home/zubin/Desktop/Self-driving-car-simulation/Data/IMG/center_2019_03_01_18_31_54_359.jpg, /home/zubin/Desktop/Self-driving-car-simulation/Data/IMG/left_2019_03_01_18_31_54_359.jpg, /home/zubin/Desktop/Self-driving-car-simulation/Data/IMG/right_2019_03_01_18_31_54_359.jpg, 0, 1, 0, 30.1891
/home/zubin/Desktop/Self-driving-car-simulation/Data/IMG/center_2019_03_01_18_31_54_476.jpg, /home/zubin/Desktop/Self-driving-car-simulation/Data/IMG/left_2019_03_01_18_31_54_476.jpg, /home/zubin/Desktop/Self-driving-car-simulation/Data/IMG/right_2019_03_01_18_31_54_476.jpg, 0, 1, 0, 30.19042
/home/zubin/Desktop/Self-driving-car-simulation/Data/IMG/center_2019_03_01_18_31_54_589.jpg, /home/zubin/Desktop/Self-driving-car-simulation/Data/IMG/left_2019_03_01_18_31_54_589.jpg, /home/zubin/Desktop/Self-driving-car-simulation/Data/IMG/right_2019_03_01_18_31_54_589.jpg, -0.3411512, 1, 0, 30.16193
/home/zubin/Desktop/Self-driving-car-simulation/Data/IMG/center_2019_03_01_18_31_54_691.jpg, /home/zubin/Desktop/Self-driving-car-simulation/Data/IMG/left_2019_03_01_18_31_54_691.jpg, /home/zubin/Desktop/Self-driving-car-simulation/Data/IMG/right_2019_03_01_18_31_54_691.jpg, -0.08893204, 1, 0, 30.19112
/home/zubin/Desktop/Self-driving-car-simulation/Data/IMG/center_2019_03_01_18_31_54_807.jpg, /home/zubin/Desktop/Self-driving-car-simulation/Data/IMG/left_2019_03_01_18_31_54_807.jpg, /home/zubin/Desktop/Self-driving-car-simulation/Data/IMG/right_2019_03_01_18_31_54_807.jpg, -0.3845315, 1, 0, 30.16525
/home/zubin/Desktop/Self-driving-car-simulation/Data/IMG/center_2019_03_01_18_31_54_922.jpg, /home/zubin/Desktop/Self-driving-car-simulation/Data/IMG/left_2019_03_01_18_31_54_922.jpg, /home/zubin/Desktop/Self-driving-car-simulation/Data/IMG/right_2019_03_01_18_31_54_922.jpg, -0.03818107, 1, 0, 30.19076
/home/zubin/Desktop/Self-driving-car-simulation/Data/IMG/center_2019_03_01_18_31_55_039.jpg, /home/zubin/Desktop/Self-driving-car-simulation/Data/IMG/left_2019_03_01_18_31_55_039.jpg, /home/zubin/Desktop/Self-driving-car-simulation/Data/IMG/right_2019_03_01_18_31_55_039.jpg, -0.244719, 1, 0, 30.18125
/home/zubin/Desktop/Self-driving-car-simulation/Data/IMG/center_2019_03_01_18_31_55_155.jpg, /home/zubin/Desktop/Self-driving-car-simulation/Data/IMG/left_2019_03_01_18_31_55_155.jpg, /home/zubin/Desktop/Self-driving-car-simulation/Data/IMG/right_2019_03_01_18_31_55_155.jpg, 0, 1, 0, 30.19068
/home/zubin/Desktop/Self-driving-car-simulation/Data/IMG/center_2019_03_01_18_31_55_256.jpg, /home/zubin/Desktop/Self-driving-car-simulation/Data/IMG/left_2019_03_01_18_31_55_256.jpg, /home/zubin/Desktop/Self-driving-car-simulation/Data/IMG/right_2019_03_01_18_31_55_256.jpg, -0.207186, 1, 0, 30.18368
/home/zubin/Desktop/Self-driving-car-simulation/Data/IMG/center_2019_03_01_18_31_55_373.jpg, /home/zubin/Desktop/Self-driving-car-simulation/Data/IMG/left_2019_03_01_18_31_55_373.jpg, /home/zubin/Desktop/Self-driving-car-simulation/Data/IMG/right_2019_03_01_18_31_55_373.jpg, 0, 1, 0, 30.18783
/home/zubin/Desktop/Self-driving-car-simulation/Data/IMG/center_2019_03_01_18_31_55_489.jpg, /home/zubin/Desktop/Self-driving-car-simulation/Data/IMG/left_2019_03_01_18_31_55_489.jpg, /home/zubin/Desktop/Self-driving-car-simulation/Data/IMG/right_2019_03_01_18_31_55_489.jpg, -0.1551604, 1, 0, 30.18636
/home/zubin/Desktop/Self-driving-car-simulation/Data/IMG/center_2019_03_01_18_31_55_590.jpg, /home/zubin/Desktop/Self-driving-car-simulation/Data/IMG/left_2019_03_01_18_31_55_590.jpg, /home/zubin/Desktop/Self-driving-car-simulation/Data/IMG/right_2019_03_01_18_31_55_590.jpg, -0.106842, 1, 0, 30.18897
/home/zubin/Desktop/Self-driving-car-simulation/Data/IMG/center_2019_03_01_18_31_55_706.jpg, /home/zubin/Desktop/Self-driving-car-simulation/Data/IMG/left_2019_03_01_18_31_55_706.jpg, /home/zubin/Desktop/Self-driving-car-simulation/Data/IMG/right_2019_03_01_18_31_55_706.jpg, -0.2502959, 1, 0, 30.18284
/home/zubin/Desktop/Self-driving-car-simulation/Data/IMG/center_2019_03_01_18_31_55_806.jpg, /home/zubin/Desktop/Self-driving-car-simulation/Data/IMG/left_2019_03_01_18_31_55_806.jpg, /home/zubin/Desktop/Self-driving-car-simulation/Data/IMG/right_2019_03_01_18_31_55_806.jpg, 0, 1, 0, 30.18765
/home/zubin/Desktop/Self-driving-car-simulation/Data/IMG/center_2019_03_01_18_31_55_922.jpg, /home/zubin/Desktop/Self-driving-car-simulation/Data/IMG/left_2019_03_01_18_31_55_922.jpg, /home/zubin/Desktop/Self-driving-car-simulation/Data/IMG/right_2019_03_01_18_31_55_922.jpg, -0.2041834, 1, 0, 30.18316
/home/zubin/Desktop/Self-driving-car-simulation/Data/IMG/center_2019_03_01_18_31_56_039.jpg, /home/zubin/Desktop/Self-driving-car-simulation/Data/IMG/left_2019_03_01_18_31_56_039.jpg, /home/zubin/Desktop/Self-driving-car-simulation/Data/IMG/right_2019_03_01_18_31_56_039.jpg, -0.08433294, 1, 0, 30.19149
/home/zubin/Desktop/Self-driving-car-simulation/Data/IMG/center_2019_03_01_18_31_56_156.jpg, /home/zubin/Desktop/Self-driving-car-simulation/Data/IMG/left_2019_03_01_18_31_56_156.jpg, /home/zubin/Desktop/Self-driving-car-simulation/Data/IMG/right_2019_03_01_18_31_56_156.jpg, -0.4347246, 1, 0, 30.16158
/home/zubin/Desktop/Self-driving-car-simulation/Data/IMG/center_2019_03_01_18_31_56_273.jpg, /home/zubin/Desktop/Self-driving-car-simulation/Data/IMG/left_2019_03_01_18_31_56_273.jpg, /home/zubin/Desktop/Self-driving-car-simulation/Data/IMG/right_2019_03_01_18_31_56_273.jpg, -0.1400707, 1, 0, 30.19268
/home/zubin/Desktop/Self-driving-car-simulation/Data/IMG/center_2019_03_01_18_31_56_388.jpg, /home/zubin/Desktop/Self-driving-car-simulation/Data/IMG/left_2019_03_01_18_31_56_388.jpg, /home/zubin/Desktop/Self-driving-car-simulation/Data/IMG/right_2019_03_01_18_31_56_388.jpg, -0.4293487, 1, 0, 30.16692
/home/zubin/Desktop/Self-driving-car-simulation/Data/IMG/center_2019_03_01_18_31_56_489.jpg, /home/zubin/Desktop/Self-driving-car-simulation/Data/IMG/left_2019_03_01_18_31_56_489.jpg, /home/zubin/Desktop/Self-driving-car-simulation/Data/IMG/right_2019_03_01_18_31_56_489.jpg, -0.1718974, 1, 0, 30.19322
/home/zubin/Desktop/Self-driving-car-simulation/Data/IMG/center_2019_03_01_18_31_56_608.jpg, /home/zubin/Desktop/Self-driving-car-simulation/Data/IMG/left_2019_03_01_18_31_56_608.jpg, /home/zubin/Desktop/Self-driving-car-simulation/Data/IMG/right_2019_03_01_18_31_56_608.jpg, -0.3612664, 1, 0, 30.1754
/home/zubin/Desktop/Self-driving-car-simulation/Data/IMG/center_2019_03_01_18_31_56_722.jpg, /home/zubin/Desktop/Self-driving-car-simulation/Data/IMG/left_2019_03_01_18_31_56_722.jpg, /home/zubin/Desktop/Self-driving-car-simulation/Data/IMG/right_2019_03_01_18_31_56_722.jpg, -0.01731062, 1, 0, 30.19044
/home/zubin/Desktop/Self-driving-car-simulation/Data/IMG/center_2019_03_01_18_31_56_823.jpg, /home/zubin/Desktop/Self-driving-car-simulation/Data/IMG/left_2019_03_01_18_31_56_823.jpg, /home/zubin/Desktop/Self-driving-car-simulation/Data/IMG/right_2019_03_01_18_31_56_823.jpg, -0.2137527, 1, 0, 30.18587
/home/zubin/Desktop/Self-driving-car-simulation/Data/IMG/center_2019_03_01_18_31_56_941.jpg, /home/zubin/Desktop/Self-driving-car-simulation/Data/IMG/left_2019_03_01_18_31_56_941.jpg, /home/zubin/Desktop/Self-driving-car-simulation/Data/IMG/right_2019_03_01_18_31_56_941.jpg, -0.1022787, 1, 0, 30.19061
/home/zubin/Desktop/Self-driving-car-simulation/Data/IMG/center_2019_03_01_18_31_57_054.jpg, /home/zubin/Desktop/Self-driving-car-simulation/Data/IMG/left_2019_03_01_18_31_57_054.jpg, /home/zubin/Desktop/Self-driving-car-simulation/Data/IMG/right_2019_03_01_18_31_57_054.jpg, -0.02048349, 1, 0, 30.19
/home/zubin/Desktop/Self-driving-car-simulation/Data/IMG/center_2019_03_01_18_31_57_156.jpg, /home/zubin/Desktop/Self-driving-car-simulation/Data/IMG/left_2019_03_01_18_31_57_156.jpg, /home/zubin/Desktop/Self-driving-car-simulation/Data/IMG/right_2019_03_01_18_31_57_156.jpg, -0.1725304, 1, 0, 30.18607
/home/zubin/Desktop/Self-driving-car-simulation/Data/IMG/center_2019_03_01_18_31_57_271.jpg, /home/zubin/Desktop/Self-driving-car-simulation/Data/IMG/left_2019_03_01_18_31_57_271.jpg, /home/zubin/Desktop/Self-driving-car-simulation/Data/IMG/right_2019_03_01_18_31_57_271.jpg, 0, 1, 0, 30.19008
/home/zubin/Desktop/Self-driving-car-simulation/Data/IMG/center_2019_03_01_18_31_57_372.jpg, /home/zubin/Desktop/Self-driving-car-simulation/Data/IMG/left_2019_03_01_18_31_57_372.jpg, /home/zubin/Desktop/Self-driving-car-simulation/Data/IMG/right_2019_03_01_18_31_57_372.jpg, -0.249861, 1, 0, 30.18011
/home/zubin/Desktop/Self-driving-car-simulation/Data/IMG/center_2019_03_01_18_31_57_473.jpg, /home/zubin/Desktop/Self-driving-car-simulation/Data/IMG/left_2019_03_01_18_31_57_473.jpg, /home/zubin/Desktop/Self-driving-car-simulation/Data/IMG/right_2019_03_01_18_31_57_473.jpg, -0.3261273, 1, 0, 30.18135
/home/zubin/Desktop/Self-driving-car-simulation/Data/IMG/center_2019_03_01_18_31_57_575.jpg, /home/zubin/Desktop/Self-driving-car-simulation/Data/IMG/left_2019_03_01_18_31_57_575.jpg, /home/zubin/Desktop/Self-driving-car-simulation/Data/IMG/right_2019_03_01_18_31_57_575.jpg, -0.1865845, 1, 0, 30.19144
/home/zubin/Desktop/Self-driving-car-simulation/Data/IMG/center_2019_03_01_18_31_57_691.jpg, /home/zubin/Desktop/Self-driving-car-simulation/Data/IMG/left_2019_03_01_18_31_57_691.jpg, /home/zubin/Desktop/Self-driving-car-simulation/Data/IMG/right_2019_03_01_18_31_57_691.jpg, -0.2258513, 1, 0, 30.19024
/home/zubin/Desktop/Self-driving-car-simulation/Data/IMG/center_2019_03_01_18_31_57_805.jpg, /home/zubin/Desktop/Self-driving-car-simulation/Data/IMG/left_2019_03_01_18_31_57_805.jpg, /home/zubin/Desktop/Self-driving-car-simulation/Data/IMG/right_2019_03_01_18_31_57_805.jpg, -0.0983305, 1, 0, 30.19144
/home/zubin/Desktop/Self-driving-car-simulation/Data/IMG/center_2019_03_01_18_31_57_922.jpg, /home/zubin/Desktop/Self-driving-car-simulation/Data/IMG/left_2019_03_01_18_31_57_922.jpg, /home/zubin/Desktop/Self-driving-car-simulation/Data/IMG/right_2019_03_01_18_31_57_922.jpg, 0, 1, 0, 30.19033
/home/zubin/Desktop/Self-driving-car-simulation/Data/IMG/center_2019_03_01_18_31_58_040.jpg, /home/zubin/Desktop/Self-driving-car-simulation/Data/IMG/left_2019_03_01_18_31_58_040.jpg, /home/zubin/Desktop/Self-driving-car-simulation/Data/IMG/right_2019_03_01_18_31_58_040.jpg, -0.2394476, 1, 0, 30.1799
/home/zubin/Desktop/Self-driving-car-simulation/Data/IMG/center_2019_03_01_18_31_58_156.jpg, /home/zubin/Desktop/Self-driving-car-simulation/Data/IMG/left_2019_03_01_18_31_58_156.jpg, /home/zubin/Desktop/Self-driving-car-simulation/Data/IMG/right_2019_03_01_18_31_58_156.jpg, -0.1918495, 1, 0, 30.18681
/home/zubin/Desktop/Self-driving-car-simulation/Data/IMG/center_2019_03_01_18_31_58_256.jpg, /home/zubin/Desktop/Self-driving-car-simulation/Data/IMG/left_2019_03_01_18_31_58_256.jpg, /home/zubin/Desktop/Self-driving-car-simulation/Data/IMG/right_2019_03_01_18_31_58_256.jpg, -0.07675481, 1, 0, 30.19195
/home/zubin/Desktop/Self-driving-car-simulation/Data/IMG/center_2019_03_01_18_31_58_356.jpg, /home/zubin/Desktop/Self-driving-car-simulation/Data/IMG/left_2019_03_01_18_31_58_356.jpg, /home/zubin/Desktop/Self-driving-car-simulation/Data/IMG/right_2019_03_01_18_31_58_356.jpg, -0.1598754, 1, 0, 30.18792
/home/zubin/Desktop/Self-driving-car-simulation/Data/IMG/center_2019_03_01_18_31_58_471.jpg, /home/zubin/Desktop/Self-driving-car-simulation/Data/IMG/left_2019_03_01_18_31_58_471.jpg, /home/zubin/Desktop/Self-driving-car-simulation/Data/IMG/right_2019_03_01_18_31_58_471.jpg, -0.1355581, 1, 0, 30.19205
/home/zubin/Desktop/Self-driving-car-simulation/Data/IMG/center_2019_03_01_18_31_58_575.jpg, /home/zubin/Desktop/Self-driving-car-simulation/Data/IMG/left_2019_03_01_18_31_58_575.jpg, /home/zubin/Desktop/Self-driving-car-simulation/Data/IMG/right_2019_03_01_18_31_58_575.jpg, -0.1547134, 1, 0, 30.18801
/home/zubin/Desktop/Self-driving-car-simulation/Data/IMG/center_2019_03_01_18_31_58_690.jpg, /home/zubin/Desktop/Self-driving-car-simulation/Data/IMG/left_2019_03_01_18_31_58_690.jpg, /home/zubin/Desktop/Self-driving-car-simulation/Data/IMG/right_2019_03_01_18_31_58_690.jpg, 0, 1, 0, 30.1902
/home/zubin/Desktop/Self-driving-car-simulation/Data/IMG/center_2019_03_01_18_31_58_805.jpg, /home/zubin/Desktop/Self-driving-car-simulation/Data/IMG/left_2019_03_01_18_31_58_805.jpg, /home/zubin/Desktop/Self-driving-car-simulation/Data/IMG/right_2019_03_01_18_31_58_805.jpg, 0, 1, 0, 30.19016
/home/zubin/Desktop/Self-driving-car-simulation/Data/IMG/center_2019_03_01_18_31_58_906.jpg, /home/zubin/Desktop/Self-driving-car-simulation/Data/IMG/left_2019_03_01_18_31_58_906.jpg, /home/zubin/Desktop/Self-driving-car-simulation/Data/IMG/right_2019_03_01_18_31_58_906.jpg, 0, 1, 0, 30.19052
/home/zubin/Desktop/Self-driving-car-simulation/Data/IMG/center_2019_03_01_18_31_59_006.jpg, /home/zubin/Desktop/Self-driving-car-simulation/Data/IMG/left_2019_03_01_18_31_59_006.jpg, /home/zubin/Desktop/Self-driving-car-simulation/Data/IMG/right_2019_03_01_18_31_59_006.jpg, -0.1433101, 1, 0, 30.18503
/home/zubin/Desktop/Self-driving-car-simulation/Data/IMG/center_2019_03_01_18_31_59_121.jpg, /home/zubin/Desktop/Self-driving-car-simulation/Data/IMG/left_2019_03_01_18_31_59_121.jpg, /home/zubin/Desktop/Self-driving-car-simulation/Data/IMG/right_2019_03_01_18_31_59_121.jpg, 0, 1, 0, 30.19038
/home/zubin/Desktop/Self-driving-car-simulation/Data/IMG/center_2019_03_01_18_31_59_222.jpg, /home/zubin/Desktop/Self-driving-car-simulation/Data/IMG/left_2019_03_01_18_31_59_222.jpg, /home/zubin/Desktop/Self-driving-car-simulation/Data/IMG/right_2019_03_01_18_31_59_222.jpg, 0, 1, 0, 30.19031
/home/zubin/Desktop/Self-driving-car-simulation/Data/IMG/center_2019_03_01_18_31_59_337.jpg, /home/zubin/Desktop/Self-driving-car-simulation/Data/IMG/left_2019_03_01_18_31_59_337.jpg, /home/zubin/Desktop/Self-driving-car-simulation/Data/IMG/right_2019_03_01_18_31_59_337.jpg, 0, 1, 0, 30.1903
/home/zubin/Desktop/Self-driving-car-simulation/Data/IMG/center_2019_03_01_18_31_59_438.jpg, /home/zubin/Desktop/Self-driving-car-simulation/Data/IMG/left_2019_03_01_18_31_59_438.jpg, /home/zubin/Desktop/Self-driving-car-simulation/Data/IMG/right_2019_03_01_18_31_59_438.jpg, 0, 1, 0, 30.19032
/home/zubin/Desktop/Self-driving-car-simulation/Data/IMG/center_2019_03_01_18_31_59_556.jpg, /home/zubin/Desktop/Self-driving-car-simulation/Data/IMG/left_2019_03_01_18_31_59_556.jpg, /home/zubin/Desktop/Self-driving-car-simulation/Data/IMG/right_2019_03_01_18_31_59_556.jpg, -0.3528721, 1, 0, 30.16201
/home/zubin/Desktop/Self-driving-car-simulation/Data/IMG/center_2019_03_01_18_31_59_671.jpg, /home/zubin/Desktop/Self-driving-car-simulation/Data/IMG/left_2019_03_01_18_31_59_671.jpg, /home/zubin/Desktop/Self-driving-car-simulation/Data/IMG/right_2019_03_01_18_31_59_671.jpg, -0.05850005, 1, 0, 30.19071
/home/zubin/Desktop/Self-driving-car-simulation/Data/IMG/center_2019_03_01_18_31_59_786.jpg, /home/zubin/Desktop/Self-driving-car-simulation/Data/IMG/left_2019_03_01_18_31_59_786.jpg, /home/zubin/Desktop/Self-driving-car-simulation/Data/IMG/right_2019_03_01_18_31_59_786.jpg, 0, 1, 0, 30.18994
/home/zubin/Desktop/Self-driving-car-simulation/Data/IMG/center_2019_03_01_18_31_59_889.jpg, /home/zubin/Desktop/Self-driving-car-simulation/Data/IMG/left_2019_03_01_18_31_59_889.jpg, /home/zubin/Desktop/Self-driving-car-simulation/Data/IMG/right_2019_03_01_18_31_59_889.jpg, -0.309303, 1, 0, 30.16931
/home/zubin/Desktop/Self-driving-car-simulation/Data/IMG/center_2019_03_01_18_32_00_005.jpg, /home/zubin/Desktop/Self-driving-car-simulation/Data/IMG/left_2019_03_01_18_32_00_005.jpg, /home/zubin/Desktop/Self-driving-car-simulation/Data/IMG/right_2019_03_01_18_32_00_005.jpg, 0, 1, 0, 30.18855
/home/zubin/Desktop/Self-driving-car-simulation/Data/IMG/center_2019_03_01_18_32_00_118.jpg, /home/zubin/Desktop/Self-driving-car-simulation/Data/IMG/left_2019_03_01_18_32_00_118.jpg, /home/zubin/Desktop/Self-driving-car-simulation/Data/IMG/right_2019_03_01_18_32_00_118.jpg, 0, 1, 0, 30.19016
/home/zubin/Desktop/Self-driving-car-simulation/Data/IMG/center_2019_03_01_18_32_00_222.jpg, /home/zubin/Desktop/Self-driving-car-simulation/Data/IMG/left_2019_03_01_18_32_00_222.jpg, /home/zubin/Desktop/Self-driving-car-simulation/Data/IMG/right_2019_03_01_18_32_00_222.jpg, -0.3114209, 1, 0, 30.16828
/home/zubin/Desktop/Self-driving-car-simulation/Data/IMG/center_2019_03_01_18_32_00_335.jpg, /home/zubin/Desktop/Self-driving-car-simulation/Data/IMG/left_2019_03_01_18_32_00_335.jpg, /home/zubin/Desktop/Self-driving-car-simulation/Data/IMG/right_2019_03_01_18_32_00_335.jpg, 0, 1, 0, 30.18906
/home/zubin/Desktop/Self-driving-car-simulation/Data/IMG/center_2019_03_01_18_32_00_437.jpg, /home/zubin/Desktop/Self-driving-car-simulation/Data/IMG/left_2019_03_01_18_32_00_437.jpg, /home/zubin/Desktop/Self-driving-car-simulation/Data/IMG/right_2019_03_01_18_32_00_437.jpg, 0, 1, 0, 30.19009
/home/zubin/Desktop/Self-driving-car-simulation/Data/IMG/center_2019_03_01_18_32_00_553.jpg, /home/zubin/Desktop/Self-driving-car-simulation/Data/IMG/left_2019_03_01_18_32_00_553.jpg, /home/zubin/Desktop/Self-driving-car-simulation/Data/IMG/right_2019_03_01_18_32_00_553.jpg, 0, 1, 0, 30.18974
/home/zubin/Desktop/Self-driving-car-simulation/Data/IMG/center_2019_03_01_18_32_00_655.jpg, /home/zubin/Desktop/Self-driving-car-simulation/Data/IMG/left_2019_03_01_18_32_00_655.jpg, /home/zubin/Desktop/Self-driving-car-simulation/Data/IMG/right_2019_03_01_18_32_00_655.jpg, 0, 1, 0, 30.19114
/home/zubin/Desktop/Self-driving-car-simulation/Data/IMG/center_2019_03_01_18_32_00_769.jpg, /home/zubin/Desktop/Self-driving-car-simulation/Data/IMG/left_2019_03_01_18_32_00_769.jpg, /home/zubin/Desktop/Self-driving-car-simulation/Data/IMG/right_2019_03_01_18_32_00_769.jpg, -0.105159, 1, 0, 30.18658
/home/zubin/Desktop/Self-driving-car-simulation/Data/IMG/center_2019_03_01_18_32_00_886.jpg, /home/zubin/Desktop/Self-driving-car-simulation/Data/IMG/left_2019_03_01_18_32_00_886.jpg, /home/zubin/Desktop/Self-driving-car-simulation/Data/IMG/right_2019_03_01_18_32_00_886.jpg, -0.05447745, 1, 0, 30.19073
/home/zubin/Desktop/Self-driving-car-simulation/Data/IMG/center_2019_03_01_18_32_00_986.jpg, /home/zubin/Desktop/Self-driving-car-simulation/Data/IMG/left_2019_03_01_18_32_00_986.jpg, /home/zubin/Desktop/Self-driving-car-simulation/Data/IMG/right_2019_03_01_18_32_00_986.jpg, 0, 1, 0, 30.18982
/home/zubin/Desktop/Self-driving-car-simulation/Data/IMG/center_2019_03_01_18_32_01_103.jpg, /home/zubin/Desktop/Self-driving-car-simulation/Data/IMG/left_2019_03_01_18_32_01_103.jpg, /home/zubin/Desktop/Self-driving-car-simulation/Data/IMG/right_2019_03_01_18_32_01_103.jpg, 0, 1, 0, 30.19003
/home/zubin/Desktop/Self-driving-car-simulation/Data/IMG/center_2019_03_01_18_32_01_203.jpg, /home/zubin/Desktop/Self-driving-car-simulation/Data/IMG/left_2019_03_01_18_32_01_203.jpg, /home/zubin/Desktop/Self-driving-car-simulation/Data/IMG/right_2019_03_01_18_32_01_203.jpg, 0, 1, 0, 30.19006
/home/zubin/Desktop/Self-driving-car-simulation/Data/IMG/center_2019_03_01_18_32_01_321.jpg, /home/zubin/Desktop/Self-driving-car-simulation/Data/IMG/left_2019_03_01_18_32_01_321.jpg, /home/zubin/Desktop/Self-driving-car-simulation/Data/IMG/right_2019_03_01_18_32_01_321.jpg, 0, 1, 0, 30.19002
/home/zubin/Desktop/Self-driving-car-simulation/Data/IMG/center_2019_03_01_18_32_01_439.jpg, /home/zubin/Desktop/Self-driving-car-simulation/Data/IMG/left_2019_03_01_18_32_01_439.jpg, /home/zubin/Desktop/Self-driving-car-simulation/Data/IMG/right_2019_03_01_18_32_01_439.jpg, 0, 1, 0, 30.19004
/home/zubin/Desktop/Self-driving-car-simulation/Data/IMG/center_2019_03_01_18_32_01_553.jpg, /home/zubin/Desktop/Self-driving-car-simulation/Data/IMG/left_2019_03_01_18_32_01_553.jpg, /home/zubin/Desktop/Self-driving-car-simulation/Data/IMG/right_2019_03_01_18_32_01_553.jpg, 0, 1, 0, 30.19058
/home/zubin/Desktop/Self-driving-car-simulation/Data/IMG/center_2019_03_01_18_32_01_669.jpg, /home/zubin/Desktop/Self-driving-car-simulation/Data/IMG/left_2019_03_01_18_32_01_669.jpg, /home/zubin/Desktop/Self-driving-car-simulation/Data/IMG/right_2019_03_01_18_32_01_669.jpg, 0, 1, 0, 30.19033
/home/zubin/Desktop/Self-driving-car-simulation/Data/IMG/center_2019_03_01_18_32_01_770.jpg, /home/zubin/Desktop/Self-driving-car-simulation/Data/IMG/left_2019_03_01_18_32_01_770.jpg, /home/zubin/Desktop/Self-driving-car-simulation/Data/IMG/right_2019_03_01_18_32_01_770.jpg, 0, 1, 0, 30.19093
/home/zubin/Desktop/Self-driving-car-simulation/Data/IMG/center_2019_03_01_18_32_01_872.jpg, /home/zubin/Desktop/Self-driving-car-simulation/Data/IMG/left_2019_03_01_18_32_01_872.jpg, /home/zubin/Desktop/Self-driving-car-simulation/Data/IMG/right_2019_03_01_18_32_01_872.jpg, 0, 1, 0, 30.19053
/home/zubin/Desktop/Self-driving-car-simulation/Data/IMG/center_2019_03_01_18_32_01_986.jpg, /home/zubin/Desktop/Self-driving-car-simulation/Data/IMG/left_2019_03_01_18_32_01_986.jpg, /home/zubin/Desktop/Self-driving-car-simulation/Data/IMG/right_2019_03_01_18_32_01_986.jpg, -0.2497351, 1, 0, 30.17251
/home/zubin/Desktop/Self-driving-car-simulation/Data/IMG/center_2019_03_01_18_32_02_087.jpg, /home/zubin/Desktop/Self-driving-car-simulation/Data/IMG/left_2019_03_01_18_32_02_087.jpg, /home/zubin/Desktop/Self-driving-car-simulation/Data/IMG/right_2019_03_01_18_32_02_087.jpg, 0, 1, 0, 30.1895
/home/zubin/Desktop/Self-driving-car-simulation/Data/IMG/center_2019_03_01_18_32_02_205.jpg, /home/zubin/Desktop/Self-driving-car-simulation/Data/IMG/left_2019_03_01_18_32_02_205.jpg, /home/zubin/Desktop/Self-driving-car-simulation/Data/IMG/right_2019_03_01_18_32_02_205.jpg, 0, 1, 0, 30.19032
/home/zubin/Desktop/Self-driving-car-simulation/Data/IMG/center_2019_03_01_18_32_02_320.jpg, /home/zubin/Desktop/Self-driving-car-simulation/Data/IMG/left_2019_03_01_18_32_02_320.jpg, /home/zubin/Desktop/Self-driving-car-simulation/Data/IMG/right_2019_03_01_18_32_02_320.jpg, -0.1339982, 1, 0, 30.18583
/home/zubin/Desktop/Self-driving-car-simulation/Data/IMG/center_2019_03_01_18_32_02_434.jpg, /home/zubin/Desktop/Self-driving-car-simulation/Data/IMG/left_2019_03_01_18_32_02_434.jpg, /home/zubin/Desktop/Self-driving-car-simulation/Data/IMG/right_2019_03_01_18_32_02_434.jpg, -0.03447032, 1, 0, 30.19131
/home/zubin/Desktop/Self-driving-car-simulation/Data/IMG/center_2019_03_01_18_32_02_535.jpg, /home/zubin/Desktop/Self-driving-car-simulation/Data/IMG/left_2019_03_01_18_32_02_535.jpg, /home/zubin/Desktop/Self-driving-car-simulation/Data/IMG/right_2019_03_01_18_32_02_535.jpg, 0, 1, 0, 30.19048
/home/zubin/Desktop/Self-driving-car-simulation/Data/IMG/center_2019_03_01_18_32_02_653.jpg, /home/zubin/Desktop/Self-driving-car-simulation/Data/IMG/left_2019_03_01_18_32_02_653.jpg, /home/zubin/Desktop/Self-driving-car-simulation/Data/IMG/right_2019_03_01_18_32_02_653.jpg, 0, 1, 0, 30.18815
/home/zubin/Desktop/Self-driving-car-simulation/Data/IMG/center_2019_03_01_18_32_02_769.jpg, /home/zubin/Desktop/Self-driving-car-simulation/Data/IMG/left_2019_03_01_18_32_02_769.jpg, /home/zubin/Desktop/Self-driving-car-simulation/Data/IMG/right_2019_03_01_18_32_02_769.jpg, -0.3483989, 1, 0, 30.16273
/home/zubin/Desktop/Self-driving-car-simulation/Data/IMG/center_2019_03_01_18_32_02_869.jpg, /home/zubin/Desktop/Self-driving-car-simulation/Data/IMG/left_2019_03_01_18_32_02_869.jpg, /home/zubin/Desktop/Self-driving-car-simulation/Data/IMG/right_2019_03_01_18_32_02_869.jpg, -0.04746866, 1, 0, 30.1908
/home/zubin/Desktop/Self-driving-car-simulation/Data/IMG/center_2019_03_01_18_32_02_969.jpg, /home/zubin/Desktop/Self-driving-car-simulation/Data/IMG/left_2019_03_01_18_32_02_969.jpg, /home/zubin/Desktop/Self-driving-car-simulation/Data/IMG/right_2019_03_01_18_32_02_969.jpg, 0, 1, 0, 30.19019
/home/zubin/Desktop/Self-driving-car-simulation/Data/IMG/center_2019_03_01_18_32_03_084.jpg, /home/zubin/Desktop/Self-driving-car-simulation/Data/IMG/left_2019_03_01_18_32_03_084.jpg, /home/zubin/Desktop/Self-driving-car-simulation/Data/IMG/right_2019_03_01_18_32_03_084.jpg, 0, 1, 0, 30.19019
/home/zubin/Desktop/Self-driving-car-simulation/Data/IMG/center_2019_03_01_18_32_03_201.jpg, /home/zubin/Desktop/Self-driving-car-simulation/Data/IMG/left_2019_03_01_18_32_03_201.jpg, /home/zubin/Desktop/Self-driving-car-simulation/Data/IMG/right_2019_03_01_18_32_03_201.jpg, 0, 1, 0, 30.19031
/home/zubin/Desktop/Self-driving-car-simulation/Data/IMG/center_2019_03_01_18_32_03_317.jpg, /home/zubin/Desktop/Self-driving-car-simulation/Data/IMG/left_2019_03_01_18_32_03_317.jpg, /home/zubin/Desktop/Self-driving-car-simulation/Data/IMG/right_2019_03_01_18_32_03_317.jpg, 0, 1, 0, 30.19029
/home/zubin/Desktop/Self-driving-car-simulation/Data/IMG/center_2019_03_01_18_32_03_433.jpg, /home/zubin/Desktop/Self-driving-car-simulation/Data/IMG/left_2019_03_01_18_32_03_433.jpg, /home/zubin/Desktop/Self-driving-car-simulation/Data/IMG/right_2019_03_01_18_32_03_433.jpg, 0, 1, 0, 30.19032
/home/zubin/Desktop/Self-driving-car-simulation/Data/IMG/center_2019_03_01_18_32_03_535.jpg, /home/zubin/Desktop/Self-driving-car-simulation/Data/IMG/left_2019_03_01_18_32_03_535.jpg, /home/zubin/Desktop/Self-driving-car-simulation/Data/IMG/right_2019_03_01_18_32_03_535.jpg, 0, 1, 0, 30.19028
/home/zubin/Desktop/Self-driving-car-simulation/Data/IMG/center_2019_03_01_18_32_03_651.jpg, /home/zubin/Desktop/Self-driving-car-simulation/Data/IMG/left_2019_03_01_18_32_03_651.jpg, /home/zubin/Desktop/Self-driving-car-simulation/Data/IMG/right_2019_03_01_18_32_03_651.jpg, -0.1014268, 1, 0, 30.18771
/home/zubin/Desktop/Self-driving-car-simulation/Data/IMG/center_2019_03_01_18_32_03_770.jpg, /home/zubin/Desktop/Self-driving-car-simulation/Data/IMG/left_2019_03_01_18_32_03_770.jpg, /home/zubin/Desktop/Self-driving-car-simulation/Data/IMG/right_2019_03_01_18_32_03_770.jpg, -0.09185386, 1, 0, 30.19097
/home/zubin/Desktop/Self-driving-car-simulation/Data/IMG/center_2019_03_01_18_32_03_882.jpg, /home/zubin/Desktop/Self-driving-car-simulation/Data/IMG/left_2019_03_01_18_32_03_882.jpg, /home/zubin/Desktop/Self-driving-car-simulation/Data/IMG/right_2019_03_01_18_32_03_882.jpg, 0, 1, 0, 30.19006
/home/zubin/Desktop/Self-driving-car-simulation/Data/IMG/center_2019_03_01_18_32_03_982.jpg, /home/zubin/Desktop/Self-driving-car-simulation/Data/IMG/left_2019_03_01_18_32_03_982.jpg, /home/zubin/Desktop/Self-driving-car-simulation/Data/IMG/right_2019_03_01_18_32_03_982.jpg, -0.3003237, 1, 0, 30.1708
/home/zubin/Desktop/Self-driving-car-simulation/Data/IMG/center_2019_03_01_18_32_04_099.jpg, /home/zubin/Desktop/Self-driving-car-simulation/Data/IMG/left_2019_03_01_18_32_04_099.jpg, /home/zubin/Desktop/Self-driving-car-simulation/Data/IMG/right_2019_03_01_18_32_04_099.jpg, -0.1384134, 1, 0, 30.19162
/home/zubin/Desktop/Self-driving-car-simulation/Data/IMG/center_2019_03_01_18_32_04_200.jpg, /home/zubin/Desktop/Self-driving-car-simulation/Data/IMG/left_2019_03_01_18_32_04_200.jpg, /home/zubin/Desktop/Self-driving-car-simulation/Data/IMG/right_2019_03_01_18_32_04_200.jpg, -0.1031427, 1, 0, 30.19101
/home/zubin/Desktop/Self-driving-car-simulation/Data/IMG/center_2019_03_01_18_32_04_317.jpg, /home/zubin/Desktop/Self-driving-car-simulation/Data/IMG/left_2019_03_01_18_32_04_317.jpg, /home/zubin/Desktop/Self-driving-car-simulation/Data/IMG/right_2019_03_01_18_32_04_317.jpg, -0.1375523, 1, 0, 30.19085
/home/zubin/Desktop/Self-driving-car-simulation/Data/IMG/center_2019_03_01_18_32_04_431.jpg, /home/zubin/Desktop/Self-driving-car-simulation/Data/IMG/left_2019_03_01_18_32_04_431.jpg, /home/zubin/Desktop/Self-driving-car-simulation/Data/IMG/right_2019_03_01_18_32_04_431.jpg, 0, 1, 0, 30.18986
/home/zubin/Desktop/Self-driving-car-simulation/Data/IMG/center_2019_03_01_18_32_04_532.jpg, /home/zubin/Desktop/Self-driving-car-simulation/Data/IMG/left_2019_03_01_18_32_04_532.jpg, /home/zubin/Desktop/Self-driving-car-simulation/Data/IMG/right_2019_03_01_18_32_04_532.jpg, 0, 1, 0, 30.19027
/home/zubin/Desktop/Self-driving-car-simulation/Data/IMG/center_2019_03_01_18_32_04_634.jpg, /home/zubin/Desktop/Self-driving-car-simulation/Data/IMG/left_2019_03_01_18_32_04_634.jpg, /home/zubin/Desktop/Self-driving-car-simulation/Data/IMG/right_2019_03_01_18_32_04_634.jpg, 0, 1, 0, 30.18995
/home/zubin/Desktop/Self-driving-car-simulation/Data/IMG/center_2019_03_01_18_32_04_747.jpg, /home/zubin/Desktop/Self-driving-car-simulation/Data/IMG/left_2019_03_01_18_32_04_747.jpg, /home/zubin/Desktop/Self-driving-car-simulation/Data/IMG/right_2019_03_01_18_32_04_747.jpg, 0, 1, 0, 30.19033
/home/zubin/Desktop/Self-driving-car-simulation/Data/IMG/center_2019_03_01_18_32_04_847.jpg, /home/zubin/Desktop/Self-driving-car-simulation/Data/IMG/left_2019_03_01_18_32_04_847.jpg, /home/zubin/Desktop/Self-driving-car-simulation/Data/IMG/right_2019_03_01_18_32_04_847.jpg, 0, 1, 0, 30.19028
/home/zubin/Desktop/Self-driving-car-simulation/Data/IMG/center_2019_03_01_18_32_04_949.jpg, /home/zubin/Desktop/Self-driving-car-simulation/Data/IMG/left_2019_03_01_18_32_04_949.jpg, /home/zubin/Desktop/Self-driving-car-simulation/Data/IMG/right_2019_03_01_18_32_04_949.jpg, 0, 1, 0, 30.19031
/home/zubin/Desktop/Self-driving-car-simulation/Data/IMG/center_2019_03_01_18_32_05_064.jpg, /home/zubin/Desktop/Self-driving-car-simulation/Data/IMG/left_2019_03_01_18_32_05_064.jpg, /home/zubin/Desktop/Self-driving-car-simulation/Data/IMG/right_2019_03_01_18_32_05_064.jpg, -0.2480164, 1, 0, 30.17372
/home/zubin/Desktop/Self-driving-car-simulation/Data/IMG/center_2019_03_01_18_32_05_165.jpg, /home/zubin/Desktop/Self-driving-car-simulation/Data/IMG/left_2019_03_01_18_32_05_165.jpg, /home/zubin/Desktop/Self-driving-car-simulation/Data/IMG/right_2019_03_01_18_32_05_165.jpg, 0, 1, 0, 30.18862
/home/zubin/Desktop/Self-driving-car-simulation/Data/IMG/center_2019_03_01_18_32_05_279.jpg, /home/zubin/Desktop/Self-driving-car-simulation/Data/IMG/left_2019_03_01_18_32_05_279.jpg, /home/zubin/Desktop/Self-driving-car-simulation/Data/IMG/right_2019_03_01_18_32_05_279.jpg, 0, 1, 0, 30.19018
/home/zubin/Desktop/Self-driving-car-simulation/Data/IMG/center_2019_03_01_18_32_05_379.jpg, /home/zubin/Desktop/Self-driving-car-simulation/Data/IMG/left_2019_03_01_18_32_05_379.jpg, /home/zubin/Desktop/Self-driving-car-simulation/Data/IMG/right_2019_03_01_18_32_05_379.jpg, 0, 1, 0, 30.19027
/home/zubin/Desktop/Self-driving-car-simulation/Data/IMG/center_2019_03_01_18_32_05_499.jpg, /home/zubin/Desktop/Self-driving-car-simulation/Data/IMG/left_2019_03_01_18_32_05_499.jpg, /home/zubin/Desktop/Self-driving-car-simulation/Data/IMG/right_2019_03_01_18_32_05_499.jpg, 0, 1, 0, 30.1899
/home/zubin/Desktop/Self-driving-car-simulation/Data/IMG/center_2019_03_01_18_32_05_615.jpg, /home/zubin/Desktop/Self-driving-car-simulation/Data/IMG/left_2019_03_01_18_32_05_615.jpg, /home/zubin/Desktop/Self-driving-car-simulation/Data/IMG/right_2019_03_01_18_32_05_615.jpg, 0, 1, 0, 30.19027
/home/zubin/Desktop/Self-driving-car-simulation/Data/IMG/center_2019_03_01_18_32_05_731.jpg, /home/zubin/Desktop/Self-driving-car-simulation/Data/IMG/left_2019_03_01_18_32_05_731.jpg, /home/zubin/Desktop/Self-driving-car-simulation/Data/IMG/right_2019_03_01_18_32_05_731.jpg, -0.2964027, 1, 0, 30.16938
/home/zubin/Desktop/Self-driving-car-simulation/Data/IMG/center_2019_03_01_18_32_05_833.jpg, /home/zubin/Desktop/Self-driving-car-simulation/Data/IMG/left_2019_03_01_18_32_05_833.jpg, /home/zubin/Desktop/Self-driving-car-simulation/Data/IMG/right_2019_03_01_18_32_05_833.jpg, 0, 1, 0, 30.18953
/home/zubin/Desktop/Self-driving-car-simulation/Data/IMG/center_2019_03_01_18_32_05_945.jpg, /home/zubin/Desktop/Self-driving-car-simulation/Data/IMG/left_2019_03_01_18_32_05_945.jpg, /home/zubin/Desktop/Self-driving-car-simulation/Data/IMG/right_2019_03_01_18_32_05_945.jpg, 0, 1, 0, 30.19018
/home/zubin/Desktop/Self-driving-car-simulation/Data/IMG/center_2019_03_01_18_32_06_047.jpg, /home/zubin/Desktop/Self-driving-car-simulation/Data/IMG/left_2019_03_01_18_32_06_047.jpg, /home/zubin/Desktop/Self-driving-car-simulation/Data/IMG/right_2019_03_01_18_32_06_047.jpg, 0, 1, 0, 30.1903
/home/zubin/Desktop/Self-driving-car-simulation/Data/IMG/center_2019_03_01_18_32_06_162.jpg, /home/zubin/Desktop/Self-driving-car-simulation/Data/IMG/left_2019_03_01_18_32_06_162.jpg, /home/zubin/Desktop/Self-driving-car-simulation/Data/IMG/right_2019_03_01_18_32_06_162.jpg, 0, 1, 0, 30.19029
/home/zubin/Desktop/Self-driving-car-simulation/Data/IMG/center_2019_03_01_18_32_06_280.jpg, /home/zubin/Desktop/Self-driving-car-simulation/Data/IMG/left_2019_03_01_18_32_06_280.jpg, /home/zubin/Desktop/Self-driving-car-simulation/Data/IMG/right_2019_03_01_18_32_06_280.jpg, 0, 1, 0, 30.1903
/home/zubin/Desktop/Self-driving-car-simulation/Data/IMG/center_2019_03_01_18_32_06_381.jpg, /home/zubin/Desktop/Self-driving-car-simulation/Data/IMG/left_2019_03_01_18_32_06_381.jpg, /home/zubin/Desktop/Self-driving-car-simulation/Data/IMG/right_2019_03_01_18_32_06_381.jpg, -0.3030632, 1, 0, 30.16798
/home/zubin/Desktop/Self-driving-car-simulation/Data/IMG/center_2019_03_01_18_32_06_496.jpg, /home/zubin/Desktop/Self-driving-car-simulation/Data/IMG/left_2019_03_01_18_32_06_496.jpg, /home/zubin/Desktop/Self-driving-car-simulation/Data/IMG/right_2019_03_01_18_32_06_496.jpg, 0, 1, 0, 30.18913
/home/zubin/Desktop/Self-driving-car-simulation/Data/IMG/center_2019_03_01_18_32_06_611.jpg, /home/zubin/Desktop/Self-driving-car-simulation/Data/IMG/left_2019_03_01_18_32_06_611.jpg, /home/zubin/Desktop/Self-driving-car-simulation/Data/IMG/right_2019_03_01_18_32_06_611.jpg, 0, 1, 0, 30.18989
/home/zubin/Desktop/Self-driving-car-simulation/Data/IMG/center_2019_03_01_18_32_06_711.jpg, /home/zubin/Desktop/Self-driving-car-simulation/Data/IMG/left_2019_03_01_18_32_06_711.jpg, /home/zubin/Desktop/Self-driving-car-simulation/Data/IMG/right_2019_03_01_18_32_06_711.jpg, 0, 1, 0, 30.19029
/home/zubin/Desktop/Self-driving-car-simulation/Data/IMG/center_2019_03_01_18_32_06_811.jpg, /home/zubin/Desktop/Self-driving-car-simulation/Data/IMG/left_2019_03_01_18_32_06_811.jpg, /home/zubin/Desktop/Self-driving-car-simulation/Data/IMG/right_2019_03_01_18_32_06_811.jpg, 0, 1, 0, 30.19062
/home/zubin/Desktop/Self-driving-car-simulation/Data/IMG/center_2019_03_01_18_32_06_913.jpg, /home/zubin/Desktop/Self-driving-car-simulation/Data/IMG/left_2019_03_01_18_32_06_913.jpg, /home/zubin/Desktop/Self-driving-car-simulation/Data/IMG/right_2019_03_01_18_32_06_913.jpg, -0.2467854, 1, 0, 30.17697
/home/zubin/Desktop/Self-driving-car-simulation/Data/IMG/center_2019_03_01_18_32_07_030.jpg, /home/zubin/Desktop/Self-driving-car-simulation/Data/IMG/left_2019_03_01_18_32_07_030.jpg, /home/zubin/Desktop/Self-driving-car-simulation/Data/IMG/right_2019_03_01_18_32_07_030.jpg, 0, 1, 0, 30.18957
/home/zubin/Desktop/Self-driving-car-simulation/Data/IMG/center_2019_03_01_18_32_07_144.jpg, /home/zubin/Desktop/Self-driving-car-simulation/Data/IMG/left_2019_03_01_18_32_07_144.jpg, /home/zubin/Desktop/Self-driving-car-simulation/Data/IMG/right_2019_03_01_18_32_07_144.jpg, 0, 1, 0, 30.19017
/home/zubin/Desktop/Self-driving-car-simulation/Data/IMG/center_2019_03_01_18_32_07_246.jpg, /home/zubin/Desktop/Self-driving-car-simulation/Data/IMG/left_2019_03_01_18_32_07_246.jpg, /home/zubin/Desktop/Self-driving-car-simulation/Data/IMG/right_2019_03_01_18_32_07_246.jpg, 0, 1, 0, 30.19028
/home/zubin/Desktop/Self-driving-car-simulation/Data/IMG/center_2019_03_01_18_32_07_361.jpg, /home/zubin/Desktop/Self-driving-car-simulation/Data/IMG/left_2019_03_01_18_32_07_361.jpg, /home/zubin/Desktop/Self-driving-car-simulation/Data/IMG/right_2019_03_01_18_32_07_361.jpg, 0, 1, 0, 30.19032
/home/zubin/Desktop/Self-driving-car-simulation/Data/IMG/center_2019_03_01_18_32_07_479.jpg, /home/zubin/Desktop/Self-driving-car-simulation/Data/IMG/left_2019_03_01_18_32_07_479.jpg, /home/zubin/Desktop/Self-driving-car-simulation/Data/IMG/right_2019_03_01_18_32_07_479.jpg, 0, 1, 0, 30.19031
/home/zubin/Desktop/Self-driving-car-simulation/Data/IMG/center_2019_03_01_18_32_07_595.jpg, /home/zubin/Desktop/Self-driving-car-simulation/Data/IMG/left_2019_03_01_18_32_07_595.jpg, /home/zubin/Desktop/Self-driving-car-simulation/Data/IMG/right_2019_03_01_18_32_07_595.jpg, 0, 1, 0, 30.19029
/home/zubin/Desktop/Self-driving-car-simulation/Data/IMG/center_2019_03_01_18_32_07_711.jpg, /home/zubin/Desktop/Self-driving-car-simulation/Data/IMG/left_2019_03_01_18_32_07_711.jpg, /home/zubin/Desktop/Self-driving-car-simulation/Data/IMG/right_2019_03_01_18_32_07_711.jpg, -0.05924463, 1, 0, 30.18947
/home/zubin/Desktop/Self-driving-car-simulation/Data/IMG/center_2019_03_01_18_32_07_828.jpg, /home/zubin/Desktop/Self-driving-car-simulation/Data/IMG/left_2019_03_01_18_32_07_828.jpg, /home/zubin/Desktop/Self-driving-car-simulation/Data/IMG/right_2019_03_01_18_32_07_828.jpg, -0.1024675, 1, 0, 30.18993
/home/zubin/Desktop/Self-driving-car-simulation/Data/IMG/center_2019_03_01_18_32_07_946.jpg, /home/zubin/Desktop/Self-driving-car-simulation/Data/IMG/left_2019_03_01_18_32_07_946.jpg, /home/zubin/Desktop/Self-driving-car-simulation/Data/IMG/right_2019_03_01_18_32_07_946.jpg, 0, 1, 0, 30.19005
/home/zubin/Desktop/Self-driving-car-simulation/Data/IMG/center_2019_03_01_18_32_08_062.jpg, /home/zubin/Desktop/Self-driving-car-simulation/Data/IMG/left_2019_03_01_18_32_08_062.jpg, /home/zubin/Desktop/Self-driving-car-simulation/Data/IMG/right_2019_03_01_18_32_08_062.jpg, 0, 1, 0, 30.1903
/home/zubin/Desktop/Self-driving-car-simulation/Data/IMG/center_2019_03_01_18_32_08_176.jpg, /home/zubin/Desktop/Self-driving-car-simulation/Data/IMG/left_2019_03_01_18_32_08_176.jpg, /home/zubin/Desktop/Self-driving-car-simulation/Data/IMG/right_2019_03_01_18_32_08_176.jpg, 0, 1, 0, 30.19029
/home/zubin/Desktop/Self-driving-car-simulation/Data/IMG/center_2019_03_01_18_32_08_276.jpg, /home/zubin/Desktop/Self-driving-car-simulation/Data/IMG/left_2019_03_01_18_32_08_276.jpg, /home/zubin/Desktop/Self-driving-car-simulation/Data/IMG/right_2019_03_01_18_32_08_276.jpg, 0, 1, 0, 30.1904
/home/zubin/Desktop/Self-driving-car-simulation/Data/IMG/center_2019_03_01_18_32_08_395.jpg, /home/zubin/Desktop/Self-driving-car-simulation/Data/IMG/left_2019_03_01_18_32_08_395.jpg, /home/zubin/Desktop/Self-driving-car-simulation/Data/IMG/right_2019_03_01_18_32_08_395.jpg, 0, 1, 0, 30.19027
/home/zubin/Desktop/Self-driving-car-simulation/Data/IMG/center_2019_03_01_18_32_08_511.jpg, /home/zubin/Desktop/Self-driving-car-simulation/Data/IMG/left_2019_03_01_18_32_08_511.jpg, /home/zubin/Desktop/Self-driving-car-simulation/Data/IMG/right_2019_03_01_18_32_08_511.jpg, 0, 1, 0, 30.1902
/home/zubin/Desktop/Self-driving-car-simulation/Data/IMG/center_2019_03_01_18_32_08_611.jpg, /home/zubin/Desktop/Self-driving-car-simulation/Data/IMG/left_2019_03_01_18_32_08_611.jpg, /home/zubin/Desktop/Self-driving-car-simulation/Data/IMG/right_2019_03_01_18_32_08_611.jpg, 0, 1, 0, 30.1902
/home/zubin/Desktop/Self-driving-car-simulation/Data/IMG/center_2019_03_01_18_32_08_726.jpg, /home/zubin/Desktop/Self-driving-car-simulation/Data/IMG/left_2019_03_01_18_32_08_726.jpg, /home/zubin/Desktop/Self-driving-car-simulation/Data/IMG/right_2019_03_01_18_32_08_726.jpg, 0, 1, 0, 30.19014
/home/zubin/Desktop/Self-driving-car-simulation/Data/IMG/center_2019_03_01_18_32_08_826.jpg, /home/zubin/Desktop/Self-driving-car-simulation/Data/IMG/left_2019_03_01_18_32_08_826.jpg, /home/zubin/Desktop/Self-driving-car-simulation/Data/IMG/right_2019_03_01_18_32_08_826.jpg, 0, 1, 0, 30.1902
/home/zubin/Desktop/Self-driving-car-simulation/Data/IMG/center_2019_03_01_18_32_08_943.jpg, /home/zubin/Desktop/Self-driving-car-simulation/Data/IMG/left_2019_03_01_18_32_08_943.jpg, /home/zubin/Desktop/Self-driving-car-simulation/Data/IMG/right_2019_03_01_18_32_08_943.jpg, 0, 1, 0, 30.19021
/home/zubin/Desktop/Self-driving-car-simulation/Data/IMG/center_2019_03_01_18_32_09_059.jpg, /home/zubin/Desktop/Self-driving-car-simulation/Data/IMG/left_2019_03_01_18_32_09_059.jpg, /home/zubin/Desktop/Self-driving-car-simulation/Data/IMG/right_2019_03_01_18_32_09_059.jpg, -0.09457183, 1, 0, 30.18795
/home/zubin/Desktop/Self-driving-car-simulation/Data/IMG/center_2019_03_01_18_32_09_174.jpg, /home/zubin/Desktop/Self-driving-car-simulation/Data/IMG/left_2019_03_01_18_32_09_174.jpg, /home/zubin/Desktop/Self-driving-car-simulation/Data/IMG/right_2019_03_01_18_32_09_174.jpg, -0.138912, 1, 0, 30.18769
/home/zubin/Desktop/Self-driving-car-simulation/Data/IMG/center_2019_03_01_18_32_09_276.jpg, /home/zubin/Desktop/Self-driving-car-simulation/Data/IMG/left_2019_03_01_18_32_09_276.jpg, /home/zubin/Desktop/Self-driving-car-simulation/Data/IMG/right_2019_03_01_18_32_09_276.jpg, 0, 1, 0, 30.18992
/home/zubin/Desktop/Self-driving-car-simulation/Data/IMG/center_2019_03_01_18_32_09_376.jpg, /home/zubin/Desktop/Self-driving-car-simulation/Data/IMG/left_2019_03_01_18_32_09_376.jpg, /home/zubin/Desktop/Self-driving-car-simulation/Data/IMG/right_2019_03_01_18_32_09_376.jpg, 0, 1, 0, 30.1902
/home/zubin/Desktop/Self-driving-car-simulation/Data/IMG/center_2019_03_01_18_32_09_493.jpg, /home/zubin/Desktop/Self-driving-car-simulation/Data/IMG/left_2019_03_01_18_32_09_493.jpg, /home/zubin/Desktop/Self-driving-car-simulation/Data/IMG/right_2019_03_01_18_32_09_493.jpg, 0, 1, 0, 30.19023
/home/zubin/Desktop/Self-driving-car-simulation/Data/IMG/center_2019_03_01_18_32_09_607.jpg, /home/zubin/Desktop/Self-driving-car-simulation/Data/IMG/left_2019_03_01_18_32_09_607.jpg, /home/zubin/Desktop/Self-driving-car-simulation/Data/IMG/right_2019_03_01_18_32_09_607.jpg, 0.09644651, 1, 0, 30.18794
/home/zubin/Desktop/Self-driving-car-simulation/Data/IMG/center_2019_03_01_18_32_09_723.jpg, /home/zubin/Desktop/Self-driving-car-simulation/Data/IMG/left_2019_03_01_18_32_09_723.jpg, /home/zubin/Desktop/Self-driving-car-simulation/Data/IMG/right_2019_03_01_18_32_09_723.jpg, 0.03274512, 1, 0, 30.18996
/home/zubin/Desktop/Self-driving-car-simulation/Data/IMG/center_2019_03_01_18_32_09_824.jpg, /home/zubin/Desktop/Self-driving-car-simulation/Data/IMG/left_2019_03_01_18_32_09_824.jpg, /home/zubin/Desktop/Self-driving-car-simulation/Data/IMG/right_2019_03_01_18_32_09_824.jpg, 0, 1, 0, 30.19009
/home/zubin/Desktop/Self-driving-car-simulation/Data/IMG/center_2019_03_01_18_32_09_924.jpg, /home/zubin/Desktop/Self-driving-car-simulation/Data/IMG/left_2019_03_01_18_32_09_924.jpg, /home/zubin/Desktop/Self-driving-car-simulation/Data/IMG/right_2019_03_01_18_32_09_924.jpg, 0, 1, 0, 30.19029
/home/zubin/Desktop/Self-driving-car-simulation/Data/IMG/center_2019_03_01_18_32_10_024.jpg, /home/zubin/Desktop/Self-driving-car-simulation/Data/IMG/left_2019_03_01_18_32_10_024.jpg, /home/zubin/Desktop/Self-driving-car-simulation/Data/IMG/right_2019_03_01_18_32_10_024.jpg, 0, 1, 0, 30.19036
/home/zubin/Desktop/Self-driving-car-simulation/Data/IMG/center_2019_03_01_18_32_10_124.jpg, /home/zubin/Desktop/Self-driving-car-simulation/Data/IMG/left_2019_03_01_18_32_10_124.jpg, /home/zubin/Desktop/Self-driving-car-simulation/Data/IMG/right_2019_03_01_18_32_10_124.jpg, 0, 1, 0, 30.19038
/home/zubin/Desktop/Self-driving-car-simulation/Data/IMG/center_2019_03_01_18_32_10_241.jpg, /home/zubin/Desktop/Self-driving-car-simulation/Data/IMG/left_2019_03_01_18_32_10_241.jpg, /home/zubin/Desktop/Self-driving-car-simulation/Data/IMG/right_2019_03_01_18_32_10_241.jpg, -0.04500675, 1, 0, 30.1912
/home/zubin/Desktop/Self-driving-car-simulation/Data/IMG/center_2019_03_01_18_32_10_358.jpg, /home/zubin/Desktop/Self-driving-car-simulation/Data/IMG/left_2019_03_01_18_32_10_358.jpg, /home/zubin/Desktop/Self-driving-car-simulation/Data/IMG/right_2019_03_01_18_32_10_358.jpg, 0, 1, 0, 30.19026
/home/zubin/Desktop/Self-driving-car-simulation/Data/IMG/center_2019_03_01_18_32_10_474.jpg, /home/zubin/Desktop/Self-driving-car-simulation/Data/IMG/left_2019_03_01_18_32_10_474.jpg, /home/zubin/Desktop/Self-driving-car-simulation/Data/IMG/right_2019_03_01_18_32_10_474.jpg, 0, 1, 0, 30.1909
/home/zubin/Desktop/Self-driving-car-simulation/Data/IMG/center_2019_03_01_18_32_10_575.jpg, /home/zubin/Desktop/Self-driving-car-simulation/Data/IMG/left_2019_03_01_18_32_10_575.jpg, /home/zubin/Desktop/Self-driving-car-simulation/Data/IMG/right_2019_03_01_18_32_10_575.jpg, 0, 1, 0, 30.19012
/home/zubin/Desktop/Self-driving-car-simulation/Data/IMG/center_2019_03_01_18_32_10_675.jpg, /home/zubin/Desktop/Self-driving-car-simulation/Data/IMG/left_2019_03_01_18_32_10_675.jpg, /home/zubin/Desktop/Self-driving-car-simulation/Data/IMG/right_2019_03_01_18_32_10_675.jpg, 0, 1, 0, 30.19028
/home/zubin/Desktop/Self-driving-car-simulation/Data/IMG/center_2019_03_01_18_32_10_790.jpg, /home/zubin/Desktop/Self-driving-car-simulation/Data/IMG/left_2019_03_01_18_32_10_790.jpg, /home/zubin/Desktop/Self-driving-car-simulation/Data/IMG/right_2019_03_01_18_32_10_790.jpg, 0, 1, 0, 30.1903
/home/zubin/Desktop/Self-driving-car-simulation/Data/IMG/center_2019_03_01_18_32_10_905.jpg, /home/zubin/Desktop/Self-driving-car-simulation/Data/IMG/left_2019_03_01_18_32_10_905.jpg, /home/zubin/Desktop/Self-driving-car-simulation/Data/IMG/right_2019_03_01_18_32_10_905.jpg, -0.04529428, 1, 0, 30.19127
/home/zubin/Desktop/Self-driving-car-simulation/Data/IMG/center_2019_03_01_18_32_11_007.jpg, /home/zubin/Desktop/Self-driving-car-simulation/Data/IMG/left_2019_03_01_18_32_11_007.jpg, /home/zubin/Desktop/Self-driving-car-simulation/Data/IMG/right_2019_03_01_18_32_11_007.jpg, 0, 1, 0, 30.19018
/home/zubin/Desktop/Self-driving-car-simulation/Data/IMG/center_2019_03_01_18_32_11_125.jpg, /home/zubin/Desktop/Self-driving-car-simulation/Data/IMG/left_2019_03_01_18_32_11_125.jpg, /home/zubin/Desktop/Self-driving-car-simulation/Data/IMG/right_2019_03_01_18_32_11_125.jpg, 0, 1, 0, 30.19029
/home/zubin/Desktop/Self-driving-car-simulation/Data/IMG/center_2019_03_01_18_32_11_239.jpg, /home/zubin/Desktop/Self-driving-car-simulation/Data/IMG/left_2019_03_01_18_32_11_239.jpg, /home/zubin/Desktop/Self-driving-car-simulation/Data/IMG/right_2019_03_01_18_32_11_239.jpg, 0, 1, 0, 30.1903
/home/zubin/Desktop/Self-driving-car-simulation/Data/IMG/center_2019_03_01_18_32_11_340.jpg, /home/zubin/Desktop/Self-driving-car-simulation/Data/IMG/left_2019_03_01_18_32_11_340.jpg, /home/zubin/Desktop/Self-driving-car-simulation/Data/IMG/right_2019_03_01_18_32_11_340.jpg, 0, 1, 0, 30.19031
/home/zubin/Desktop/Self-driving-car-simulation/Data/IMG/center_2019_03_01_18_32_11_456.jpg, /home/zubin/Desktop/Self-driving-car-simulation/Data/IMG/left_2019_03_01_18_32_11_456.jpg, /home/zubin/Desktop/Self-driving-car-simulation/Data/IMG/right_2019_03_01_18_32_11_456.jpg, 0, 1, 0, 30.1903
/home/zubin/Desktop/Self-driving-car-simulation/Data/IMG/center_2019_03_01_18_32_11_557.jpg, /home/zubin/Desktop/Self-driving-car-simulation/Data/IMG/left_2019_03_01_18_32_11_557.jpg, /home/zubin/Desktop/Self-driving-car-simulation/Data/IMG/right_2019_03_01_18_32_11_557.jpg, 0, 1, 0, 30.19032
/home/zubin/Desktop/Self-driving-car-simulation/Data/IMG/center_2019_03_01_18_32_11_673.jpg, /home/zubin/Desktop/Self-driving-car-simulation/Data/IMG/left_2019_03_01_18_32_11_673.jpg, /home/zubin/Desktop/Self-driving-car-simulation/Data/IMG/right_2019_03_01_18_32_11_673.jpg, 0, 1, 0, 30.19029
/home/zubin/Desktop/Self-driving-car-simulation/Data/IMG/center_2019_03_01_18_32_11_790.jpg, /home/zubin/Desktop/Self-driving-car-simulation/Data/IMG/left_2019_03_01_18_32_11_790.jpg, /home/zubin/Desktop/Self-driving-car-simulation/Data/IMG/right_2019_03_01_18_32_11_790.jpg, 0, 1, 0, 30.1903
/home/zubin/Desktop/Self-driving-car-simulation/Data/IMG/center_2019_03_01_18_32_11_905.jpg, /home/zubin/Desktop/Self-driving-car-simulation/Data/IMG/left_2019_03_01_18_32_11_905.jpg, /home/zubin/Desktop/Self-driving-car-simulation/Data/IMG/right_2019_03_01_18_32_11_905.jpg, 0, 1, 0, 30.19031
/home/zubin/Desktop/Self-driving-car-simulation/Data/IMG/center_2019_03_01_18_32_12_022.jpg, /home/zubin/Desktop/Self-driving-car-simulation/Data/IMG/left_2019_03_01_18_32_12_022.jpg, /home/zubin/Desktop/Self-driving-car-simulation/Data/IMG/right_2019_03_01_18_32_12_022.jpg, -0.04667115, 1, 0, 30.19038
/home/zubin/Desktop/Self-driving-car-simulation/Data/IMG/center_2019_03_01_18_32_12_123.jpg, /home/zubin/Desktop/Self-driving-car-simulation/Data/IMG/left_2019_03_01_18_32_12_123.jpg, /home/zubin/Desktop/Self-driving-car-simulation/Data/IMG/right_2019_03_01_18_32_12_123.jpg, 0, 1, 0, 30.1902
/home/zubin/Desktop/Self-driving-car-simulation/Data/IMG/center_2019_03_01_18_32_12_225.jpg, /home/zubin/Desktop/Self-driving-car-simulation/Data/IMG/left_2019_03_01_18_32_12_225.jpg, /home/zubin/Desktop/Self-driving-car-simulation/Data/IMG/right_2019_03_01_18_32_12_225.jpg, 0, 1, 0, 30.19029
/home/zubin/Desktop/Self-driving-car-simulation/Data/IMG/center_2019_03_01_18_32_12_338.jpg, /home/zubin/Desktop/Self-driving-car-simulation/Data/IMG/left_2019_03_01_18_32_12_338.jpg, /home/zubin/Desktop/Self-driving-car-simulation/Data/IMG/right_2019_03_01_18_32_12_338.jpg, 0, 1, 0, 30.19031
/home/zubin/Desktop/Self-driving-car-simulation/Data/IMG/center_2019_03_01_18_32_12_439.jpg, /home/zubin/Desktop/Self-driving-car-simulation/Data/IMG/left_2019_03_01_18_32_12_439.jpg, /home/zubin/Desktop/Self-driving-car-simulation/Data/IMG/right_2019_03_01_18_32_12_439.jpg, 0, 1, 0, 30.1903
/home/zubin/Desktop/Self-driving-car-simulation/Data/IMG/center_2019_03_01_18_32_12_540.jpg, /home/zubin/Desktop/Self-driving-car-simulation/Data/IMG/left_2019_03_01_18_32_12_540.jpg, /home/zubin/Desktop/Self-driving-car-simulation/Data/IMG/right_2019_03_01_18_32_12_540.jpg, 0, 1, 0, 30.19029
/home/zubin/Desktop/Self-driving-car-simulation/Data/IMG/center_2019_03_01_18_32_12_657.jpg, /home/zubin/Desktop/Self-driving-car-simulation/Data/IMG/left_2019_03_01_18_32_12_657.jpg, /home/zubin/Desktop/Self-driving-car-simulation/Data/IMG/right_2019_03_01_18_32_12_657.jpg, 0, 1, 0, 30.19031
/home/zubin/Desktop/Self-driving-car-simulation/Data/IMG/center_2019_03_01_18_32_12_770.jpg, /home/zubin/Desktop/Self-driving-car-simulation/Data/IMG/left_2019_03_01_18_32_12_770.jpg, /home/zubin/Desktop/Self-driving-car-simulation/Data/IMG/right_2019_03_01_18_32_12_770.jpg, -0.2917378, 1, 0, 30.16986
/home/zubin/Desktop/Self-driving-car-simulation/Data/IMG/center_2019_03_01_18_32_12_871.jpg, /home/zubin/Desktop/Self-driving-car-simulation/Data/IMG/left_2019_03_01_18_32_12_871.jpg, /home/zubin/Desktop/Self-driving-car-simulation/Data/IMG/right_2019_03_01_18_32_12_871.jpg, -0.08396673, 1, 0, 30.19107
/home/zubin/Desktop/Self-driving-car-simulation/Data/IMG/center_2019_03_01_18_32_12_972.jpg, /home/zubin/Desktop/Self-driving-car-simulation/Data/IMG/left_2019_03_01_18_32_12_972.jpg, /home/zubin/Desktop/Self-driving-car-simulation/Data/IMG/right_2019_03_01_18_32_12_972.jpg, 0, 1, 0, 30.18986
/home/zubin/Desktop/Self-driving-car-simulation/Data/IMG/center_2019_03_01_18_32_13_072.jpg, /home/zubin/Desktop/Self-driving-car-simulation/Data/IMG/left_2019_03_01_18_32_13_072.jpg, /home/zubin/Desktop/Self-driving-car-simulation/Data/IMG/right_2019_03_01_18_32_13_072.jpg, 0, 1, 0, 30.19024
/home/zubin/Desktop/Self-driving-car-simulation/Data/IMG/center_2019_03_01_18_32_13_173.jpg, /home/zubin/Desktop/Self-driving-car-simulation/Data/IMG/left_2019_03_01_18_32_13_173.jpg, /home/zubin/Desktop/Self-driving-car-simulation/Data/IMG/right_2019_03_01_18_32_13_173.jpg, 0, 1, 0, 30.19028
/home/zubin/Desktop/Self-driving-car-simulation/Data/IMG/center_2019_03_01_18_32_13_290.jpg, /home/zubin/Desktop/Self-driving-car-simulation/Data/IMG/left_2019_03_01_18_32_13_290.jpg, /home/zubin/Desktop/Self-driving-car-simulation/Data/IMG/right_2019_03_01_18_32_13_290.jpg, 0, 1, 0, 30.1903
/home/zubin/Desktop/Self-driving-car-simulation/Data/IMG/center_2019_03_01_18_32_13_404.jpg, /home/zubin/Desktop/Self-driving-car-simulation/Data/IMG/left_2019_03_01_18_32_13_404.jpg, /home/zubin/Desktop/Self-driving-car-simulation/Data/IMG/right_2019_03_01_18_32_13_404.jpg, 0, 1, 0, 30.1903
/home/zubin/Desktop/Self-driving-car-simulation/Data/IMG/center_2019_03_01_18_32_13_506.jpg, /home/zubin/Desktop/Self-driving-car-simulation/Data/IMG/left_2019_03_01_18_32_13_506.jpg, /home/zubin/Desktop/Self-driving-car-simulation/Data/IMG/right_2019_03_01_18_32_13_506.jpg, 0, 1, 0, 30.19028
/home/zubin/Desktop/Self-driving-car-simulation/Data/IMG/center_2019_03_01_18_32_13_621.jpg, /home/zubin/Desktop/Self-driving-car-simulation/Data/IMG/left_2019_03_01_18_32_13_621.jpg, /home/zubin/Desktop/Self-driving-car-simulation/Data/IMG/right_2019_03_01_18_32_13_621.jpg, 0, 1, 0, 30.19028
/home/zubin/Desktop/Self-driving-car-simulation/Data/IMG/center_2019_03_01_18_32_13_721.jpg, /home/zubin/Desktop/Self-driving-car-simulation/Data/IMG/left_2019_03_01_18_32_13_721.jpg, /home/zubin/Desktop/Self-driving-car-simulation/Data/IMG/right_2019_03_01_18_32_13_721.jpg, -0.04767537, 1, 0, 30.18975
/home/zubin/Desktop/Self-driving-car-simulation/Data/IMG/center_2019_03_01_18_32_13_822.jpg, /home/zubin/Desktop/Self-driving-car-simulation/Data/IMG/left_2019_03_01_18_32_13_822.jpg, /home/zubin/Desktop/Self-driving-car-simulation/Data/IMG/right_2019_03_01_18_32_13_822.jpg, -0.1483312, 1, 0, 30.1878
/home/zubin/Desktop/Self-driving-car-simulation/Data/IMG/center_2019_03_01_18_32_13_939.jpg, /home/zubin/Desktop/Self-driving-car-simulation/Data/IMG/left_2019_03_01_18_32_13_939.jpg, /home/zubin/Desktop/Self-driving-car-simulation/Data/IMG/right_2019_03_01_18_32_13_939.jpg, 0, 1, 0, 30.18999
/home/zubin/Desktop/Self-driving-car-simulation/Data/IMG/center_2019_03_01_18_32_14_052.jpg, /home/zubin/Desktop/Self-driving-car-simulation/Data/IMG/left_2019_03_01_18_32_14_052.jpg, /home/zubin/Desktop/Self-driving-car-simulation/Data/IMG/right_2019_03_01_18_32_14_052.jpg, 0, 1, 0, 30.19026
/home/zubin/Desktop/Self-driving-car-simulation/Data/IMG/center_2019_03_01_18_32_14_153.jpg, /home/zubin/Desktop/Self-driving-car-simulation/Data/IMG/left_2019_03_01_18_32_14_153.jpg, /home/zubin/Desktop/Self-driving-car-simulation/Data/IMG/right_2019_03_01_18_32_14_153.jpg, 0, 1, 0, 30.1903
/home/zubin/Desktop/Self-driving-car-simulation/Data/IMG/center_2019_03_01_18_32_14_253.jpg, /home/zubin/Desktop/Self-driving-car-simulation/Data/IMG/left_2019_03_01_18_32_14_253.jpg, /home/zubin/Desktop/Self-driving-car-simulation/Data/IMG/right_2019_03_01_18_32_14_253.jpg, 0, 1, 0, 30.19028
/home/zubin/Desktop/Self-driving-car-simulation/Data/IMG/center_2019_03_01_18_32_14_371.jpg, /home/zubin/Desktop/Self-driving-car-simulation/Data/IMG/left_2019_03_01_18_32_14_371.jpg, /home/zubin/Desktop/Self-driving-car-simulation/Data/IMG/right_2019_03_01_18_32_14_371.jpg, 0, 1, 0, 30.1903
/home/zubin/Desktop/Self-driving-car-simulation/Data/IMG/center_2019_03_01_18_32_14_488.jpg, /home/zubin/Desktop/Self-driving-car-simulation/Data/IMG/left_2019_03_01_18_32_14_488.jpg, /home/zubin/Desktop/Self-driving-car-simulation/Data/IMG/right_2019_03_01_18_32_14_488.jpg, 0, 1, 0, 30.1903
/home/zubin/Desktop/Self-driving-car-simulation/Data/IMG/center_2019_03_01_18_32_14_603.jpg, /home/zubin/Desktop/Self-driving-car-simulation/Data/IMG/left_2019_03_01_18_32_14_603.jpg, /home/zubin/Desktop/Self-driving-car-simulation/Data/IMG/right_2019_03_01_18_32_14_603.jpg, 0, 1, 0, 30.19031
/home/zubin/Desktop/Self-driving-car-simulation/Data/IMG/center_2019_03_01_18_32_14_704.jpg, /home/zubin/Desktop/Self-driving-car-simulation/Data/IMG/left_2019_03_01_18_32_14_704.jpg, /home/zubin/Desktop/Self-driving-car-simulation/Data/IMG/right_2019_03_01_18_32_14_704.jpg, 0, 1, 0, 30.19029
/home/zubin/Desktop/Self-driving-car-simulation/Data/IMG/center_2019_03_01_18_32_14_820.jpg, /home/zubin/Desktop/Self-driving-car-simulation/Data/IMG/left_2019_03_01_18_32_14_820.jpg, /home/zubin/Desktop/Self-driving-car-simulation/Data/IMG/right_2019_03_01_18_32_14_820.jpg, -0.1549559, 1, 0, 30.1839
/home/zubin/Desktop/Self-driving-car-simulation/Data/IMG/center_2019_03_01_18_32_14_936.jpg, /home/zubin/Desktop/Self-driving-car-simulation/Data/IMG/left_2019_03_01_18_32_14_936.jpg, /home/zubin/Desktop/Self-driving-car-simulation/Data/IMG/right_2019_03_01_18_32_14_936.jpg, 0, 1, 0, 30.19026
/home/zubin/Desktop/Self-driving-car-simulation/Data/IMG/center_2019_03_01_18_32_15_037.jpg, /home/zubin/Desktop/Self-driving-car-simulation/Data/IMG/left_2019_03_01_18_32_15_037.jpg, /home/zubin/Desktop/Self-driving-car-simulation/Data/IMG/right_2019_03_01_18_32_15_037.jpg, 0, 1, 0, 30.19029
/home/zubin/Desktop/Self-driving-car-simulation/Data/IMG/center_2019_03_01_18_32_15_153.jpg, /home/zubin/Desktop/Self-driving-car-simulation/Data/IMG/left_2019_03_01_18_32_15_153.jpg, /home/zubin/Desktop/Self-driving-car-simulation/Data/IMG/right_2019_03_01_18_32_15_153.jpg, -0.05505323, 1, 0, 30.18964
/home/zubin/Desktop/Self-driving-car-simulation/Data/IMG/center_2019_03_01_18_32_15_271.jpg, /home/zubin/Desktop/Self-driving-car-simulation/Data/IMG/left_2019_03_01_18_32_15_271.jpg, /home/zubin/Desktop/Self-driving-car-simulation/Data/IMG/right_2019_03_01_18_32_15_271.jpg, -0.1000886, 1, 0, 30.18965
/home/zubin/Desktop/Self-driving-car-simulation/Data/IMG/center_2019_03_01_18_32_15_386.jpg, /home/zubin/Desktop/Self-driving-car-simulation/Data/IMG/left_2019_03_01_18_32_15_386.jpg, /home/zubin/Desktop/Self-driving-car-simulation/Data/IMG/right_2019_03_01_18_32_15_386.jpg, -0.09921885, 1, 0, 30.18932
/home/zubin/Desktop/Self-driving-car-simulation/Data/IMG/center_2019_03_01_18_32_15_487.jpg, /home/zubin/Desktop/Self-driving-car-simulation/Data/IMG/left_2019_03_01_18_32_15_487.jpg, /home/zubin/Desktop/Self-driving-car-simulation/Data/IMG/right_2019_03_01_18_32_15_487.jpg, -0.1922736, 1, 0, 30.18621
/home/zubin/Desktop/Self-driving-car-simulation/Data/IMG/center_2019_03_01_18_32_15_601.jpg, /home/zubin/Desktop/Self-driving-car-simulation/Data/IMG/left_2019_03_01_18_32_15_601.jpg, /home/zubin/Desktop/Self-driving-car-simulation/Data/IMG/right_2019_03_01_18_32_15_601.jpg, 0, 1, 0, 30.18976
/home/zubin/Desktop/Self-driving-car-simulation/Data/IMG/center_2019_03_01_18_32_15_718.jpg, /home/zubin/Desktop/Self-driving-car-simulation/Data/IMG/left_2019_03_01_18_32_15_718.jpg, /home/zubin/Desktop/Self-driving-car-simulation/Data/IMG/right_2019_03_01_18_32_15_718.jpg, 0, 1, 0, 30.19025
/home/zubin/Desktop/Self-driving-car-simulation/Data/IMG/center_2019_03_01_18_32_15_820.jpg, /home/zubin/Desktop/Self-driving-car-simulation/Data/IMG/left_2019_03_01_18_32_15_820.jpg, /home/zubin/Desktop/Self-driving-car-simulation/Data/IMG/right_2019_03_01_18_32_15_820.jpg, 0, 1, 0, 30.19024
/home/zubin/Desktop/Self-driving-car-simulation/Data/IMG/center_2019_03_01_18_32_15_937.jpg, /home/zubin/Desktop/Self-driving-car-simulation/Data/IMG/left_2019_03_01_18_32_15_937.jpg, /home/zubin/Desktop/Self-driving-car-simulation/Data/IMG/right_2019_03_01_18_32_15_937.jpg, 0, 1, 0, 30.19031
/home/zubin/Desktop/Self-driving-car-simulation/Data/IMG/center_2019_03_01_18_32_16_037.jpg, /home/zubin/Desktop/Self-driving-car-simulation/Data/IMG/left_2019_03_01_18_32_16_037.jpg, /home/zubin/Desktop/Self-driving-car-simulation/Data/IMG/right_2019_03_01_18_32_16_037.jpg, 0, 1, 0, 30.19031
/home/zubin/Desktop/Self-driving-car-simulation/Data/IMG/center_2019_03_01_18_32_16_152.jpg, /home/zubin/Desktop/Self-driving-car-simulation/Data/IMG/left_2019_03_01_18_32_16_152.jpg, /home/zubin/Desktop/Self-driving-car-simulation/Data/IMG/right_2019_03_01_18_32_16_152.jpg, 0, 1, 0, 30.19032
/home/zubin/Desktop/Self-driving-car-simulation/Data/IMG/center_2019_03_01_18_32_16_270.jpg, /home/zubin/Desktop/Self-driving-car-simulation/Data/IMG/left_2019_03_01_18_32_16_270.jpg, /home/zubin/Desktop/Self-driving-car-simulation/Data/IMG/right_2019_03_01_18_32_16_270.jpg, 0, 1, 0, 30.19029
/home/zubin/Desktop/Self-driving-car-simulation/Data/IMG/center_2019_03_01_18_32_16_386.jpg, /home/zubin/Desktop/Self-driving-car-simulation/Data/IMG/left_2019_03_01_18_32_16_386.jpg, /home/zubin/Desktop/Self-driving-car-simulation/Data/IMG/right_2019_03_01_18_32_16_386.jpg, 0.05420065, 1, 0, 30.18962
/home/zubin/Desktop/Self-driving-car-simulation/Data/IMG/center_2019_03_01_18_32_16_501.jpg, /home/zubin/Desktop/Self-driving-car-simulation/Data/IMG/left_2019_03_01_18_32_16_501.jpg, /home/zubin/Desktop/Self-driving-car-simulation/Data/IMG/right_2019_03_01_18_32_16_501.jpg, 0.210047, 1, 0, 30.18431
/home/zubin/Desktop/Self-driving-car-simulation/Data/IMG/center_2019_03_01_18_32_16_604.jpg, /home/zubin/Desktop/Self-driving-car-simulation/Data/IMG/left_2019_03_01_18_32_16_604.jpg, /home/zubin/Desktop/Self-driving-car-simulation/Data/IMG/right_2019_03_01_18_32_16_604.jpg, 0, 1, 0, 30.1894
/home/zubin/Desktop/Self-driving-car-simulation/Data/IMG/center_2019_03_01_18_32_16_716.jpg, /home/zubin/Desktop/Self-driving-car-simulation/Data/IMG/left_2019_03_01_18_32_16_716.jpg, /home/zubin/Desktop/Self-driving-car-simulation/Data/IMG/right_2019_03_01_18_32_16_716.jpg, 0, 1, 0, 30.1902
/home/zubin/Desktop/Self-driving-car-simulation/Data/IMG/center_2019_03_01_18_32_16_817.jpg, /home/zubin/Desktop/Self-driving-car-simulation/Data/IMG/left_2019_03_01_18_32_16_817.jpg, /home/zubin/Desktop/Self-driving-car-simulation/Data/IMG/right_2019_03_01_18_32_16_817.jpg, 0, 1, 0, 30.1903
/home/zubin/Desktop/Self-driving-car-simulation/Data/IMG/center_2019_03_01_18_32_16_918.jpg, /home/zubin/Desktop/Self-driving-car-simulation/Data/IMG/left_2019_03_01_18_32_16_918.jpg, /home/zubin/Desktop/Self-driving-car-simulation/Data/IMG/right_2019_03_01_18_32_16_918.jpg, -0.09823823, 1, 0, 30.1874
/home/zubin/Desktop/Self-driving-car-simulation/Data/IMG/center_2019_03_01_18_32_17_021.jpg, /home/zubin/Desktop/Self-driving-car-simulation/Data/IMG/left_2019_03_01_18_32_17_021.jpg, /home/zubin/Desktop/Self-driving-car-simulation/Data/IMG/right_2019_03_01_18_32_17_021.jpg, -0.01584077, 1, 0, 30.1903
/home/zubin/Desktop/Self-driving-car-simulation/Data/IMG/center_2019_03_01_18_32_17_135.jpg, /home/zubin/Desktop/Self-driving-car-simulation/Data/IMG/left_2019_03_01_18_32_17_135.jpg, /home/zubin/Desktop/Self-driving-car-simulation/Data/IMG/right_2019_03_01_18_32_17_135.jpg, 0, 1, 0, 30.19019
/home/zubin/Desktop/Self-driving-car-simulation/Data/IMG/center_2019_03_01_18_32_17_235.jpg, /home/zubin/Desktop/Self-driving-car-simulation/Data/IMG/left_2019_03_01_18_32_17_235.jpg, /home/zubin/Desktop/Self-driving-car-simulation/Data/IMG/right_2019_03_01_18_32_17_235.jpg, 0, 1, 0, 30.19031
/home/zubin/Desktop/Self-driving-car-simulation/Data/IMG/center_2019_03_01_18_32_17_336.jpg, /home/zubin/Desktop/Self-driving-car-simulation/Data/IMG/left_2019_03_01_18_32_17_336.jpg, /home/zubin/Desktop/Self-driving-car-simulation/Data/IMG/right_2019_03_01_18_32_17_336.jpg, 0, 1, 0, 30.19029
/home/zubin/Desktop/Self-driving-car-simulation/Data/IMG/center_2019_03_01_18_32_17_450.jpg, /home/zubin/Desktop/Self-driving-car-simulation/Data/IMG/left_2019_03_01_18_32_17_450.jpg, /home/zubin/Desktop/Self-driving-car-simulation/Data/IMG/right_2019_03_01_18_32_17_450.jpg, 0, 1, 0, 30.19029
/home/zubin/Desktop/Self-driving-car-simulation/Data/IMG/center_2019_03_01_18_32_17_550.jpg, /home/zubin/Desktop/Self-driving-car-simulation/Data/IMG/left_2019_03_01_18_32_17_550.jpg, /home/zubin/Desktop/Self-driving-car-simulation/Data/IMG/right_2019_03_01_18_32_17_550.jpg, 0, 1, 0, 30.19031
/home/zubin/Desktop/Self-driving-car-simulation/Data/IMG/center_2019_03_01_18_32_17_652.jpg, /home/zubin/Desktop/Self-driving-car-simulation/Data/IMG/left_2019_03_01_18_32_17_652.jpg, /home/zubin/Desktop/Self-driving-car-simulation/Data/IMG/right_2019_03_01_18_32_17_652.jpg, 0, 1, 0, 30.19031
/home/zubin/Desktop/Self-driving-car-simulation/Data/IMG/center_2019_03_01_18_32_17_770.jpg, /home/zubin/Desktop/Self-driving-car-simulation/Data/IMG/left_2019_03_01_18_32_17_770.jpg, /home/zubin/Desktop/Self-driving-car-simulation/Data/IMG/right_2019_03_01_18_32_17_770.jpg, 0, 1, 0, 30.19031
/home/zubin/Desktop/Self-driving-car-simulation/Data/IMG/center_2019_03_01_18_32_17_882.jpg, /home/zubin/Desktop/Self-driving-car-simulation/Data/IMG/left_2019_03_01_18_32_17_882.jpg, /home/zubin/Desktop/Self-driving-car-simulation/Data/IMG/right_2019_03_01_18_32_17_882.jpg, 0, 1, 0, 30.19029
/home/zubin/Desktop/Self-driving-car-simulation/Data/IMG/center_2019_03_01_18_32_17_986.jpg, /home/zubin/Desktop/Self-driving-car-simulation/Data/IMG/left_2019_03_01_18_32_17_986.jpg, /home/zubin/Desktop/Self-driving-car-simulation/Data/IMG/right_2019_03_01_18_32_17_986.jpg, 0, 1, 0, 30.19031
/home/zubin/Desktop/Self-driving-car-simulation/Data/IMG/center_2019_03_01_18_32_18_102.jpg, /home/zubin/Desktop/Self-driving-car-simulation/Data/IMG/left_2019_03_01_18_32_18_102.jpg, /home/zubin/Desktop/Self-driving-car-simulation/Data/IMG/right_2019_03_01_18_32_18_102.jpg, 0, 1, 0, 30.19029
/home/zubin/Desktop/Self-driving-car-simulation/Data/IMG/center_2019_03_01_18_32_18_216.jpg, /home/zubin/Desktop/Self-driving-car-simulation/Data/IMG/left_2019_03_01_18_32_18_216.jpg, /home/zubin/Desktop/Self-driving-car-simulation/Data/IMG/right_2019_03_01_18_32_18_216.jpg, 0, 1, 0, 30.1903
/home/zubin/Desktop/Self-driving-car-simulation/Data/IMG/center_2019_03_01_18_32_18_336.jpg, /home/zubin/Desktop/Self-driving-car-simulation/Data/IMG/left_2019_03_01_18_32_18_336.jpg, /home/zubin/Desktop/Self-driving-car-simulation/Data/IMG/right_2019_03_01_18_32_18_336.jpg, 0, 1, 0, 30.1903
/home/zubin/Desktop/Self-driving-car-simulation/Data/IMG/center_2019_03_01_18_32_18_452.jpg, /home/zubin/Desktop/Self-driving-car-simulation/Data/IMG/left_2019_03_01_18_32_18_452.jpg, /home/zubin/Desktop/Self-driving-car-simulation/Data/IMG/right_2019_03_01_18_32_18_452.jpg, 0, 1, 0, 30.19021
/home/zubin/Desktop/Self-driving-car-simulation/Data/IMG/center_2019_03_01_18_32_18_568.jpg, /home/zubin/Desktop/Self-driving-car-simulation/Data/IMG/left_2019_03_01_18_32_18_568.jpg, /home/zubin/Desktop/Self-driving-car-simulation/Data/IMG/right_2019_03_01_18_32_18_568.jpg, 0, 1, 0, 30.19029
/home/zubin/Desktop/Self-driving-car-simulation/Data/IMG/center_2019_03_01_18_32_18_684.jpg, /home/zubin/Desktop/Self-driving-car-simulation/Data/IMG/left_2019_03_01_18_32_18_684.jpg, /home/zubin/Desktop/Self-driving-car-simulation/Data/IMG/right_2019_03_01_18_32_18_684.jpg, 0, 1, 0, 30.19029
/home/zubin/Desktop/Self-driving-car-simulation/Data/IMG/center_2019_03_01_18_32_18_784.jpg, /home/zubin/Desktop/Self-driving-car-simulation/Data/IMG/left_2019_03_01_18_32_18_784.jpg, /home/zubin/Desktop/Self-driving-car-simulation/Data/IMG/right_2019_03_01_18_32_18_784.jpg, 0, 1, 0, 30.19031
/home/zubin/Desktop/Self-driving-car-simulation/Data/IMG/center_2019_03_01_18_32_18_900.jpg, /home/zubin/Desktop/Self-driving-car-simulation/Data/IMG/left_2019_03_01_18_32_18_900.jpg, /home/zubin/Desktop/Self-driving-car-simulation/Data/IMG/right_2019_03_01_18_32_18_900.jpg, 0, 1, 0, 30.19032
/home/zubin/Desktop/Self-driving-car-simulation/Data/IMG/center_2019_03_01_18_32_19_002.jpg, /home/zubin/Desktop/Self-driving-car-simulation/Data/IMG/left_2019_03_01_18_32_19_002.jpg, /home/zubin/Desktop/Self-driving-car-simulation/Data/IMG/right_2019_03_01_18_32_19_002.jpg, 0, 1, 0, 30.1903
/home/zubin/Desktop/Self-driving-car-simulation/Data/IMG/center_2019_03_01_18_32_19_116.jpg, /home/zubin/Desktop/Self-driving-car-simulation/Data/IMG/left_2019_03_01_18_32_19_116.jpg, /home/zubin/Desktop/Self-driving-car-simulation/Data/IMG/right_2019_03_01_18_32_19_116.jpg, 0, 1, 0, 30.1903
/home/zubin/Desktop/Self-driving-car-simulation/Data/IMG/center_2019_03_01_18_32_19_216.jpg, /home/zubin/Desktop/Self-driving-car-simulation/Data/IMG/left_2019_03_01_18_32_19_216.jpg, /home/zubin/Desktop/Self-driving-car-simulation/Data/IMG/right_2019_03_01_18_32_19_216.jpg, 0, 1, 0, 30.19027
/home/zubin/Desktop/Self-driving-car-simulation/Data/IMG/center_2019_03_01_18_32_19_334.jpg, /home/zubin/Desktop/Self-driving-car-simulation/Data/IMG/left_2019_03_01_18_32_19_334.jpg, /home/zubin/Desktop/Self-driving-car-simulation/Data/IMG/right_2019_03_01_18_32_19_334.jpg, -0.05637002, 1, 0, 30.18955
/home/zubin/Desktop/Self-driving-car-simulation/Data/IMG/center_2019_03_01_18_32_19_436.jpg, /home/zubin/Desktop/Self-driving-car-simulation/Data/IMG/left_2019_03_01_18_32_19_436.jpg, /home/zubin/Desktop/Self-driving-car-simulation/Data/IMG/right_2019_03_01_18_32_19_436.jpg, -0.1389599, 1, 0, 30.18857
/home/zubin/Desktop/Self-driving-car-simulation/Data/IMG/center_2019_03_01_18_32_19_549.jpg, /home/zubin/Desktop/Self-driving-car-simulation/Data/IMG/left_2019_03_01_18_32_19_549.jpg, /home/zubin/Desktop/Self-driving-car-simulation/Data/IMG/right_2019_03_01_18_32_19_549.jpg, 0, 1, 0, 30.18993
/home/zubin/Desktop/Self-driving-car-simulation/Data/IMG/center_2019_03_01_18_32_19_666.jpg, /home/zubin/Desktop/Self-driving-car-simulation/Data/IMG/left_2019_03_01_18_32_19_666.jpg, /home/zubin/Desktop/Self-driving-car-simulation/Data/IMG/right_2019_03_01_18_32_19_666.jpg, 0, 1, 0, 30.19026
/home/zubin/Desktop/Self-driving-car-simulation/Data/IMG/center_2019_03_01_18_32_19_767.jpg, /home/zubin/Desktop/Self-driving-car-simulation/Data/IMG/left_2019_03_01_18_32_19_767.jpg, /home/zubin/Desktop/Self-driving-car-simulation/Data/IMG/right_2019_03_01_18_32_19_767.jpg, 0, 1, 0, 30.1903
/home/zubin/Desktop/Self-driving-car-simulation/Data/IMG/center_2019_03_01_18_32_19_869.jpg, /home/zubin/Desktop/Self-driving-car-simulation/Data/IMG/left_2019_03_01_18_32_19_869.jpg, /home/zubin/Desktop/Self-driving-car-simulation/Data/IMG/right_2019_03_01_18_32_19_869.jpg, -0.3045902, 1, 0, 30.16672
/home/zubin/Desktop/Self-driving-car-simulation/Data/IMG/center_2019_03_01_18_32_19_983.jpg, /home/zubin/Desktop/Self-driving-car-simulation/Data/IMG/left_2019_03_01_18_32_19_983.jpg, /home/zubin/Desktop/Self-driving-car-simulation/Data/IMG/right_2019_03_01_18_32_19_983.jpg, 0, 1, 0, 30.18902
/home/zubin/Desktop/Self-driving-car-simulation/Data/IMG/center_2019_03_01_18_32_20_084.jpg, /home/zubin/Desktop/Self-driving-car-simulation/Data/IMG/left_2019_03_01_18_32_20_084.jpg, /home/zubin/Desktop/Self-driving-car-simulation/Data/IMG/right_2019_03_01_18_32_20_084.jpg, -0.1450889, 1, 0, 30.18726
/home/zubin/Desktop/Self-driving-car-simulation/Data/IMG/center_2019_03_01_18_32_20_185.jpg, /home/zubin/Desktop/Self-driving-car-simulation/Data/IMG/left_2019_03_01_18_32_20_185.jpg, /home/zubin/Desktop/Self-driving-car-simulation/Data/IMG/right_2019_03_01_18_32_20_185.jpg, -0.03139758, 1, 0, 30.19071
/home/zubin/Desktop/Self-driving-car-simulation/Data/IMG/center_2019_03_01_18_32_20_301.jpg, /home/zubin/Desktop/Self-driving-car-simulation/Data/IMG/left_2019_03_01_18_32_20_301.jpg, /home/zubin/Desktop/Self-driving-car-simulation/Data/IMG/right_2019_03_01_18_32_20_301.jpg, 0, 1, 0, 30.19015
/home/zubin/Desktop/Self-driving-car-simulation/Data/IMG/center_2019_03_01_18_32_20_401.jpg, /home/zubin/Desktop/Self-driving-car-simulation/Data/IMG/left_2019_03_01_18_32_20_401.jpg, /home/zubin/Desktop/Self-driving-car-simulation/Data/IMG/right_2019_03_01_18_32_20_401.jpg, 0, 1, 0, 30.19029
/home/zubin/Desktop/Self-driving-car-simulation/Data/IMG/center_2019_03_01_18_32_20_515.jpg, /home/zubin/Desktop/Self-driving-car-simulation/Data/IMG/left_2019_03_01_18_32_20_515.jpg, /home/zubin/Desktop/Self-driving-car-simulation/Data/IMG/right_2019_03_01_18_32_20_515.jpg, 0, 1, 0, 30.19029
/home/zubin/Desktop/Self-driving-car-simulation/Data/IMG/center_2019_03_01_18_32_20_633.jpg, /home/zubin/Desktop/Self-driving-car-simulation/Data/IMG/left_2019_03_01_18_32_20_633.jpg, /home/zubin/Desktop/Self-driving-car-simulation/Data/IMG/right_2019_03_01_18_32_20_633.jpg, 0, 1, 0, 30.19029
/home/zubin/Desktop/Self-driving-car-simulation/Data/IMG/center_2019_03_01_18_32_20_751.jpg, /home/zubin/Desktop/Self-driving-car-simulation/Data/IMG/left_2019_03_01_18_32_20_751.jpg, /home/zubin/Desktop/Self-driving-car-simulation/Data/IMG/right_2019_03_01_18_32_20_751.jpg, 0, 1, 0, 30.19031
/home/zubin/Desktop/Self-driving-car-simulation/Data/IMG/center_2019_03_01_18_32_20_868.jpg, /home/zubin/Desktop/Self-driving-car-simulation/Data/IMG/left_2019_03_01_18_32_20_868.jpg, /home/zubin/Desktop/Self-driving-car-simulation/Data/IMG/right_2019_03_01_18_32_20_868.jpg, 0, 1, 0, 30.19027
/home/zubin/Desktop/Self-driving-car-simulation/Data/IMG/center_2019_03_01_18_32_20_969.jpg, /home/zubin/Desktop/Self-driving-car-simulation/Data/IMG/left_2019_03_01_18_32_20_969.jpg, /home/zubin/Desktop/Self-driving-car-simulation/Data/IMG/right_2019_03_01_18_32_20_969.jpg, 0, 1, 0, 30.19031
/home/zubin/Desktop/Self-driving-car-simulation/Data/IMG/center_2019_03_01_18_32_21_083.jpg, /home/zubin/Desktop/Self-driving-car-simulation/Data/IMG/left_2019_03_01_18_32_21_083.jpg, /home/zubin/Desktop/Self-driving-car-simulation/Data/IMG/right_2019_03_01_18_32_21_083.jpg, 0, 1, 0, 30.19029
/home/zubin/Desktop/Self-driving-car-simulation/Data/IMG/center_2019_03_01_18_32_21_200.jpg, /home/zubin/Desktop/Self-driving-car-simulation/Data/IMG/left_2019_03_01_18_32_21_200.jpg, /home/zubin/Desktop/Self-driving-car-simulation/Data/IMG/right_2019_03_01_18_32_21_200.jpg, 0, 1, 0, 30.19027
/home/zubin/Desktop/Self-driving-car-simulation/Data/IMG/center_2019_03_01_18_32_21_301.jpg, /home/zubin/Desktop/Self-driving-car-simulation/Data/IMG/left_2019_03_01_18_32_21_301.jpg, /home/zubin/Desktop/Self-driving-car-simulation/Data/IMG/right_2019_03_01_18_32_21_301.jpg, 0, 1, 0, 30.19029
/home/zubin/Desktop/Self-driving-car-simulation/Data/IMG/center_2019_03_01_18_32_21_417.jpg, /home/zubin/Desktop/Self-driving-car-simulation/Data/IMG/left_2019_03_01_18_32_21_417.jpg, /home/zubin/Desktop/Self-driving-car-simulation/Data/IMG/right_2019_03_01_18_32_21_417.jpg, 0, 1, 0, 30.19025
/home/zubin/Desktop/Self-driving-car-simulation/Data/IMG/center_2019_03_01_18_32_21_532.jpg, /home/zubin/Desktop/Self-driving-car-simulation/Data/IMG/left_2019_03_01_18_32_21_532.jpg, /home/zubin/Desktop/Self-driving-car-simulation/Data/IMG/right_2019_03_01_18_32_21_532.jpg, 0, 1, 0, 30.19027
/home/zubin/Desktop/Self-driving-car-simulation/Data/IMG/center_2019_03_01_18_32_21_634.jpg, /home/zubin/Desktop/Self-driving-car-simulation/Data/IMG/left_2019_03_01_18_32_21_634.jpg, /home/zubin/Desktop/Self-driving-car-simulation/Data/IMG/right_2019_03_01_18_32_21_634.jpg, 0, 1, 0, 30.19032
/home/zubin/Desktop/Self-driving-car-simulation/Data/IMG/center_2019_03_01_18_32_21_751.jpg, /home/zubin/Desktop/Self-driving-car-simulation/Data/IMG/left_2019_03_01_18_32_21_751.jpg, /home/zubin/Desktop/Self-driving-car-simulation/Data/IMG/right_2019_03_01_18_32_21_751.jpg, 0, 1, 0, 30.19034
/home/zubin/Desktop/Self-driving-car-simulation/Data/IMG/center_2019_03_01_18_32_21_865.jpg, /home/zubin/Desktop/Self-driving-car-simulation/Data/IMG/left_2019_03_01_18_32_21_865.jpg, /home/zubin/Desktop/Self-driving-car-simulation/Data/IMG/right_2019_03_01_18_32_21_865.jpg, 0, 1, 0, 30.19032
/home/zubin/Desktop/Self-driving-car-simulation/Data/IMG/center_2019_03_01_18_32_21_965.jpg, /home/zubin/Desktop/Self-driving-car-simulation/Data/IMG/left_2019_03_01_18_32_21_965.jpg, /home/zubin/Desktop/Self-driving-car-simulation/Data/IMG/right_2019_03_01_18_32_21_965.jpg, 0, 1, 0, 30.19032
/home/zubin/Desktop/Self-driving-car-simulation/Data/IMG/center_2019_03_01_18_32_22_065.jpg, /home/zubin/Desktop/Self-driving-car-simulation/Data/IMG/left_2019_03_01_18_32_22_065.jpg, /home/zubin/Desktop/Self-driving-car-simulation/Data/IMG/right_2019_03_01_18_32_22_065.jpg, 0, 1, 0, 30.19031
/home/zubin/Desktop/Self-driving-car-simulation/Data/IMG/center_2019_03_01_18_32_22_181.jpg, /home/zubin/Desktop/Self-driving-car-simulation/Data/IMG/left_2019_03_01_18_32_22_181.jpg, /home/zubin/Desktop/Self-driving-car-simulation/Data/IMG/right_2019_03_01_18_32_22_181.jpg, 0, 1, 0, 30.19033
/home/zubin/Desktop/Self-driving-car-simulation/Data/IMG/center_2019_03_01_18_32_22_284.jpg, /home/zubin/Desktop/Self-driving-car-simulation/Data/IMG/left_2019_03_01_18_32_22_284.jpg, /home/zubin/Desktop/Self-driving-car-simulation/Data/IMG/right_2019_03_01_18_32_22_284.jpg, 0, 1, 0, 30.19031
/home/zubin/Desktop/Self-driving-car-simulation/Data/IMG/center_2019_03_01_18_32_22_397.jpg, /home/zubin/Desktop/Self-driving-car-simulation/Data/IMG/left_2019_03_01_18_32_22_397.jpg, /home/zubin/Desktop/Self-driving-car-simulation/Data/IMG/right_2019_03_01_18_32_22_397.jpg, 0, 1, 0, 30.19032
/home/zubin/Desktop/Self-driving-car-simulation/Data/IMG/center_2019_03_01_18_32_22_499.jpg, /home/zubin/Desktop/Self-driving-car-simulation/Data/IMG/left_2019_03_01_18_32_22_499.jpg, /home/zubin/Desktop/Self-driving-car-simulation/Data/IMG/right_2019_03_01_18_32_22_499.jpg, 0, 1, 0, 30.19032
/home/zubin/Desktop/Self-driving-car-simulation/Data/IMG/center_2019_03_01_18_32_22_599.jpg, /home/zubin/Desktop/Self-driving-car-simulation/Data/IMG/left_2019_03_01_18_32_22_599.jpg, /home/zubin/Desktop/Self-driving-car-simulation/Data/IMG/right_2019_03_01_18_32_22_599.jpg, 0, 1, 0, 30.19046
/home/zubin/Desktop/Self-driving-car-simulation/Data/IMG/center_2019_03_01_18_32_22_716.jpg, /home/zubin/Desktop/Self-driving-car-simulation/Data/IMG/left_2019_03_01_18_32_22_716.jpg, /home/zubin/Desktop/Self-driving-car-simulation/Data/IMG/right_2019_03_01_18_32_22_716.jpg, 0, 1, 0, 30.19031
/home/zubin/Desktop/Self-driving-car-simulation/Data/IMG/center_2019_03_01_18_32_22_830.jpg, /home/zubin/Desktop/Self-driving-car-simulation/Data/IMG/left_2019_03_01_18_32_22_830.jpg, /home/zubin/Desktop/Self-driving-car-simulation/Data/IMG/right_2019_03_01_18_32_22_830.jpg, 0, 1, 0, 30.19038
/home/zubin/Desktop/Self-driving-car-simulation/Data/IMG/center_2019_03_01_18_32_22_932.jpg, /home/zubin/Desktop/Self-driving-car-simulation/Data/IMG/left_2019_03_01_18_32_22_932.jpg, /home/zubin/Desktop/Self-driving-car-simulation/Data/IMG/right_2019_03_01_18_32_22_932.jpg, 0, 1, 0, 30.1903
/home/zubin/Desktop/Self-driving-car-simulation/Data/IMG/center_2019_03_01_18_32_23_047.jpg, /home/zubin/Desktop/Self-driving-car-simulation/Data/IMG/left_2019_03_01_18_32_23_047.jpg, /home/zubin/Desktop/Self-driving-car-simulation/Data/IMG/right_2019_03_01_18_32_23_047.jpg, -0.09552598, 1, 0, 30.18802
/home/zubin/Desktop/Self-driving-car-simulation/Data/IMG/center_2019_03_01_18_32_23_147.jpg, /home/zubin/Desktop/Self-driving-car-simulation/Data/IMG/left_2019_03_01_18_32_23_147.jpg, /home/zubin/Desktop/Self-driving-car-simulation/Data/IMG/right_2019_03_01_18_32_23_147.jpg, -0.0585959, 1, 0, 30.19021
/home/zubin/Desktop/Self-driving-car-simulation/Data/IMG/center_2019_03_01_18_32_23_248.jpg, /home/zubin/Desktop/Self-driving-car-simulation/Data/IMG/left_2019_03_01_18_32_23_248.jpg, /home/zubin/Desktop/Self-driving-car-simulation/Data/IMG/right_2019_03_01_18_32_23_248.jpg, 0, 1, 0, 30.19011
/home/zubin/Desktop/Self-driving-car-simulation/Data/IMG/center_2019_03_01_18_32_23_363.jpg, /home/zubin/Desktop/Self-driving-car-simulation/Data/IMG/left_2019_03_01_18_32_23_363.jpg, /home/zubin/Desktop/Self-driving-car-simulation/Data/IMG/right_2019_03_01_18_32_23_363.jpg, 0, 1, 0, 30.19029
/home/zubin/Desktop/Self-driving-car-simulation/Data/IMG/center_2019_03_01_18_32_23_467.jpg, /home/zubin/Desktop/Self-driving-car-simulation/Data/IMG/left_2019_03_01_18_32_23_467.jpg, /home/zubin/Desktop/Self-driving-car-simulation/Data/IMG/right_2019_03_01_18_32_23_467.jpg, 0, 1, 0, 30.19033
/home/zubin/Desktop/Self-driving-car-simulation/Data/IMG/center_2019_03_01_18_32_23_579.jpg, /home/zubin/Desktop/Self-driving-car-simulation/Data/IMG/left_2019_03_01_18_32_23_579.jpg, /home/zubin/Desktop/Self-driving-car-simulation/Data/IMG/right_2019_03_01_18_32_23_579.jpg, 0, 1, 0, 30.19029
/home/zubin/Desktop/Self-driving-car-simulation/Data/IMG/center_2019_03_01_18_32_23_683.jpg, /home/zubin/Desktop/Self-driving-car-simulation/Data/IMG/left_2019_03_01_18_32_23_683.jpg, /home/zubin/Desktop/Self-driving-car-simulation/Data/IMG/right_2019_03_01_18_32_23_683.jpg, 0, 1, 0, 30.19029
/home/zubin/Desktop/Self-driving-car-simulation/Data/IMG/center_2019_03_01_18_32_23_798.jpg, /home/zubin/Desktop/Self-driving-car-simulation/Data/IMG/left_2019_03_01_18_32_23_798.jpg, /home/zubin/Desktop/Self-driving-car-simulation/Data/IMG/right_2019_03_01_18_32_23_798.jpg, 0, 1, 0, 30.19031
/home/zubin/Desktop/Self-driving-car-simulation/Data/IMG/center_2019_03_01_18_32_23_898.jpg, /home/zubin/Desktop/Self-driving-car-simulation/Data/IMG/left_2019_03_01_18_32_23_898.jpg, /home/zubin/Desktop/Self-driving-car-simulation/Data/IMG/right_2019_03_01_18_32_23_898.jpg, 0, 1, 0, 30.19032
/home/zubin/Desktop/Self-driving-car-simulation/Data/IMG/center_2019_03_01_18_32_24_013.jpg, /home/zubin/Desktop/Self-driving-car-simulation/Data/IMG/left_2019_03_01_18_32_24_013.jpg, /home/zubin/Desktop/Self-driving-car-simulation/Data/IMG/right_2019_03_01_18_32_24_013.jpg, 0, 1, 0, 30.19029
/home/zubin/Desktop/Self-driving-car-simulation/Data/IMG/center_2019_03_01_18_32_24_129.jpg, /home/zubin/Desktop/Self-driving-car-simulation/Data/IMG/left_2019_03_01_18_32_24_129.jpg, /home/zubin/Desktop/Self-driving-car-simulation/Data/IMG/right_2019_03_01_18_32_24_129.jpg, 0, 1, 0, 30.19029
/home/zubin/Desktop/Self-driving-car-simulation/Data/IMG/center_2019_03_01_18_32_24_229.jpg, /home/zubin/Desktop/Self-driving-car-simulation/Data/IMG/left_2019_03_01_18_32_24_229.jpg, /home/zubin/Desktop/Self-driving-car-simulation/Data/IMG/right_2019_03_01_18_32_24_229.jpg, 0, 1, 0, 30.1903
/home/zubin/Desktop/Self-driving-car-simulation/Data/IMG/center_2019_03_01_18_32_24_330.jpg, /home/zubin/Desktop/Self-driving-car-simulation/Data/IMG/left_2019_03_01_18_32_24_330.jpg, /home/zubin/Desktop/Self-driving-car-simulation/Data/IMG/right_2019_03_01_18_32_24_330.jpg, 0, 1, 0, 30.1903
/home/zubin/Desktop/Self-driving-car-simulation/Data/IMG/center_2019_03_01_18_32_24_448.jpg, /home/zubin/Desktop/Self-driving-car-simulation/Data/IMG/left_2019_03_01_18_32_24_448.jpg, /home/zubin/Desktop/Self-driving-car-simulation/Data/IMG/right_2019_03_01_18_32_24_448.jpg, 0, 1, 0, 30.19029
/home/zubin/Desktop/Self-driving-car-simulation/Data/IMG/center_2019_03_01_18_32_24_565.jpg, /home/zubin/Desktop/Self-driving-car-simulation/Data/IMG/left_2019_03_01_18_32_24_565.jpg, /home/zubin/Desktop/Self-driving-car-simulation/Data/IMG/right_2019_03_01_18_32_24_565.jpg, 0, 1, 0, 30.19031
/home/zubin/Desktop/Self-driving-car-simulation/Data/IMG/center_2019_03_01_18_32_24_679.jpg, /home/zubin/Desktop/Self-driving-car-simulation/Data/IMG/left_2019_03_01_18_32_24_679.jpg, /home/zubin/Desktop/Self-driving-car-simulation/Data/IMG/right_2019_03_01_18_32_24_679.jpg, 0, 1, 0, 30.1903
/home/zubin/Desktop/Self-driving-car-simulation/Data/IMG/center_2019_03_01_18_32_24_781.jpg, /home/zubin/Desktop/Self-driving-car-simulation/Data/IMG/left_2019_03_01_18_32_24_781.jpg, /home/zubin/Desktop/Self-driving-car-simulation/Data/IMG/right_2019_03_01_18_32_24_781.jpg, -0.1093948, 1, 0, 30.18714
/home/zubin/Desktop/Self-driving-car-simulation/Data/IMG/center_2019_03_01_18_32_24_897.jpg, /home/zubin/Desktop/Self-driving-car-simulation/Data/IMG/left_2019_03_01_18_32_24_897.jpg, /home/zubin/Desktop/Self-driving-car-simulation/Data/IMG/right_2019_03_01_18_32_24_897.jpg, -0.07085752, 1, 0, 30.19054
/home/zubin/Desktop/Self-driving-car-simulation/Data/IMG/center_2019_03_01_18_32_25_014.jpg, /home/zubin/Desktop/Self-driving-car-simulation/Data/IMG/left_2019_03_01_18_32_25_014.jpg, /home/zubin/Desktop/Self-driving-car-simulation/Data/IMG/right_2019_03_01_18_32_25_014.jpg, 0, 1, 0, 30.19009
/home/zubin/Desktop/Self-driving-car-simulation/Data/IMG/center_2019_03_01_18_32_25_129.jpg, /home/zubin/Desktop/Self-driving-car-simulation/Data/IMG/left_2019_03_01_18_32_25_129.jpg, /home/zubin/Desktop/Self-driving-car-simulation/Data/IMG/right_2019_03_01_18_32_25_129.jpg, 0, 1, 0, 30.19026
/home/zubin/Desktop/Self-driving-car-simulation/Data/IMG/center_2019_03_01_18_32_25_247.jpg, /home/zubin/Desktop/Self-driving-car-simulation/Data/IMG/left_2019_03_01_18_32_25_247.jpg, /home/zubin/Desktop/Self-driving-car-simulation/Data/IMG/right_2019_03_01_18_32_25_247.jpg, 0, 1, 0, 30.19018
/home/zubin/Desktop/Self-driving-car-simulation/Data/IMG/center_2019_03_01_18_32_25_360.jpg, /home/zubin/Desktop/Self-driving-car-simulation/Data/IMG/left_2019_03_01_18_32_25_360.jpg, /home/zubin/Desktop/Self-driving-car-simulation/Data/IMG/right_2019_03_01_18_32_25_360.jpg, 0, 1, 0, 30.19033
/home/zubin/Desktop/Self-driving-car-simulation/Data/IMG/center_2019_03_01_18_32_25_462.jpg, /home/zubin/Desktop/Self-driving-car-simulation/Data/IMG/left_2019_03_01_18_32_25_462.jpg, /home/zubin/Desktop/Self-driving-car-simulation/Data/IMG/right_2019_03_01_18_32_25_462.jpg, 0, 1, 0, 30.19037
/home/zubin/Desktop/Self-driving-car-simulation/Data/IMG/center_2019_03_01_18_32_25_562.jpg, /home/zubin/Desktop/Self-driving-car-simulation/Data/IMG/left_2019_03_01_18_32_25_562.jpg, /home/zubin/Desktop/Self-driving-car-simulation/Data/IMG/right_2019_03_01_18_32_25_562.jpg, -0.09518695, 1, 0, 30.18891
/home/zubin/Desktop/Self-driving-car-simulation/Data/IMG/center_2019_03_01_18_32_25_663.jpg, /home/zubin/Desktop/Self-driving-car-simulation/Data/IMG/left_2019_03_01_18_32_25_663.jpg, /home/zubin/Desktop/Self-driving-car-simulation/Data/IMG/right_2019_03_01_18_32_25_663.jpg, 0, 1, 0, 30.19022
/home/zubin/Desktop/Self-driving-car-simulation/Data/IMG/center_2019_03_01_18_32_25_779.jpg, /home/zubin/Desktop/Self-driving-car-simulation/Data/IMG/left_2019_03_01_18_32_25_779.jpg, /home/zubin/Desktop/Self-driving-car-simulation/Data/IMG/right_2019_03_01_18_32_25_779.jpg, 0, 1, 0, 30.19027
/home/zubin/Desktop/Self-driving-car-simulation/Data/IMG/center_2019_03_01_18_32_25_896.jpg, /home/zubin/Desktop/Self-driving-car-simulation/Data/IMG/left_2019_03_01_18_32_25_896.jpg, /home/zubin/Desktop/Self-driving-car-simulation/Data/IMG/right_2019_03_01_18_32_25_896.jpg, 0, 1, 0, 30.1903
/home/zubin/Desktop/Self-driving-car-simulation/Data/IMG/center_2019_03_01_18_32_26_012.jpg, /home/zubin/Desktop/Self-driving-car-simulation/Data/IMG/left_2019_03_01_18_32_26_012.jpg, /home/zubin/Desktop/Self-driving-car-simulation/Data/IMG/right_2019_03_01_18_32_26_012.jpg, 0, 1, 0, 30.19028
/home/zubin/Desktop/Self-driving-car-simulation/Data/IMG/center_2019_03_01_18_32_26_128.jpg, /home/zubin/Desktop/Self-driving-car-simulation/Data/IMG/left_2019_03_01_18_32_26_128.jpg, /home/zubin/Desktop/Self-driving-car-simulation/Data/IMG/right_2019_03_01_18_32_26_128.jpg, -0.199512, 1, 0, 30.17971
/home/zubin/Desktop/Self-driving-car-simulation/Data/IMG/center_2019_03_01_18_32_26_245.jpg, /home/zubin/Desktop/Self-driving-car-simulation/Data/IMG/left_2019_03_01_18_32_26_245.jpg, /home/zubin/Desktop/Self-driving-car-simulation/Data/IMG/right_2019_03_01_18_32_26_245.jpg, 0, 1, 0, 30.19015
/home/zubin/Desktop/Self-driving-car-simulation/Data/IMG/center_2019_03_01_18_32_26_361.jpg, /home/zubin/Desktop/Self-driving-car-simulation/Data/IMG/left_2019_03_01_18_32_26_361.jpg, /home/zubin/Desktop/Self-driving-car-simulation/Data/IMG/right_2019_03_01_18_32_26_361.jpg, 0, 1, 0, 30.19033
/home/zubin/Desktop/Self-driving-car-simulation/Data/IMG/center_2019_03_01_18_32_26_478.jpg, /home/zubin/Desktop/Self-driving-car-simulation/Data/IMG/left_2019_03_01_18_32_26_478.jpg, /home/zubin/Desktop/Self-driving-car-simulation/Data/IMG/right_2019_03_01_18_32_26_478.jpg, 0, 1, 0, 30.19031
/home/zubin/Desktop/Self-driving-car-simulation/Data/IMG/center_2019_03_01_18_32_26_593.jpg, /home/zubin/Desktop/Self-driving-car-simulation/Data/IMG/left_2019_03_01_18_32_26_593.jpg, /home/zubin/Desktop/Self-driving-car-simulation/Data/IMG/right_2019_03_01_18_32_26_593.jpg, 0, 1, 0, 30.19025
/home/zubin/Desktop/Self-driving-car-simulation/Data/IMG/center_2019_03_01_18_32_26_712.jpg, /home/zubin/Desktop/Self-driving-car-simulation/Data/IMG/left_2019_03_01_18_32_26_712.jpg, /home/zubin/Desktop/Self-driving-car-simulation/Data/IMG/right_2019_03_01_18_32_26_712.jpg, 0, 1, 0, 30.19032
/home/zubin/Desktop/Self-driving-car-simulation/Data/IMG/center_2019_03_01_18_32_26_826.jpg, /home/zubin/Desktop/Self-driving-car-simulation/Data/IMG/left_2019_03_01_18_32_26_826.jpg, /home/zubin/Desktop/Self-driving-car-simulation/Data/IMG/right_2019_03_01_18_32_26_826.jpg, -0.1881151, 1, 0, 30.18083
/home/zubin/Desktop/Self-driving-car-simulation/Data/IMG/center_2019_03_01_18_32_26_928.jpg, /home/zubin/Desktop/Self-driving-car-simulation/Data/IMG/left_2019_03_01_18_32_26_928.jpg, /home/zubin/Desktop/Self-driving-car-simulation/Data/IMG/right_2019_03_01_18_32_26_928.jpg, -0.1152291, 1, 0, 30.1903
/home/zubin/Desktop/Self-driving-car-simulation/Data/IMG/center_2019_03_01_18_32_27_045.jpg, /home/zubin/Desktop/Self-driving-car-simulation/Data/IMG/left_2019_03_01_18_32_27_045.jpg, /home/zubin/Desktop/Self-driving-car-simulation/Data/IMG/right_2019_03_01_18_32_27_045.jpg, 0, 1, 0, 30.18982
/home/zubin/Desktop/Self-driving-car-simulation/Data/IMG/center_2019_03_01_18_32_27_161.jpg, /home/zubin/Desktop/Self-driving-car-simulation/Data/IMG/left_2019_03_01_18_32_27_161.jpg, /home/zubin/Desktop/Self-driving-car-simulation/Data/IMG/right_2019_03_01_18_32_27_161.jpg, 0, 1, 0, 30.19024
/home/zubin/Desktop/Self-driving-car-simulation/Data/IMG/center_2019_03_01_18_32_27_278.jpg, /home/zubin/Desktop/Self-driving-car-simulation/Data/IMG/left_2019_03_01_18_32_27_278.jpg, /home/zubin/Desktop/Self-driving-car-simulation/Data/IMG/right_2019_03_01_18_32_27_278.jpg, 0, 1, 0, 30.19034
/home/zubin/Desktop/Self-driving-car-simulation/Data/IMG/center_2019_03_01_18_32_27_392.jpg, /home/zubin/Desktop/Self-driving-car-simulation/Data/IMG/left_2019_03_01_18_32_27_392.jpg, /home/zubin/Desktop/Self-driving-car-simulation/Data/IMG/right_2019_03_01_18_32_27_392.jpg, 0, 1, 0, 30.19029
/home/zubin/Desktop/Self-driving-car-simulation/Data/IMG/center_2019_03_01_18_32_27_509.jpg, /home/zubin/Desktop/Self-driving-car-simulation/Data/IMG/left_2019_03_01_18_32_27_509.jpg, /home/zubin/Desktop/Self-driving-car-simulation/Data/IMG/right_2019_03_01_18_32_27_509.jpg, 0, 1, 0, 30.19027
/home/zubin/Desktop/Self-driving-car-simulation/Data/IMG/center_2019_03_01_18_32_27_612.jpg, /home/zubin/Desktop/Self-driving-car-simulation/Data/IMG/left_2019_03_01_18_32_27_612.jpg, /home/zubin/Desktop/Self-driving-car-simulation/Data/IMG/right_2019_03_01_18_32_27_612.jpg, 0, 1, 0, 30.19027
/home/zubin/Desktop/Self-driving-car-simulation/Data/IMG/center_2019_03_01_18_32_27_727.jpg, /home/zubin/Desktop/Self-driving-car-simulation/Data/IMG/left_2019_03_01_18_32_27_727.jpg, /home/zubin/Desktop/Self-driving-car-simulation/Data/IMG/right_2019_03_01_18_32_27_727.jpg, 0, 1, 0, 30.18967
/home/zubin/Desktop/Self-driving-car-simulation/Data/IMG/center_2019_03_01_18_32_27_828.jpg, /home/zubin/Desktop/Self-driving-car-simulation/Data/IMG/left_2019_03_01_18_32_27_828.jpg, /home/zubin/Desktop/Self-driving-car-simulation/Data/IMG/right_2019_03_01_18_32_27_828.jpg, -0.05607891, 1, 0, 30.18951
/home/zubin/Desktop/Self-driving-car-simulation/Data/IMG/center_2019_03_01_18_32_27_928.jpg, /home/zubin/Desktop/Self-driving-car-simulation/Data/IMG/left_2019_03_01_18_32_27_928.jpg, /home/zubin/Desktop/Self-driving-car-simulation/Data/IMG/right_2019_03_01_18_32_27_928.jpg, -0.1508281, 1, 0, 30.18569
/home/zubin/Desktop/Self-driving-car-simulation/Data/IMG/center_2019_03_01_18_32_28_042.jpg, /home/zubin/Desktop/Self-driving-car-simulation/Data/IMG/left_2019_03_01_18_32_28_042.jpg, /home/zubin/Desktop/Self-driving-car-simulation/Data/IMG/right_2019_03_01_18_32_28_042.jpg, 0, 1, 0, 30.18977
/home/zubin/Desktop/Self-driving-car-simulation/Data/IMG/center_2019_03_01_18_32_28_142.jpg, /home/zubin/Desktop/Self-driving-car-simulation/Data/IMG/left_2019_03_01_18_32_28_142.jpg, /home/zubin/Desktop/Self-driving-car-simulation/Data/IMG/right_2019_03_01_18_32_28_142.jpg, 0, 1, 0, 30.19023
/home/zubin/Desktop/Self-driving-car-simulation/Data/IMG/center_2019_03_01_18_32_28_243.jpg, /home/zubin/Desktop/Self-driving-car-simulation/Data/IMG/left_2019_03_01_18_32_28_243.jpg, /home/zubin/Desktop/Self-driving-car-simulation/Data/IMG/right_2019_03_01_18_32_28_243.jpg, 0, 1, 0, 30.1902
/home/zubin/Desktop/Self-driving-car-simulation/Data/IMG/center_2019_03_01_18_32_28_344.jpg, /home/zubin/Desktop/Self-driving-car-simulation/Data/IMG/left_2019_03_01_18_32_28_344.jpg, /home/zubin/Desktop/Self-driving-car-simulation/Data/IMG/right_2019_03_01_18_32_28_344.jpg, 0, 1, 0, 30.19018
/home/zubin/Desktop/Self-driving-car-simulation/Data/IMG/center_2019_03_01_18_32_28_457.jpg, /home/zubin/Desktop/Self-driving-car-simulation/Data/IMG/left_2019_03_01_18_32_28_457.jpg, /home/zubin/Desktop/Self-driving-car-simulation/Data/IMG/right_2019_03_01_18_32_28_457.jpg, 0, 1, 0, 30.1902
/home/zubin/Desktop/Self-driving-car-simulation/Data/IMG/center_2019_03_01_18_32_28_558.jpg, /home/zubin/Desktop/Self-driving-car-simulation/Data/IMG/left_2019_03_01_18_32_28_558.jpg, /home/zubin/Desktop/Self-driving-car-simulation/Data/IMG/right_2019_03_01_18_32_28_558.jpg, 0, 1, 0, 30.19019
/home/zubin/Desktop/Self-driving-car-simulation/Data/IMG/center_2019_03_01_18_32_28_677.jpg, /home/zubin/Desktop/Self-driving-car-simulation/Data/IMG/left_2019_03_01_18_32_28_677.jpg, /home/zubin/Desktop/Self-driving-car-simulation/Data/IMG/right_2019_03_01_18_32_28_677.jpg, 0, 1, 0, 30.19022
/home/zubin/Desktop/Self-driving-car-simulation/Data/IMG/center_2019_03_01_18_32_28_790.jpg, /home/zubin/Desktop/Self-driving-car-simulation/Data/IMG/left_2019_03_01_18_32_28_790.jpg, /home/zubin/Desktop/Self-driving-car-simulation/Data/IMG/right_2019_03_01_18_32_28_790.jpg, 0, 1, 0, 30.19016
/home/zubin/Desktop/Self-driving-car-simulation/Data/IMG/center_2019_03_01_18_32_28_891.jpg, /home/zubin/Desktop/Self-driving-car-simulation/Data/IMG/left_2019_03_01_18_32_28_891.jpg, /home/zubin/Desktop/Self-driving-car-simulation/Data/IMG/right_2019_03_01_18_32_28_891.jpg, 0, 1, 0, 30.18922
/home/zubin/Desktop/Self-driving-car-simulation/Data/IMG/center_2019_03_01_18_32_28_992.jpg, /home/zubin/Desktop/Self-driving-car-simulation/Data/IMG/left_2019_03_01_18_32_28_992.jpg, /home/zubin/Desktop/Self-driving-car-simulation/Data/IMG/right_2019_03_01_18_32_28_992.jpg, 0, 1, 0, 30.19043
/home/zubin/Desktop/Self-driving-car-simulation/Data/IMG/center_2019_03_01_18_32_29_108.jpg, /home/zubin/Desktop/Self-driving-car-simulation/Data/IMG/left_2019_03_01_18_32_29_108.jpg, /home/zubin/Desktop/Self-driving-car-simulation/Data/IMG/right_2019_03_01_18_32_29_108.jpg, -0.1048415, 1, 0, 30.18667
/home/zubin/Desktop/Self-driving-car-simulation/Data/IMG/center_2019_03_01_18_32_29_209.jpg, /home/zubin/Desktop/Self-driving-car-simulation/Data/IMG/left_2019_03_01_18_32_29_209.jpg, /home/zubin/Desktop/Self-driving-car-simulation/Data/IMG/right_2019_03_01_18_32_29_209.jpg, 0, 1, 0, 30.19053
/home/zubin/Desktop/Self-driving-car-simulation/Data/IMG/center_2019_03_01_18_32_29_323.jpg, /home/zubin/Desktop/Self-driving-car-simulation/Data/IMG/left_2019_03_01_18_32_29_323.jpg, /home/zubin/Desktop/Self-driving-car-simulation/Data/IMG/right_2019_03_01_18_32_29_323.jpg, 0, 1, 0, 30.19046
/home/zubin/Desktop/Self-driving-car-simulation/Data/IMG/center_2019_03_01_18_32_29_441.jpg, /home/zubin/Desktop/Self-driving-car-simulation/Data/IMG/left_2019_03_01_18_32_29_441.jpg, /home/zubin/Desktop/Self-driving-car-simulation/Data/IMG/right_2019_03_01_18_32_29_441.jpg, 0, 1, 0, 30.19039
/home/zubin/Desktop/Self-driving-car-simulation/Data/IMG/center_2019_03_01_18_32_29_559.jpg, /home/zubin/Desktop/Self-driving-car-simulation/Data/IMG/left_2019_03_01_18_32_29_559.jpg, /home/zubin/Desktop/Self-driving-car-simulation/Data/IMG/right_2019_03_01_18_32_29_559.jpg, 0, 1, 0, 30.19034
/home/zubin/Desktop/Self-driving-car-simulation/Data/IMG/center_2019_03_01_18_32_29_675.jpg, /home/zubin/Desktop/Self-driving-car-simulation/Data/IMG/left_2019_03_01_18_32_29_675.jpg, /home/zubin/Desktop/Self-driving-car-simulation/Data/IMG/right_2019_03_01_18_32_29_675.jpg, -0.1333859, 1, 0, 30.18533
/home/zubin/Desktop/Self-driving-car-simulation/Data/IMG/center_2019_03_01_18_32_29_790.jpg, /home/zubin/Desktop/Self-driving-car-simulation/Data/IMG/left_2019_03_01_18_32_29_790.jpg, /home/zubin/Desktop/Self-driving-car-simulation/Data/IMG/right_2019_03_01_18_32_29_790.jpg, -0.02295613, 1, 0, 30.19044
/home/zubin/Desktop/Self-driving-car-simulation/Data/IMG/center_2019_03_01_18_32_29_891.jpg, /home/zubin/Desktop/Self-driving-car-simulation/Data/IMG/left_2019_03_01_18_32_29_891.jpg, /home/zubin/Desktop/Self-driving-car-simulation/Data/IMG/right_2019_03_01_18_32_29_891.jpg, 0, 1, 0, 30.19016
/home/zubin/Desktop/Self-driving-car-simulation/Data/IMG/center_2019_03_01_18_32_30_007.jpg, /home/zubin/Desktop/Self-driving-car-simulation/Data/IMG/left_2019_03_01_18_32_30_007.jpg, /home/zubin/Desktop/Self-driving-car-simulation/Data/IMG/right_2019_03_01_18_32_30_007.jpg, 0, 1, 0, 30.19061
/home/zubin/Desktop/Self-driving-car-simulation/Data/IMG/center_2019_03_01_18_32_30_124.jpg, /home/zubin/Desktop/Self-driving-car-simulation/Data/IMG/left_2019_03_01_18_32_30_124.jpg, /home/zubin/Desktop/Self-driving-car-simulation/Data/IMG/right_2019_03_01_18_32_30_124.jpg, 0, 1, 0, 30.19027
/home/zubin/Desktop/Self-driving-car-simulation/Data/IMG/center_2019_03_01_18_32_30_240.jpg, /home/zubin/Desktop/Self-driving-car-simulation/Data/IMG/left_2019_03_01_18_32_30_240.jpg, /home/zubin/Desktop/Self-driving-car-simulation/Data/IMG/right_2019_03_01_18_32_30_240.jpg, -0.1451797, 1, 0, 30.18771
/home/zubin/Desktop/Self-driving-car-simulation/Data/IMG/center_2019_03_01_18_32_30_340.jpg, /home/zubin/Desktop/Self-driving-car-simulation/Data/IMG/left_2019_03_01_18_32_30_340.jpg, /home/zubin/Desktop/Self-driving-car-simulation/Data/IMG/right_2019_03_01_18_32_30_340.jpg, 0, 1, 0, 30.19001
/home/zubin/Desktop/Self-driving-car-simulation/Data/IMG/center_2019_03_01_18_32_30_456.jpg, /home/zubin/Desktop/Self-driving-car-simulation/Data/IMG/left_2019_03_01_18_32_30_456.jpg, /home/zubin/Desktop/Self-driving-car-simulation/Data/IMG/right_2019_03_01_18_32_30_456.jpg, 0, 1, 0, 30.19031
/home/zubin/Desktop/Self-driving-car-simulation/Data/IMG/center_2019_03_01_18_32_30_572.jpg, /home/zubin/Desktop/Self-driving-car-simulation/Data/IMG/left_2019_03_01_18_32_30_572.jpg, /home/zubin/Desktop/Self-driving-car-simulation/Data/IMG/right_2019_03_01_18_32_30_572.jpg, 0, 1, 0, 30.19027
/home/zubin/Desktop/Self-driving-car-simulation/Data/IMG/center_2019_03_01_18_32_30_674.jpg, /home/zubin/Desktop/Self-driving-car-simulation/Data/IMG/left_2019_03_01_18_32_30_674.jpg, /home/zubin/Desktop/Self-driving-car-simulation/Data/IMG/right_2019_03_01_18_32_30_674.jpg, 0, 1, 0, 30.19032
/home/zubin/Desktop/Self-driving-car-simulation/Data/IMG/center_2019_03_01_18_32_30_788.jpg, /home/zubin/Desktop/Self-driving-car-simulation/Data/IMG/left_2019_03_01_18_32_30_788.jpg, /home/zubin/Desktop/Self-driving-car-simulation/Data/IMG/right_2019_03_01_18_32_30_788.jpg, -0.1516678, 1, 0, 30.18421
/home/zubin/Desktop/Self-driving-car-simulation/Data/IMG/center_2019_03_01_18_32_30_890.jpg, /home/zubin/Desktop/Self-driving-car-simulation/Data/IMG/left_2019_03_01_18_32_30_890.jpg, /home/zubin/Desktop/Self-driving-car-simulation/Data/IMG/right_2019_03_01_18_32_30_890.jpg, -0.144948, 1, 0, 30.18895
/home/zubin/Desktop/Self-driving-car-simulation/Data/IMG/center_2019_03_01_18_32_31_007.jpg, /home/zubin/Desktop/Self-driving-car-simulation/Data/IMG/left_2019_03_01_18_32_31_007.jpg, /home/zubin/Desktop/Self-driving-car-simulation/Data/IMG/right_2019_03_01_18_32_31_007.jpg, 0, 1, 0, 30.18981
/home/zubin/Desktop/Self-driving-car-simulation/Data/IMG/center_2019_03_01_18_32_31_123.jpg, /home/zubin/Desktop/Self-driving-car-simulation/Data/IMG/left_2019_03_01_18_32_31_123.jpg, /home/zubin/Desktop/Self-driving-car-simulation/Data/IMG/right_2019_03_01_18_32_31_123.jpg, 0, 1, 0, 30.19022
/home/zubin/Desktop/Self-driving-car-simulation/Data/IMG/center_2019_03_01_18_32_31_240.jpg, /home/zubin/Desktop/Self-driving-car-simulation/Data/IMG/left_2019_03_01_18_32_31_240.jpg, /home/zubin/Desktop/Self-driving-car-simulation/Data/IMG/right_2019_03_01_18_32_31_240.jpg, -0.1332486, 1, 0, 30.18536
/home/zubin/Desktop/Self-driving-car-simulation/Data/IMG/center_2019_03_01_18_32_31_353.jpg, /home/zubin/Desktop/Self-driving-car-simulation/Data/IMG/left_2019_03_01_18_32_31_353.jpg, /home/zubin/Desktop/Self-driving-car-simulation/Data/IMG/right_2019_03_01_18_32_31_353.jpg, 0, 1, 0, 30.19018
/home/zubin/Desktop/Self-driving-car-simulation/Data/IMG/center_2019_03_01_18_32_31_456.jpg, /home/zubin/Desktop/Self-driving-car-simulation/Data/IMG/left_2019_03_01_18_32_31_456.jpg, /home/zubin/Desktop/Self-driving-car-simulation/Data/IMG/right_2019_03_01_18_32_31_456.jpg, 0, 1, 0, 30.19029
/home/zubin/Desktop/Self-driving-car-simulation/Data/IMG/center_2019_03_01_18_32_31_556.jpg, /home/zubin/Desktop/Self-driving-car-simulation/Data/IMG/left_2019_03_01_18_32_31_556.jpg, /home/zubin/Desktop/Self-driving-car-simulation/Data/IMG/right_2019_03_01_18_32_31_556.jpg, -0.1066797, 1, 0, 30.18759
/home/zubin/Desktop/Self-driving-car-simulation/Data/IMG/center_2019_03_01_18_32_31_669.jpg, /home/zubin/Desktop/Self-driving-car-simulation/Data/IMG/left_2019_03_01_18_32_31_669.jpg, /home/zubin/Desktop/Self-driving-car-simulation/Data/IMG/right_2019_03_01_18_32_31_669.jpg, -0.1926305, 1, 0, 30.18638
/home/zubin/Desktop/Self-driving-car-simulation/Data/IMG/center_2019_03_01_18_32_31_770.jpg, /home/zubin/Desktop/Self-driving-car-simulation/Data/IMG/left_2019_03_01_18_32_31_770.jpg, /home/zubin/Desktop/Self-driving-car-simulation/Data/IMG/right_2019_03_01_18_32_31_770.jpg, 0, 1, 0, 30.18968
/home/zubin/Desktop/Self-driving-car-simulation/Data/IMG/center_2019_03_01_18_32_31_872.jpg, /home/zubin/Desktop/Self-driving-car-simulation/Data/IMG/left_2019_03_01_18_32_31_872.jpg, /home/zubin/Desktop/Self-driving-car-simulation/Data/IMG/right_2019_03_01_18_32_31_872.jpg, -0.05021667, 1, 0, 30.18989
/home/zubin/Desktop/Self-driving-car-simulation/Data/IMG/center_2019_03_01_18_32_31_972.jpg, /home/zubin/Desktop/Self-driving-car-simulation/Data/IMG/left_2019_03_01_18_32_31_972.jpg, /home/zubin/Desktop/Self-driving-car-simulation/Data/IMG/right_2019_03_01_18_32_31_972.jpg, 0, 1, 0, 30.19025
/home/zubin/Desktop/Self-driving-car-simulation/Data/IMG/center_2019_03_01_18_32_32_086.jpg, /home/zubin/Desktop/Self-driving-car-simulation/Data/IMG/left_2019_03_01_18_32_32_086.jpg, /home/zubin/Desktop/Self-driving-car-simulation/Data/IMG/right_2019_03_01_18_32_32_086.jpg, 0, 1, 0, 30.19034
/home/zubin/Desktop/Self-driving-car-simulation/Data/IMG/center_2019_03_01_18_32_32_188.jpg, /home/zubin/Desktop/Self-driving-car-simulation/Data/IMG/left_2019_03_01_18_32_32_188.jpg, /home/zubin/Desktop/Self-driving-car-simulation/Data/IMG/right_2019_03_01_18_32_32_188.jpg, -0.1042228, 1, 0, 30.18762
/home/zubin/Desktop/Self-driving-car-simulation/Data/IMG/center_2019_03_01_18_32_32_302.jpg, /home/zubin/Desktop/Self-driving-car-simulation/Data/IMG/left_2019_03_01_18_32_32_302.jpg, /home/zubin/Desktop/Self-driving-car-simulation/Data/IMG/right_2019_03_01_18_32_32_302.jpg, -0.2568748, 1, 0, 30.18198
/home/zubin/Desktop/Self-driving-car-simulation/Data/IMG/center_2019_03_01_18_32_32_420.jpg, /home/zubin/Desktop/Self-driving-car-simulation/Data/IMG/left_2019_03_01_18_32_32_420.jpg, /home/zubin/Desktop/Self-driving-car-simulation/Data/IMG/right_2019_03_01_18_32_32_420.jpg, 0, 1, 0, 30.18926
/home/zubin/Desktop/Self-driving-car-simulation/Data/IMG/center_2019_03_01_18_32_32_520.jpg, /home/zubin/Desktop/Self-driving-car-simulation/Data/IMG/left_2019_03_01_18_32_32_520.jpg, /home/zubin/Desktop/Self-driving-car-simulation/Data/IMG/right_2019_03_01_18_32_32_520.jpg, 0, 1, 0, 30.19011
/home/zubin/Desktop/Self-driving-car-simulation/Data/IMG/center_2019_03_01_18_32_32_639.jpg, /home/zubin/Desktop/Self-driving-car-simulation/Data/IMG/left_2019_03_01_18_32_32_639.jpg, /home/zubin/Desktop/Self-driving-car-simulation/Data/IMG/right_2019_03_01_18_32_32_639.jpg, -0.2369099, 1, 0, 30.17931
/home/zubin/Desktop/Self-driving-car-simulation/Data/IMG/center_2019_03_01_18_32_32_753.jpg, /home/zubin/Desktop/Self-driving-car-simulation/Data/IMG/left_2019_03_01_18_32_32_753.jpg, /home/zubin/Desktop/Self-driving-car-simulation/Data/IMG/right_2019_03_01_18_32_32_753.jpg, 0, 1, 0, 30.18968
/home/zubin/Desktop/Self-driving-car-simulation/Data/IMG/center_2019_03_01_18_32_32_854.jpg, /home/zubin/Desktop/Self-driving-car-simulation/Data/IMG/left_2019_03_01_18_32_32_854.jpg, /home/zubin/Desktop/Self-driving-car-simulation/Data/IMG/right_2019_03_01_18_32_32_854.jpg, 0, 1, 0, 30.19021
/home/zubin/Desktop/Self-driving-car-simulation/Data/IMG/center_2019_03_01_18_32_32_956.jpg, /home/zubin/Desktop/Self-driving-car-simulation/Data/IMG/left_2019_03_01_18_32_32_956.jpg, /home/zubin/Desktop/Self-driving-car-simulation/Data/IMG/right_2019_03_01_18_32_32_956.jpg, 0, 1, 0, 30.19013
/home/zubin/Desktop/Self-driving-car-simulation/Data/IMG/center_2019_03_01_18_32_33_069.jpg, /home/zubin/Desktop/Self-driving-car-simulation/Data/IMG/left_2019_03_01_18_32_33_069.jpg, /home/zubin/Desktop/Self-driving-car-simulation/Data/IMG/right_2019_03_01_18_32_33_069.jpg, -0.1913102, 1, 0, 30.18094
/home/zubin/Desktop/Self-driving-car-simulation/Data/IMG/center_2019_03_01_18_32_33_170.jpg, /home/zubin/Desktop/Self-driving-car-simulation/Data/IMG/left_2019_03_01_18_32_33_170.jpg, /home/zubin/Desktop/Self-driving-car-simulation/Data/IMG/right_2019_03_01_18_32_33_170.jpg, -0.1904762, 1, 0, 30.18783
/home/zubin/Desktop/Self-driving-car-simulation/Data/IMG/center_2019_03_01_18_32_33_269.jpg, /home/zubin/Desktop/Self-driving-car-simulation/Data/IMG/left_2019_03_01_18_32_33_269.jpg, /home/zubin/Desktop/Self-driving-car-simulation/Data/IMG/right_2019_03_01_18_32_33_269.jpg, 0, 1, 0, 30.18879
/home/zubin/Desktop/Self-driving-car-simulation/Data/IMG/center_2019_03_01_18_32_33_386.jpg, /home/zubin/Desktop/Self-driving-car-simulation/Data/IMG/left_2019_03_01_18_32_33_386.jpg, /home/zubin/Desktop/Self-driving-car-simulation/Data/IMG/right_2019_03_01_18_32_33_386.jpg, 0, 1, 0, 30.19021
/home/zubin/Desktop/Self-driving-car-simulation/Data/IMG/center_2019_03_01_18_32_33_486.jpg, /home/zubin/Desktop/Self-driving-car-simulation/Data/IMG/left_2019_03_01_18_32_33_486.jpg, /home/zubin/Desktop/Self-driving-car-simulation/Data/IMG/right_2019_03_01_18_32_33_486.jpg, 0, 1, 0, 30.19031
/home/zubin/Desktop/Self-driving-car-simulation/Data/IMG/center_2019_03_01_18_32_33_601.jpg, /home/zubin/Desktop/Self-driving-car-simulation/Data/IMG/left_2019_03_01_18_32_33_601.jpg, /home/zubin/Desktop/Self-driving-car-simulation/Data/IMG/right_2019_03_01_18_32_33_601.jpg, -0.2466724, 1, 0, 30.17697
/home/zubin/Desktop/Self-driving-car-simulation/Data/IMG/center_2019_03_01_18_32_33_703.jpg, /home/zubin/Desktop/Self-driving-car-simulation/Data/IMG/left_2019_03_01_18_32_33_703.jpg, /home/zubin/Desktop/Self-driving-car-simulation/Data/IMG/right_2019_03_01_18_32_33_703.jpg, 0, 1, 0, 30.18813
/home/zubin/Desktop/Self-driving-car-simulation/Data/IMG/center_2019_03_01_18_32_33_819.jpg, /home/zubin/Desktop/Self-driving-car-simulation/Data/IMG/left_2019_03_01_18_32_33_819.jpg, /home/zubin/Desktop/Self-driving-car-simulation/Data/IMG/right_2019_03_01_18_32_33_819.jpg, 0, 1, 0, 30.19126
/home/zubin/Desktop/Self-driving-car-simulation/Data/IMG/center_2019_03_01_18_32_33_935.jpg, /home/zubin/Desktop/Self-driving-car-simulation/Data/IMG/left_2019_03_01_18_32_33_935.jpg, /home/zubin/Desktop/Self-driving-car-simulation/Data/IMG/right_2019_03_01_18_32_33_935.jpg, 0, 1, 0, 30.18993
/home/zubin/Desktop/Self-driving-car-simulation/Data/IMG/center_2019_03_01_18_32_34_036.jpg, /home/zubin/Desktop/Self-driving-car-simulation/Data/IMG/left_2019_03_01_18_32_34_036.jpg, /home/zubin/Desktop/Self-driving-car-simulation/Data/IMG/right_2019_03_01_18_32_34_036.jpg, 0, 1, 0, 30.19071
/home/zubin/Desktop/Self-driving-car-simulation/Data/IMG/center_2019_03_01_18_32_34_153.jpg, /home/zubin/Desktop/Self-driving-car-simulation/Data/IMG/left_2019_03_01_18_32_34_153.jpg, /home/zubin/Desktop/Self-driving-car-simulation/Data/IMG/right_2019_03_01_18_32_34_153.jpg, 0, 1, 0, 30.19026
/home/zubin/Desktop/Self-driving-car-simulation/Data/IMG/center_2019_03_01_18_32_34_267.jpg, /home/zubin/Desktop/Self-driving-car-simulation/Data/IMG/left_2019_03_01_18_32_34_267.jpg, /home/zubin/Desktop/Self-driving-car-simulation/Data/IMG/right_2019_03_01_18_32_34_267.jpg, 0, 1, 0, 30.19022
/home/zubin/Desktop/Self-driving-car-simulation/Data/IMG/center_2019_03_01_18_32_34_386.jpg, /home/zubin/Desktop/Self-driving-car-simulation/Data/IMG/left_2019_03_01_18_32_34_386.jpg, /home/zubin/Desktop/Self-driving-car-simulation/Data/IMG/right_2019_03_01_18_32_34_386.jpg, 0, 1, 0, 30.19024
/home/zubin/Desktop/Self-driving-car-simulation/Data/IMG/center_2019_03_01_18_32_34_501.jpg, /home/zubin/Desktop/Self-driving-car-simulation/Data/IMG/left_2019_03_01_18_32_34_501.jpg, /home/zubin/Desktop/Self-driving-car-simulation/Data/IMG/right_2019_03_01_18_32_34_501.jpg, -0.1966681, 1, 0, 30.17949
/home/zubin/Desktop/Self-driving-car-simulation/Data/IMG/center_2019_03_01_18_32_34_616.jpg, /home/zubin/Desktop/Self-driving-car-simulation/Data/IMG/left_2019_03_01_18_32_34_616.jpg, /home/zubin/Desktop/Self-driving-car-simulation/Data/IMG/right_2019_03_01_18_32_34_616.jpg, -0.1084685, 1, 0, 30.19099
/home/zubin/Desktop/Self-driving-car-simulation/Data/IMG/center_2019_03_01_18_32_34_716.jpg, /home/zubin/Desktop/Self-driving-car-simulation/Data/IMG/left_2019_03_01_18_32_34_716.jpg, /home/zubin/Desktop/Self-driving-car-simulation/Data/IMG/right_2019_03_01_18_32_34_716.jpg, 0, 1, 0, 30.18992
/home/zubin/Desktop/Self-driving-car-simulation/Data/IMG/center_2019_03_01_18_32_34_833.jpg, /home/zubin/Desktop/Self-driving-car-simulation/Data/IMG/left_2019_03_01_18_32_34_833.jpg, /home/zubin/Desktop/Self-driving-car-simulation/Data/IMG/right_2019_03_01_18_32_34_833.jpg, 0, 1, 0, 30.19083
/home/zubin/Desktop/Self-driving-car-simulation/Data/IMG/center_2019_03_01_18_32_34_933.jpg, /home/zubin/Desktop/Self-driving-car-simulation/Data/IMG/left_2019_03_01_18_32_34_933.jpg, /home/zubin/Desktop/Self-driving-car-simulation/Data/IMG/right_2019_03_01_18_32_34_933.jpg, -0.1388247, 1, 0, 30.18587
/home/zubin/Desktop/Self-driving-car-simulation/Data/IMG/center_2019_03_01_18_32_35_033.jpg, /home/zubin/Desktop/Self-driving-car-simulation/Data/IMG/left_2019_03_01_18_32_35_033.jpg, /home/zubin/Desktop/Self-driving-car-simulation/Data/IMG/right_2019_03_01_18_32_35_033.jpg, 0, 1, 0, 30.19036
/home/zubin/Desktop/Self-driving-car-simulation/Data/IMG/center_2019_03_01_18_32_35_152.jpg, /home/zubin/Desktop/Self-driving-car-simulation/Data/IMG/left_2019_03_01_18_32_35_152.jpg, /home/zubin/Desktop/Self-driving-car-simulation/Data/IMG/right_2019_03_01_18_32_35_152.jpg, 0, 1, 0, 30.19033
/home/zubin/Desktop/Self-driving-car-simulation/Data/IMG/center_2019_03_01_18_32_35_267.jpg, /home/zubin/Desktop/Self-driving-car-simulation/Data/IMG/left_2019_03_01_18_32_35_267.jpg, /home/zubin/Desktop/Self-driving-car-simulation/Data/IMG/right_2019_03_01_18_32_35_267.jpg, -0.2212443, 1, 0, 30.17744
/home/zubin/Desktop/Self-driving-car-simulation/Data/IMG/center_2019_03_01_18_32_35_368.jpg, /home/zubin/Desktop/Self-driving-car-simulation/Data/IMG/left_2019_03_01_18_32_35_368.jpg, /home/zubin/Desktop/Self-driving-car-simulation/Data/IMG/right_2019_03_01_18_32_35_368.jpg, 0, 1, 0, 30.19002
/home/zubin/Desktop/Self-driving-car-simulation/Data/IMG/center_2019_03_01_18_32_35_481.jpg, /home/zubin/Desktop/Self-driving-car-simulation/Data/IMG/left_2019_03_01_18_32_35_481.jpg, /home/zubin/Desktop/Self-driving-car-simulation/Data/IMG/right_2019_03_01_18_32_35_481.jpg, -0.1494749, 1, 0, 30.18532
/home/zubin/Desktop/Self-driving-car-simulation/Data/IMG/center_2019_03_01_18_32_35_582.jpg, /home/zubin/Desktop/Self-driving-car-simulation/Data/IMG/left_2019_03_01_18_32_35_582.jpg, /home/zubin/Desktop/Self-driving-car-simulation/Data/IMG/right_2019_03_01_18_32_35_582.jpg, 0, 1, 0, 30.19009
/home/zubin/Desktop/Self-driving-car-simulation/Data/IMG/center_2019_03_01_18_32_35_701.jpg, /home/zubin/Desktop/Self-driving-car-simulation/Data/IMG/left_2019_03_01_18_32_35_701.jpg, /home/zubin/Desktop/Self-driving-car-simulation/Data/IMG/right_2019_03_01_18_32_35_701.jpg, -0.157176, 1, 0, 30.18472
/home/zubin/Desktop/Self-driving-car-simulation/Data/IMG/center_2019_03_01_18_32_35_815.jpg, /home/zubin/Desktop/Self-driving-car-simulation/Data/IMG/left_2019_03_01_18_32_35_815.jpg, /home/zubin/Desktop/Self-driving-car-simulation/Data/IMG/right_2019_03_01_18_32_35_815.jpg, 0, 1, 0, 30.19023
/home/zubin/Desktop/Self-driving-car-simulation/Data/IMG/center_2019_03_01_18_32_35_933.jpg, /home/zubin/Desktop/Self-driving-car-simulation/Data/IMG/left_2019_03_01_18_32_35_933.jpg, /home/zubin/Desktop/Self-driving-car-simulation/Data/IMG/right_2019_03_01_18_32_35_933.jpg, -0.1031098, 1, 0, 30.18804
/home/zubin/Desktop/Self-driving-car-simulation/Data/IMG/center_2019_03_01_18_32_36_049.jpg, /home/zubin/Desktop/Self-driving-car-simulation/Data/IMG/left_2019_03_01_18_32_36_049.jpg, /home/zubin/Desktop/Self-driving-car-simulation/Data/IMG/right_2019_03_01_18_32_36_049.jpg, -0.2061839, 1, 0, 30.18699
/home/zubin/Desktop/Self-driving-car-simulation/Data/IMG/center_2019_03_01_18_32_36_149.jpg, /home/zubin/Desktop/Self-driving-car-simulation/Data/IMG/left_2019_03_01_18_32_36_149.jpg, /home/zubin/Desktop/Self-driving-car-simulation/Data/IMG/right_2019_03_01_18_32_36_149.jpg, -0.1131849, 1, 0, 30.18904
/home/zubin/Desktop/Self-driving-car-simulation/Data/IMG/center_2019_03_01_18_32_36_251.jpg, /home/zubin/Desktop/Self-driving-car-simulation/Data/IMG/left_2019_03_01_18_32_36_251.jpg, /home/zubin/Desktop/Self-driving-car-simulation/Data/IMG/right_2019_03_01_18_32_36_251.jpg, -0.420001, 1, 0, 30.15975
/home/zubin/Desktop/Self-driving-car-simulation/Data/IMG/center_2019_03_01_18_32_36_368.jpg, /home/zubin/Desktop/Self-driving-car-simulation/Data/IMG/left_2019_03_01_18_32_36_368.jpg, /home/zubin/Desktop/Self-driving-car-simulation/Data/IMG/right_2019_03_01_18_32_36_368.jpg, -0.367135, 1, 0, 30.18751
/home/zubin/Desktop/Self-driving-car-simulation/Data/IMG/center_2019_03_01_18_32_36_480.jpg, /home/zubin/Desktop/Self-driving-car-simulation/Data/IMG/left_2019_03_01_18_32_36_480.jpg, /home/zubin/Desktop/Self-driving-car-simulation/Data/IMG/right_2019_03_01_18_32_36_480.jpg, -0.3219638, 1, 0, 30.18788
/home/zubin/Desktop/Self-driving-car-simulation/Data/IMG/center_2019_03_01_18_32_36_581.jpg, /home/zubin/Desktop/Self-driving-car-simulation/Data/IMG/left_2019_03_01_18_32_36_581.jpg, /home/zubin/Desktop/Self-driving-car-simulation/Data/IMG/right_2019_03_01_18_32_36_581.jpg, -0.4315009, 1, 0, 30.18118
/home/zubin/Desktop/Self-driving-car-simulation/Data/IMG/center_2019_03_01_18_32_36_682.jpg, /home/zubin/Desktop/Self-driving-car-simulation/Data/IMG/left_2019_03_01_18_32_36_682.jpg, /home/zubin/Desktop/Self-driving-car-simulation/Data/IMG/right_2019_03_01_18_32_36_682.jpg, -0.1290886, 1, 0, 30.19337
/home/zubin/Desktop/Self-driving-car-simulation/Data/IMG/center_2019_03_01_18_32_36_800.jpg, /home/zubin/Desktop/Self-driving-car-simulation/Data/IMG/left_2019_03_01_18_32_36_800.jpg, /home/zubin/Desktop/Self-driving-car-simulation/Data/IMG/right_2019_03_01_18_32_36_800.jpg, 0, 1, 0, 30.18919
/home/zubin/Desktop/Self-driving-car-simulation/Data/IMG/center_2019_03_01_18_32_36_916.jpg, /home/zubin/Desktop/Self-driving-car-simulation/Data/IMG/left_2019_03_01_18_32_36_916.jpg, /home/zubin/Desktop/Self-driving-car-simulation/Data/IMG/right_2019_03_01_18_32_36_916.jpg, 0, 1, 0, 30.19042
/home/zubin/Desktop/Self-driving-car-simulation/Data/IMG/center_2019_03_01_18_32_37_031.jpg, /home/zubin/Desktop/Self-driving-car-simulation/Data/IMG/left_2019_03_01_18_32_37_031.jpg, /home/zubin/Desktop/Self-driving-car-simulation/Data/IMG/right_2019_03_01_18_32_37_031.jpg, 0, 1, 0, 30.19033
/home/zubin/Desktop/Self-driving-car-simulation/Data/IMG/center_2019_03_01_18_32_37_133.jpg, /home/zubin/Desktop/Self-driving-car-simulation/Data/IMG/left_2019_03_01_18_32_37_133.jpg, /home/zubin/Desktop/Self-driving-car-simulation/Data/IMG/right_2019_03_01_18_32_37_133.jpg, 0, 1, 0, 30.1903
/home/zubin/Desktop/Self-driving-car-simulation/Data/IMG/center_2019_03_01_18_32_37_249.jpg, /home/zubin/Desktop/Self-driving-car-simulation/Data/IMG/left_2019_03_01_18_32_37_249.jpg, /home/zubin/Desktop/Self-driving-car-simulation/Data/IMG/right_2019_03_01_18_32_37_249.jpg, 0, 1, 0, 30.19031
/home/zubin/Desktop/Self-driving-car-simulation/Data/IMG/center_2019_03_01_18_32_37_365.jpg, /home/zubin/Desktop/Self-driving-car-simulation/Data/IMG/left_2019_03_01_18_32_37_365.jpg, /home/zubin/Desktop/Self-driving-car-simulation/Data/IMG/right_2019_03_01_18_32_37_365.jpg, -0.348012, 1, 0, 30.16175
/home/zubin/Desktop/Self-driving-car-simulation/Data/IMG/center_2019_03_01_18_32_37_465.jpg, /home/zubin/Desktop/Self-driving-car-simulation/Data/IMG/left_2019_03_01_18_32_37_465.jpg, /home/zubin/Desktop/Self-driving-car-simulation/Data/IMG/right_2019_03_01_18_32_37_465.jpg, -0.04677057, 1, 0, 30.19092
/home/zubin/Desktop/Self-driving-car-simulation/Data/IMG/center_2019_03_01_18_32_37_584.jpg, /home/zubin/Desktop/Self-driving-car-simulation/Data/IMG/left_2019_03_01_18_32_37_584.jpg, /home/zubin/Desktop/Self-driving-car-simulation/Data/IMG/right_2019_03_01_18_32_37_584.jpg, -0.1061189, 1, 0, 30.1893
/home/zubin/Desktop/Self-driving-car-simulation/Data/IMG/center_2019_03_01_18_32_37_698.jpg, /home/zubin/Desktop/Self-driving-car-simulation/Data/IMG/left_2019_03_01_18_32_37_698.jpg, /home/zubin/Desktop/Self-driving-car-simulation/Data/IMG/right_2019_03_01_18_32_37_698.jpg, 0, 1, 0, 30.18999
/home/zubin/Desktop/Self-driving-car-simulation/Data/IMG/center_2019_03_01_18_32_37_802.jpg, /home/zubin/Desktop/Self-driving-car-simulation/Data/IMG/left_2019_03_01_18_32_37_802.jpg, /home/zubin/Desktop/Self-driving-car-simulation/Data/IMG/right_2019_03_01_18_32_37_802.jpg, 0, 1, 0, 30.19009
/home/zubin/Desktop/Self-driving-car-simulation/Data/IMG/center_2019_03_01_18_32_37_916.jpg, /home/zubin/Desktop/Self-driving-car-simulation/Data/IMG/left_2019_03_01_18_32_37_916.jpg, /home/zubin/Desktop/Self-driving-car-simulation/Data/IMG/right_2019_03_01_18_32_37_916.jpg, 0, 1, 0, 30.19005
/home/zubin/Desktop/Self-driving-car-simulation/Data/IMG/center_2019_03_01_18_32_38_031.jpg, /home/zubin/Desktop/Self-driving-car-simulation/Data/IMG/left_2019_03_01_18_32_38_031.jpg, /home/zubin/Desktop/Self-driving-car-simulation/Data/IMG/right_2019_03_01_18_32_38_031.jpg, 0, 1, 0, 30.19138
/home/zubin/Desktop/Self-driving-car-simulation/Data/IMG/center_2019_03_01_18_32_38_148.jpg, /home/zubin/Desktop/Self-driving-car-simulation/Data/IMG/left_2019_03_01_18_32_38_148.jpg, /home/zubin/Desktop/Self-driving-car-simulation/Data/IMG/right_2019_03_01_18_32_38_148.jpg, 0, 1, 0, 30.19041
/home/zubin/Desktop/Self-driving-car-simulation/Data/IMG/center_2019_03_01_18_32_38_264.jpg, /home/zubin/Desktop/Self-driving-car-simulation/Data/IMG/left_2019_03_01_18_32_38_264.jpg, /home/zubin/Desktop/Self-driving-car-simulation/Data/IMG/right_2019_03_01_18_32_38_264.jpg, -0.348675, 1, 0, 30.16007
/home/zubin/Desktop/Self-driving-car-simulation/Data/IMG/center_2019_03_01_18_32_38_380.jpg, /home/zubin/Desktop/Self-driving-car-simulation/Data/IMG/left_2019_03_01_18_32_38_380.jpg, /home/zubin/Desktop/Self-driving-car-simulation/Data/IMG/right_2019_03_01_18_32_38_380.jpg, -0.001520634, 1, 0, 30.18928
/home/zubin/Desktop/Self-driving-car-simulation/Data/IMG/center_2019_03_01_18_32_38_481.jpg, /home/zubin/Desktop/Self-driving-car-simulation/Data/IMG/left_2019_03_01_18_32_38_481.jpg, /home/zubin/Desktop/Self-driving-car-simulation/Data/IMG/right_2019_03_01_18_32_38_481.jpg, -0.2026591, 1, 0, 30.18323
/home/zubin/Desktop/Self-driving-car-simulation/Data/IMG/center_2019_03_01_18_32_38_600.jpg, /home/zubin/Desktop/Self-driving-car-simulation/Data/IMG/left_2019_03_01_18_32_38_600.jpg, /home/zubin/Desktop/Self-driving-car-simulation/Data/IMG/right_2019_03_01_18_32_38_600.jpg, 0, 1, 0, 30.18989
/home/zubin/Desktop/Self-driving-car-simulation/Data/IMG/center_2019_03_01_18_32_38_714.jpg, /home/zubin/Desktop/Self-driving-car-simulation/Data/IMG/left_2019_03_01_18_32_38_714.jpg, /home/zubin/Desktop/Self-driving-car-simulation/Data/IMG/right_2019_03_01_18_32_38_714.jpg, 0, 1, 0, 30.19068
/home/zubin/Desktop/Self-driving-car-simulation/Data/IMG/center_2019_03_01_18_32_38_816.jpg, /home/zubin/Desktop/Self-driving-car-simulation/Data/IMG/left_2019_03_01_18_32_38_816.jpg, /home/zubin/Desktop/Self-driving-car-simulation/Data/IMG/right_2019_03_01_18_32_38_816.jpg, 0, 1, 0, 30.19036
/home/zubin/Desktop/Self-driving-car-simulation/Data/IMG/center_2019_03_01_18_32_38_932.jpg, /home/zubin/Desktop/Self-driving-car-simulation/Data/IMG/left_2019_03_01_18_32_38_932.jpg, /home/zubin/Desktop/Self-driving-car-simulation/Data/IMG/right_2019_03_01_18_32_38_932.jpg, 0, 1, 0, 30.19099
/home/zubin/Desktop/Self-driving-car-simulation/Data/IMG/center_2019_03_01_18_32_39_049.jpg, /home/zubin/Desktop/Self-driving-car-simulation/Data/IMG/left_2019_03_01_18_32_39_049.jpg, /home/zubin/Desktop/Self-driving-car-simulation/Data/IMG/right_2019_03_01_18_32_39_049.jpg, -0.1959901, 1, 0, 30.17987
/home/zubin/Desktop/Self-driving-car-simulation/Data/IMG/center_2019_03_01_18_32_39_164.jpg, /home/zubin/Desktop/Self-driving-car-simulation/Data/IMG/left_2019_03_01_18_32_39_164.jpg, /home/zubin/Desktop/Self-driving-car-simulation/Data/IMG/right_2019_03_01_18_32_39_164.jpg, -0.1133201, 1, 0, 30.19132
/home/zubin/Desktop/Self-driving-car-simulation/Data/IMG/center_2019_03_01_18_32_39_265.jpg, /home/zubin/Desktop/Self-driving-car-simulation/Data/IMG/left_2019_03_01_18_32_39_265.jpg, /home/zubin/Desktop/Self-driving-car-simulation/Data/IMG/right_2019_03_01_18_32_39_265.jpg, -0.1057169, 1, 0, 30.18999
/home/zubin/Desktop/Self-driving-car-simulation/Data/IMG/center_2019_03_01_18_32_39_381.jpg, /home/zubin/Desktop/Self-driving-car-simulation/Data/IMG/left_2019_03_01_18_32_39_381.jpg, /home/zubin/Desktop/Self-driving-car-simulation/Data/IMG/right_2019_03_01_18_32_39_381.jpg, 0, 1, 0, 30.19055
/home/zubin/Desktop/Self-driving-car-simulation/Data/IMG/center_2019_03_01_18_32_39_497.jpg, /home/zubin/Desktop/Self-driving-car-simulation/Data/IMG/left_2019_03_01_18_32_39_497.jpg, /home/zubin/Desktop/Self-driving-car-simulation/Data/IMG/right_2019_03_01_18_32_39_497.jpg, -0.2307687, 1, 0, 30.17738
/home/zubin/Desktop/Self-driving-car-simulation/Data/IMG/center_2019_03_01_18_32_39_616.jpg, /home/zubin/Desktop/Self-driving-car-simulation/Data/IMG/left_2019_03_01_18_32_39_616.jpg, /home/zubin/Desktop/Self-driving-car-simulation/Data/IMG/right_2019_03_01_18_32_39_616.jpg, 0, 1, 0, 30.1904
/home/zubin/Desktop/Self-driving-car-simulation/Data/IMG/center_2019_03_01_18_32_39_728.jpg, /home/zubin/Desktop/Self-driving-car-simulation/Data/IMG/left_2019_03_01_18_32_39_728.jpg, /home/zubin/Desktop/Self-driving-car-simulation/Data/IMG/right_2019_03_01_18_32_39_728.jpg, 0, 1, 0, 30.19065
/home/zubin/Desktop/Self-driving-car-simulation/Data/IMG/center_2019_03_01_18_32_39_833.jpg, /home/zubin/Desktop/Self-driving-car-simulation/Data/IMG/left_2019_03_01_18_32_39_833.jpg, /home/zubin/Desktop/Self-driving-car-simulation/Data/IMG/right_2019_03_01_18_32_39_833.jpg, 0, 1, 0, 30.19022
/home/zubin/Desktop/Self-driving-car-simulation/Data/IMG/center_2019_03_01_18_32_39_945.jpg, /home/zubin/Desktop/Self-driving-car-simulation/Data/IMG/left_2019_03_01_18_32_39_945.jpg, /home/zubin/Desktop/Self-driving-car-simulation/Data/IMG/right_2019_03_01_18_32_39_945.jpg, 0, 1, 0, 30.1903
/home/zubin/Desktop/Self-driving-car-simulation/Data/IMG/center_2019_03_01_18_32_40_048.jpg, /home/zubin/Desktop/Self-driving-car-simulation/Data/IMG/left_2019_03_01_18_32_40_048.jpg, /home/zubin/Desktop/Self-driving-car-simulation/Data/IMG/right_2019_03_01_18_32_40_048.jpg, -0.30966, 1, 0, 30.16727
/home/zubin/Desktop/Self-driving-car-simulation/Data/IMG/center_2019_03_01_18_32_40_164.jpg, /home/zubin/Desktop/Self-driving-car-simulation/Data/IMG/left_2019_03_01_18_32_40_164.jpg, /home/zubin/Desktop/Self-driving-car-simulation/Data/IMG/right_2019_03_01_18_32_40_164.jpg, 0, 1, 0, 30.18894
/home/zubin/Desktop/Self-driving-car-simulation/Data/IMG/center_2019_03_01_18_32_40_282.jpg, /home/zubin/Desktop/Self-driving-car-simulation/Data/IMG/left_2019_03_01_18_32_40_282.jpg, /home/zubin/Desktop/Self-driving-car-simulation/Data/IMG/right_2019_03_01_18_32_40_282.jpg, -0.1342313, 1, 0, 30.18717
/home/zubin/Desktop/Self-driving-car-simulation/Data/IMG/center_2019_03_01_18_32_40_399.jpg, /home/zubin/Desktop/Self-driving-car-simulation/Data/IMG/left_2019_03_01_18_32_40_399.jpg, /home/zubin/Desktop/Self-driving-car-simulation/Data/IMG/right_2019_03_01_18_32_40_399.jpg, 0, 1, 0, 30.19013
/home/zubin/Desktop/Self-driving-car-simulation/Data/IMG/center_2019_03_01_18_32_40_511.jpg, /home/zubin/Desktop/Self-driving-car-simulation/Data/IMG/left_2019_03_01_18_32_40_511.jpg, /home/zubin/Desktop/Self-driving-car-simulation/Data/IMG/right_2019_03_01_18_32_40_511.jpg, 0, 1, 0, 30.19002
/home/zubin/Desktop/Self-driving-car-simulation/Data/IMG/center_2019_03_01_18_32_40_614.jpg, /home/zubin/Desktop/Self-driving-car-simulation/Data/IMG/left_2019_03_01_18_32_40_614.jpg, /home/zubin/Desktop/Self-driving-car-simulation/Data/IMG/right_2019_03_01_18_32_40_614.jpg, 0, 1, 0, 30.19032
/home/zubin/Desktop/Self-driving-car-simulation/Data/IMG/center_2019_03_01_18_32_40_728.jpg, /home/zubin/Desktop/Self-driving-car-simulation/Data/IMG/left_2019_03_01_18_32_40_728.jpg, /home/zubin/Desktop/Self-driving-car-simulation/Data/IMG/right_2019_03_01_18_32_40_728.jpg, 0, 1, 0, 30.19032
/home/zubin/Desktop/Self-driving-car-simulation/Data/IMG/center_2019_03_01_18_32_40_831.jpg, /home/zubin/Desktop/Self-driving-car-simulation/Data/IMG/left_2019_03_01_18_32_40_831.jpg, /home/zubin/Desktop/Self-driving-car-simulation/Data/IMG/right_2019_03_01_18_32_40_831.jpg, 0, 1, 0, 30.19036
/home/zubin/Desktop/Self-driving-car-simulation/Data/IMG/center_2019_03_01_18_32_40_947.jpg, /home/zubin/Desktop/Self-driving-car-simulation/Data/IMG/left_2019_03_01_18_32_40_947.jpg, /home/zubin/Desktop/Self-driving-car-simulation/Data/IMG/right_2019_03_01_18_32_40_947.jpg, -0.3460293, 1, 0, 30.16235
/home/zubin/Desktop/Self-driving-car-simulation/Data/IMG/center_2019_03_01_18_32_41_064.jpg, /home/zubin/Desktop/Self-driving-car-simulation/Data/IMG/left_2019_03_01_18_32_41_064.jpg, /home/zubin/Desktop/Self-driving-car-simulation/Data/IMG/right_2019_03_01_18_32_41_064.jpg, 0, 1, 0, 30.189
/home/zubin/Desktop/Self-driving-car-simulation/Data/IMG/center_2019_03_01_18_32_41_178.jpg, /home/zubin/Desktop/Self-driving-car-simulation/Data/IMG/left_2019_03_01_18_32_41_178.jpg, /home/zubin/Desktop/Self-driving-car-simulation/Data/IMG/right_2019_03_01_18_32_41_178.jpg, -0.1553614, 1, 0, 30.18692
/home/zubin/Desktop/Self-driving-car-simulation/Data/IMG/center_2019_03_01_18_32_41_280.jpg, /home/zubin/Desktop/Self-driving-car-simulation/Data/IMG/left_2019_03_01_18_32_41_280.jpg, /home/zubin/Desktop/Self-driving-car-simulation/Data/IMG/right_2019_03_01_18_32_41_280.jpg, 0, 1, 0, 30.18996
/home/zubin/Desktop/Self-driving-car-simulation/Data/IMG/center_2019_03_01_18_32_41_396.jpg, /home/zubin/Desktop/Self-driving-car-simulation/Data/IMG/left_2019_03_01_18_32_41_396.jpg, /home/zubin/Desktop/Self-driving-car-simulation/Data/IMG/right_2019_03_01_18_32_41_396.jpg, 0, 1, 0, 30.19028
/home/zubin/Desktop/Self-driving-car-simulation/Data/IMG/center_2019_03_01_18_32_41_512.jpg, /home/zubin/Desktop/Self-driving-car-simulation/Data/IMG/left_2019_03_01_18_32_41_512.jpg, /home/zubin/Desktop/Self-driving-car-simulation/Data/IMG/right_2019_03_01_18_32_41_512.jpg, 0, 1, 0, 30.19034
/home/zubin/Desktop/Self-driving-car-simulation/Data/IMG/center_2019_03_01_18_32_41_613.jpg, /home/zubin/Desktop/Self-driving-car-simulation/Data/IMG/left_2019_03_01_18_32_41_613.jpg, /home/zubin/Desktop/Self-driving-car-simulation/Data/IMG/right_2019_03_01_18_32_41_613.jpg, 0, 1, 0, 30.19027
/home/zubin/Desktop/Self-driving-car-simulation/Data/IMG/center_2019_03_01_18_32_41_726.jpg, /home/zubin/Desktop/Self-driving-car-simulation/Data/IMG/left_2019_03_01_18_32_41_726.jpg, /home/zubin/Desktop/Self-driving-car-simulation/Data/IMG/right_2019_03_01_18_32_41_726.jpg, -0.0950489, 1, 0, 30.18802
/home/zubin/Desktop/Self-driving-car-simulation/Data/IMG/center_2019_03_01_18_32_41_830.jpg, /home/zubin/Desktop/Self-driving-car-simulation/Data/IMG/left_2019_03_01_18_32_41_830.jpg, /home/zubin/Desktop/Self-driving-car-simulation/Data/IMG/right_2019_03_01_18_32_41_830.jpg, -0.1030583, 1, 0, 30.18955
/home/zubin/Desktop/Self-driving-car-simulation/Data/IMG/center_2019_03_01_18_32_41_944.jpg, /home/zubin/Desktop/Self-driving-car-simulation/Data/IMG/left_2019_03_01_18_32_41_944.jpg, /home/zubin/Desktop/Self-driving-car-simulation/Data/IMG/right_2019_03_01_18_32_41_944.jpg, -0.1472011, 1, 0, 30.18713
/home/zubin/Desktop/Self-driving-car-simulation/Data/IMG/center_2019_03_01_18_32_42_046.jpg, /home/zubin/Desktop/Self-driving-car-simulation/Data/IMG/left_2019_03_01_18_32_42_046.jpg, /home/zubin/Desktop/Self-driving-car-simulation/Data/IMG/right_2019_03_01_18_32_42_046.jpg, 0, 1, 0, 30.19012
/home/zubin/Desktop/Self-driving-car-simulation/Data/IMG/center_2019_03_01_18_32_42_161.jpg, /home/zubin/Desktop/Self-driving-car-simulation/Data/IMG/left_2019_03_01_18_32_42_161.jpg, /home/zubin/Desktop/Self-driving-car-simulation/Data/IMG/right_2019_03_01_18_32_42_161.jpg, 0, 1, 0, 30.19029
/home/zubin/Desktop/Self-driving-car-simulation/Data/IMG/center_2019_03_01_18_32_42_277.jpg, /home/zubin/Desktop/Self-driving-car-simulation/Data/IMG/left_2019_03_01_18_32_42_277.jpg, /home/zubin/Desktop/Self-driving-car-simulation/Data/IMG/right_2019_03_01_18_32_42_277.jpg, 0, 1, 0, 30.1903
/home/zubin/Desktop/Self-driving-car-simulation/Data/IMG/center_2019_03_01_18_32_42_378.jpg, /home/zubin/Desktop/Self-driving-car-simulation/Data/IMG/left_2019_03_01_18_32_42_378.jpg, /home/zubin/Desktop/Self-driving-car-simulation/Data/IMG/right_2019_03_01_18_32_42_378.jpg, 0, 1, 0, 30.19012
/home/zubin/Desktop/Self-driving-car-simulation/Data/IMG/center_2019_03_01_18_32_42_493.jpg, /home/zubin/Desktop/Self-driving-car-simulation/Data/IMG/left_2019_03_01_18_32_42_493.jpg, /home/zubin/Desktop/Self-driving-car-simulation/Data/IMG/right_2019_03_01_18_32_42_493.jpg, 0, 1, 0, 30.1903
/home/zubin/Desktop/Self-driving-car-simulation/Data/IMG/center_2019_03_01_18_32_42_594.jpg, /home/zubin/Desktop/Self-driving-car-simulation/Data/IMG/left_2019_03_01_18_32_42_594.jpg, /home/zubin/Desktop/Self-driving-car-simulation/Data/IMG/right_2019_03_01_18_32_42_594.jpg, 0, 1, 0, 30.19025
/home/zubin/Desktop/Self-driving-car-simulation/Data/IMG/center_2019_03_01_18_32_42_709.jpg, /home/zubin/Desktop/Self-driving-car-simulation/Data/IMG/left_2019_03_01_18_32_42_709.jpg, /home/zubin/Desktop/Self-driving-car-simulation/Data/IMG/right_2019_03_01_18_32_42_709.jpg, 0, 1, 0, 30.19029
/home/zubin/Desktop/Self-driving-car-simulation/Data/IMG/center_2019_03_01_18_32_42_810.jpg, /home/zubin/Desktop/Self-driving-car-simulation/Data/IMG/left_2019_03_01_18_32_42_810.jpg, /home/zubin/Desktop/Self-driving-car-simulation/Data/IMG/right_2019_03_01_18_32_42_810.jpg, 0, 1, 0, 30.19031
/home/zubin/Desktop/Self-driving-car-simulation/Data/IMG/center_2019_03_01_18_32_42_926.jpg, /home/zubin/Desktop/Self-driving-car-simulation/Data/IMG/left_2019_03_01_18_32_42_926.jpg, /home/zubin/Desktop/Self-driving-car-simulation/Data/IMG/right_2019_03_01_18_32_42_926.jpg, 0, 1, 0, 30.19027
/home/zubin/Desktop/Self-driving-car-simulation/Data/IMG/center_2019_03_01_18_32_43_027.jpg, /home/zubin/Desktop/Self-driving-car-simulation/Data/IMG/left_2019_03_01_18_32_43_027.jpg, /home/zubin/Desktop/Self-driving-car-simulation/Data/IMG/right_2019_03_01_18_32_43_027.jpg, 0, 1, 0, 30.1903
/home/zubin/Desktop/Self-driving-car-simulation/Data/IMG/center_2019_03_01_18_32_43_128.jpg, /home/zubin/Desktop/Self-driving-car-simulation/Data/IMG/left_2019_03_01_18_32_43_128.jpg, /home/zubin/Desktop/Self-driving-car-simulation/Data/IMG/right_2019_03_01_18_32_43_128.jpg, 0, 1, 0, 30.19031
/home/zubin/Desktop/Self-driving-car-simulation/Data/IMG/center_2019_03_01_18_32_43_243.jpg, /home/zubin/Desktop/Self-driving-car-simulation/Data/IMG/left_2019_03_01_18_32_43_243.jpg, /home/zubin/Desktop/Self-driving-car-simulation/Data/IMG/right_2019_03_01_18_32_43_243.jpg, 0, 1, 0, 30.1903
/home/zubin/Desktop/Self-driving-car-simulation/Data/IMG/center_2019_03_01_18_32_43_361.jpg, /home/zubin/Desktop/Self-driving-car-simulation/Data/IMG/left_2019_03_01_18_32_43_361.jpg, /home/zubin/Desktop/Self-driving-car-simulation/Data/IMG/right_2019_03_01_18_32_43_361.jpg, 0, 1, 0, 30.19028
/home/zubin/Desktop/Self-driving-car-simulation/Data/IMG/center_2019_03_01_18_32_43_476.jpg, /home/zubin/Desktop/Self-driving-car-simulation/Data/IMG/left_2019_03_01_18_32_43_476.jpg, /home/zubin/Desktop/Self-driving-car-simulation/Data/IMG/right_2019_03_01_18_32_43_476.jpg, 0, 1, 0, 30.1903
/home/zubin/Desktop/Self-driving-car-simulation/Data/IMG/center_2019_03_01_18_32_43_595.jpg, /home/zubin/Desktop/Self-driving-car-simulation/Data/IMG/left_2019_03_01_18_32_43_595.jpg, /home/zubin/Desktop/Self-driving-car-simulation/Data/IMG/right_2019_03_01_18_32_43_595.jpg, 0, 1, 0, 30.19029
/home/zubin/Desktop/Self-driving-car-simulation/Data/IMG/center_2019_03_01_18_32_43_710.jpg, /home/zubin/Desktop/Self-driving-car-simulation/Data/IMG/left_2019_03_01_18_32_43_710.jpg, /home/zubin/Desktop/Self-driving-car-simulation/Data/IMG/right_2019_03_01_18_32_43_710.jpg, 0, 1, 0, 30.1903
/home/zubin/Desktop/Self-driving-car-simulation/Data/IMG/center_2019_03_01_18_32_43_823.jpg, /home/zubin/Desktop/Self-driving-car-simulation/Data/IMG/left_2019_03_01_18_32_43_823.jpg, /home/zubin/Desktop/Self-driving-car-simulation/Data/IMG/right_2019_03_01_18_32_43_823.jpg, 0, 1, 0, 30.19028
/home/zubin/Desktop/Self-driving-car-simulation/Data/IMG/center_2019_03_01_18_32_43_925.jpg, /home/zubin/Desktop/Self-driving-car-simulation/Data/IMG/left_2019_03_01_18_32_43_925.jpg, /home/zubin/Desktop/Self-driving-car-simulation/Data/IMG/right_2019_03_01_18_32_43_925.jpg, -0.04135537, 1, 0, 30.18993
/home/zubin/Desktop/Self-driving-car-simulation/Data/IMG/center_2019_03_01_18_32_44_044.jpg, /home/zubin/Desktop/Self-driving-car-simulation/Data/IMG/left_2019_03_01_18_32_44_044.jpg, /home/zubin/Desktop/Self-driving-car-simulation/Data/IMG/right_2019_03_01_18_32_44_044.jpg, -0.07731986, 1, 0, 30.19011
/home/zubin/Desktop/Self-driving-car-simulation/Data/IMG/center_2019_03_01_18_32_44_158.jpg, /home/zubin/Desktop/Self-driving-car-simulation/Data/IMG/left_2019_03_01_18_32_44_158.jpg, /home/zubin/Desktop/Self-driving-car-simulation/Data/IMG/right_2019_03_01_18_32_44_158.jpg, 0, 1, 0, 30.19015
/home/zubin/Desktop/Self-driving-car-simulation/Data/IMG/center_2019_03_01_18_32_44_276.jpg, /home/zubin/Desktop/Self-driving-car-simulation/Data/IMG/left_2019_03_01_18_32_44_276.jpg, /home/zubin/Desktop/Self-driving-car-simulation/Data/IMG/right_2019_03_01_18_32_44_276.jpg, 0, 1, 0, 30.19032
/home/zubin/Desktop/Self-driving-car-simulation/Data/IMG/center_2019_03_01_18_32_44_376.jpg, /home/zubin/Desktop/Self-driving-car-simulation/Data/IMG/left_2019_03_01_18_32_44_376.jpg, /home/zubin/Desktop/Self-driving-car-simulation/Data/IMG/right_2019_03_01_18_32_44_376.jpg, 0, 1, 0, 30.19029
/home/zubin/Desktop/Self-driving-car-simulation/Data/IMG/center_2019_03_01_18_32_44_492.jpg, /home/zubin/Desktop/Self-driving-car-simulation/Data/IMG/left_2019_03_01_18_32_44_492.jpg, /home/zubin/Desktop/Self-driving-car-simulation/Data/IMG/right_2019_03_01_18_32_44_492.jpg, 0, 1, 0, 30.19027
/home/zubin/Desktop/Self-driving-car-simulation/Data/IMG/center_2019_03_01_18_32_44_609.jpg, /home/zubin/Desktop/Self-driving-car-simulation/Data/IMG/left_2019_03_01_18_32_44_609.jpg, /home/zubin/Desktop/Self-driving-car-simulation/Data/IMG/right_2019_03_01_18_32_44_609.jpg, 0, 1, 0, 30.19032
/home/zubin/Desktop/Self-driving-car-simulation/Data/IMG/center_2019_03_01_18_32_44_724.jpg, /home/zubin/Desktop/Self-driving-car-simulation/Data/IMG/left_2019_03_01_18_32_44_724.jpg, /home/zubin/Desktop/Self-driving-car-simulation/Data/IMG/right_2019_03_01_18_32_44_724.jpg, -0.1527479, 1, 0, 30.18393
/home/zubin/Desktop/Self-driving-car-simulation/Data/IMG/center_2019_03_01_18_32_44_840.jpg, /home/zubin/Desktop/Self-driving-car-simulation/Data/IMG/left_2019_03_01_18_32_44_840.jpg, /home/zubin/Desktop/Self-driving-car-simulation/Data/IMG/right_2019_03_01_18_32_44_840.jpg, -0.01054215, 1, 0, 30.18991
/home/zubin/Desktop/Self-driving-car-simulation/Data/IMG/center_2019_03_01_18_32_44_941.jpg, /home/zubin/Desktop/Self-driving-car-simulation/Data/IMG/left_2019_03_01_18_32_44_941.jpg, /home/zubin/Desktop/Self-driving-car-simulation/Data/IMG/right_2019_03_01_18_32_44_941.jpg, 0, 1, 0, 30.19011
/home/zubin/Desktop/Self-driving-car-simulation/Data/IMG/center_2019_03_01_18_32_45_059.jpg, /home/zubin/Desktop/Self-driving-car-simulation/Data/IMG/left_2019_03_01_18_32_45_059.jpg, /home/zubin/Desktop/Self-driving-car-simulation/Data/IMG/right_2019_03_01_18_32_45_059.jpg, -0.1038837, 1, 0, 30.18828
/home/zubin/Desktop/Self-driving-car-simulation/Data/IMG/center_2019_03_01_18_32_45_174.jpg, /home/zubin/Desktop/Self-driving-car-simulation/Data/IMG/left_2019_03_01_18_32_45_174.jpg, /home/zubin/Desktop/Self-driving-car-simulation/Data/IMG/right_2019_03_01_18_32_45_174.jpg, -0.04518557, 1, 0, 30.19067
/home/zubin/Desktop/Self-driving-car-simulation/Data/IMG/center_2019_03_01_18_32_45_276.jpg, /home/zubin/Desktop/Self-driving-car-simulation/Data/IMG/left_2019_03_01_18_32_45_276.jpg, /home/zubin/Desktop/Self-driving-car-simulation/Data/IMG/right_2019_03_01_18_32_45_276.jpg, -0.1112459, 1, 0, 30.18906
/home/zubin/Desktop/Self-driving-car-simulation/Data/IMG/center_2019_03_01_18_32_45_392.jpg, /home/zubin/Desktop/Self-driving-car-simulation/Data/IMG/left_2019_03_01_18_32_45_392.jpg, /home/zubin/Desktop/Self-driving-car-simulation/Data/IMG/right_2019_03_01_18_32_45_392.jpg, -0.1016185, 1, 0, 30.19056
/home/zubin/Desktop/Self-driving-car-simulation/Data/IMG/center_2019_03_01_18_32_45_507.jpg, /home/zubin/Desktop/Self-driving-car-simulation/Data/IMG/left_2019_03_01_18_32_45_507.jpg, /home/zubin/Desktop/Self-driving-car-simulation/Data/IMG/right_2019_03_01_18_32_45_507.jpg, 0, 1, 0, 30.18999
/home/zubin/Desktop/Self-driving-car-simulation/Data/IMG/center_2019_03_01_18_32_45_622.jpg, /home/zubin/Desktop/Self-driving-car-simulation/Data/IMG/left_2019_03_01_18_32_45_622.jpg, /home/zubin/Desktop/Self-driving-car-simulation/Data/IMG/right_2019_03_01_18_32_45_622.jpg, 0, 1, 0, 30.19028
/home/zubin/Desktop/Self-driving-car-simulation/Data/IMG/center_2019_03_01_18_32_45_723.jpg, /home/zubin/Desktop/Self-driving-car-simulation/Data/IMG/left_2019_03_01_18_32_45_723.jpg, /home/zubin/Desktop/Self-driving-car-simulation/Data/IMG/right_2019_03_01_18_32_45_723.jpg, 0, 1, 0, 30.19031
/home/zubin/Desktop/Self-driving-car-simulation/Data/IMG/center_2019_03_01_18_32_45_825.jpg, /home/zubin/Desktop/Self-driving-car-simulation/Data/IMG/left_2019_03_01_18_32_45_825.jpg, /home/zubin/Desktop/Self-driving-car-simulation/Data/IMG/right_2019_03_01_18_32_45_825.jpg, 0, 1, 0, 30.19027
/home/zubin/Desktop/Self-driving-car-simulation/Data/IMG/center_2019_03_01_18_32_45_940.jpg, /home/zubin/Desktop/Self-driving-car-simulation/Data/IMG/left_2019_03_01_18_32_45_940.jpg, /home/zubin/Desktop/Self-driving-car-simulation/Data/IMG/right_2019_03_01_18_32_45_940.jpg, 0, 1, 0, 30.19032
/home/zubin/Desktop/Self-driving-car-simulation/Data/IMG/center_2019_03_01_18_32_46_056.jpg, /home/zubin/Desktop/Self-driving-car-simulation/Data/IMG/left_2019_03_01_18_32_46_056.jpg, /home/zubin/Desktop/Self-driving-car-simulation/Data/IMG/right_2019_03_01_18_32_46_056.jpg, 0, 1, 0, 30.19028
/home/zubin/Desktop/Self-driving-car-simulation/Data/IMG/center_2019_03_01_18_32_46_157.jpg, /home/zubin/Desktop/Self-driving-car-simulation/Data/IMG/left_2019_03_01_18_32_46_157.jpg, /home/zubin/Desktop/Self-driving-car-simulation/Data/IMG/right_2019_03_01_18_32_46_157.jpg, 0, 1, 0, 30.19028
/home/zubin/Desktop/Self-driving-car-simulation/Data/IMG/center_2019_03_01_18_32_46_273.jpg, /home/zubin/Desktop/Self-driving-car-simulation/Data/IMG/left_2019_03_01_18_32_46_273.jpg, /home/zubin/Desktop/Self-driving-car-simulation/Data/IMG/right_2019_03_01_18_32_46_273.jpg, 0, 1, 0, 30.19032
/home/zubin/Desktop/Self-driving-car-simulation/Data/IMG/center_2019_03_01_18_32_46_375.jpg, /home/zubin/Desktop/Self-driving-car-simulation/Data/IMG/left_2019_03_01_18_32_46_375.jpg, /home/zubin/Desktop/Self-driving-car-simulation/Data/IMG/right_2019_03_01_18_32_46_375.jpg, 0, 1, 0, 30.19029
/home/zubin/Desktop/Self-driving-car-simulation/Data/IMG/center_2019_03_01_18_32_46_491.jpg, /home/zubin/Desktop/Self-driving-car-simulation/Data/IMG/left_2019_03_01_18_32_46_491.jpg, /home/zubin/Desktop/Self-driving-car-simulation/Data/IMG/right_2019_03_01_18_32_46_491.jpg, 0, 1, 0, 30.19027
/home/zubin/Desktop/Self-driving-car-simulation/Data/IMG/center_2019_03_01_18_32_46_591.jpg, /home/zubin/Desktop/Self-driving-car-simulation/Data/IMG/left_2019_03_01_18_32_46_591.jpg, /home/zubin/Desktop/Self-driving-car-simulation/Data/IMG/right_2019_03_01_18_32_46_591.jpg, 0, 1, 0, 30.25348
/home/zubin/Desktop/Self-driving-car-simulation/Data/IMG/center_2019_03_01_18_32_46_705.jpg, /home/zubin/Desktop/Self-driving-car-simulation/Data/IMG/left_2019_03_01_18_32_46_705.jpg, /home/zubin/Desktop/Self-driving-car-simulation/Data/IMG/right_2019_03_01_18_32_46_705.jpg, 0, 1, 0, 30.19082
/home/zubin/Desktop/Self-driving-car-simulation/Data/IMG/center_2019_03_01_18_32_46_807.jpg, /home/zubin/Desktop/Self-driving-car-simulation/Data/IMG/left_2019_03_01_18_32_46_807.jpg, /home/zubin/Desktop/Self-driving-car-simulation/Data/IMG/right_2019_03_01_18_32_46_807.jpg, 0, 1, 0, 30.17549
/home/zubin/Desktop/Self-driving-car-simulation/Data/IMG/center_2019_03_01_18_32_46_924.jpg, /home/zubin/Desktop/Self-driving-car-simulation/Data/IMG/left_2019_03_01_18_32_46_924.jpg, /home/zubin/Desktop/Self-driving-car-simulation/Data/IMG/right_2019_03_01_18_32_46_924.jpg, 0, 1, 0, 30.18898
/home/zubin/Desktop/Self-driving-car-simulation/Data/IMG/center_2019_03_01_18_32_47_041.jpg, /home/zubin/Desktop/Self-driving-car-simulation/Data/IMG/left_2019_03_01_18_32_47_041.jpg, /home/zubin/Desktop/Self-driving-car-simulation/Data/IMG/right_2019_03_01_18_32_47_041.jpg, 0, 1, 0, 30.18984
/home/zubin/Desktop/Self-driving-car-simulation/Data/IMG/center_2019_03_01_18_32_47_158.jpg, /home/zubin/Desktop/Self-driving-car-simulation/Data/IMG/left_2019_03_01_18_32_47_158.jpg, /home/zubin/Desktop/Self-driving-car-simulation/Data/IMG/right_2019_03_01_18_32_47_158.jpg, 0, 1, 0, 30.1899
/home/zubin/Desktop/Self-driving-car-simulation/Data/IMG/center_2019_03_01_18_32_47_258.jpg, /home/zubin/Desktop/Self-driving-car-simulation/Data/IMG/left_2019_03_01_18_32_47_258.jpg, /home/zubin/Desktop/Self-driving-car-simulation/Data/IMG/right_2019_03_01_18_32_47_258.jpg, 0, 1, 0, 30.18988
/home/zubin/Desktop/Self-driving-car-simulation/Data/IMG/center_2019_03_01_18_32_47_373.jpg, /home/zubin/Desktop/Self-driving-car-simulation/Data/IMG/left_2019_03_01_18_32_47_373.jpg, /home/zubin/Desktop/Self-driving-car-simulation/Data/IMG/right_2019_03_01_18_32_47_373.jpg, 0, 1, 0, 30.18988
/home/zubin/Desktop/Self-driving-car-simulation/Data/IMG/center_2019_03_01_18_32_47_489.jpg, /home/zubin/Desktop/Self-driving-car-simulation/Data/IMG/left_2019_03_01_18_32_47_489.jpg, /home/zubin/Desktop/Self-driving-car-simulation/Data/IMG/right_2019_03_01_18_32_47_489.jpg, 0, 1, 0, 30.18991
/home/zubin/Desktop/Self-driving-car-simulation/Data/IMG/center_2019_03_01_18_32_47_589.jpg, /home/zubin/Desktop/Self-driving-car-simulation/Data/IMG/left_2019_03_01_18_32_47_589.jpg, /home/zubin/Desktop/Self-driving-car-simulation/Data/IMG/right_2019_03_01_18_32_47_589.jpg, 0, 1, 0, 30.18991
/home/zubin/Desktop/Self-driving-car-simulation/Data/IMG/center_2019_03_01_18_32_47_690.jpg, /home/zubin/Desktop/Self-driving-car-simulation/Data/IMG/left_2019_03_01_18_32_47_690.jpg, /home/zubin/Desktop/Self-driving-car-simulation/Data/IMG/right_2019_03_01_18_32_47_690.jpg, 0, 1, 0, 30.18989
/home/zubin/Desktop/Self-driving-car-simulation/Data/IMG/center_2019_03_01_18_32_47_791.jpg, /home/zubin/Desktop/Self-driving-car-simulation/Data/IMG/left_2019_03_01_18_32_47_791.jpg, /home/zubin/Desktop/Self-driving-car-simulation/Data/IMG/right_2019_03_01_18_32_47_791.jpg, 0, 1, 0, 30.18988
/home/zubin/Desktop/Self-driving-car-simulation/Data/IMG/center_2019_03_01_18_32_47_905.jpg, /home/zubin/Desktop/Self-driving-car-simulation/Data/IMG/left_2019_03_01_18_32_47_905.jpg, /home/zubin/Desktop/Self-driving-car-simulation/Data/IMG/right_2019_03_01_18_32_47_905.jpg, 0, 1, 0, 30.18991
/home/zubin/Desktop/Self-driving-car-simulation/Data/IMG/center_2019_03_01_18_32_48_008.jpg, /home/zubin/Desktop/Self-driving-car-simulation/Data/IMG/left_2019_03_01_18_32_48_008.jpg, /home/zubin/Desktop/Self-driving-car-simulation/Data/IMG/right_2019_03_01_18_32_48_008.jpg, 0, 1, 0, 30.18988
/home/zubin/Desktop/Self-driving-car-simulation/Data/IMG/center_2019_03_01_18_32_48_109.jpg, /home/zubin/Desktop/Self-driving-car-simulation/Data/IMG/left_2019_03_01_18_32_48_109.jpg, /home/zubin/Desktop/Self-driving-car-simulation/Data/IMG/right_2019_03_01_18_32_48_109.jpg, 0, 1, 0, 30.18991
/home/zubin/Desktop/Self-driving-car-simulation/Data/IMG/center_2019_03_01_18_32_48_208.jpg, /home/zubin/Desktop/Self-driving-car-simulation/Data/IMG/left_2019_03_01_18_32_48_208.jpg, /home/zubin/Desktop/Self-driving-car-simulation/Data/IMG/right_2019_03_01_18_32_48_208.jpg, 0, 1, 0, 30.18986
/home/zubin/Desktop/Self-driving-car-simulation/Data/IMG/center_2019_03_01_18_32_48_322.jpg, /home/zubin/Desktop/Self-driving-car-simulation/Data/IMG/left_2019_03_01_18_32_48_322.jpg, /home/zubin/Desktop/Self-driving-car-simulation/Data/IMG/right_2019_03_01_18_32_48_322.jpg, 0, 1, 0, 30.18991
/home/zubin/Desktop/Self-driving-car-simulation/Data/IMG/center_2019_03_01_18_32_48_440.jpg, /home/zubin/Desktop/Self-driving-car-simulation/Data/IMG/left_2019_03_01_18_32_48_440.jpg, /home/zubin/Desktop/Self-driving-car-simulation/Data/IMG/right_2019_03_01_18_32_48_440.jpg, 0, 1, 0, 30.18989
/home/zubin/Desktop/Self-driving-car-simulation/Data/IMG/center_2019_03_01_18_32_48_557.jpg, /home/zubin/Desktop/Self-driving-car-simulation/Data/IMG/left_2019_03_01_18_32_48_557.jpg, /home/zubin/Desktop/Self-driving-car-simulation/Data/IMG/right_2019_03_01_18_32_48_557.jpg, 0, 1, 0, 30.18987
/home/zubin/Desktop/Self-driving-car-simulation/Data/IMG/center_2019_03_01_18_32_48_673.jpg, /home/zubin/Desktop/Self-driving-car-simulation/Data/IMG/left_2019_03_01_18_32_48_673.jpg, /home/zubin/Desktop/Self-driving-car-simulation/Data/IMG/right_2019_03_01_18_32_48_673.jpg, 0, 1, 0, 30.18988
/home/zubin/Desktop/Self-driving-car-simulation/Data/IMG/center_2019_03_01_18_32_48_789.jpg, /home/zubin/Desktop/Self-driving-car-simulation/Data/IMG/left_2019_03_01_18_32_48_789.jpg, /home/zubin/Desktop/Self-driving-car-simulation/Data/IMG/right_2019_03_01_18_32_48_789.jpg, 0, 1, 0, 30.18989
/home/zubin/Desktop/Self-driving-car-simulation/Data/IMG/center_2019_03_01_18_32_48_907.jpg, /home/zubin/Desktop/Self-driving-car-simulation/Data/IMG/left_2019_03_01_18_32_48_907.jpg, /home/zubin/Desktop/Self-driving-car-simulation/Data/IMG/right_2019_03_01_18_32_48_907.jpg, 0, 1, 0, 30.18985
/home/zubin/Desktop/Self-driving-car-simulation/Data/IMG/center_2019_03_01_18_32_49_024.jpg, /home/zubin/Desktop/Self-driving-car-simulation/Data/IMG/left_2019_03_01_18_32_49_024.jpg, /home/zubin/Desktop/Self-driving-car-simulation/Data/IMG/right_2019_03_01_18_32_49_024.jpg, 0, 1, 0, 30.18991
/home/zubin/Desktop/Self-driving-car-simulation/Data/IMG/center_2019_03_01_18_32_49_139.jpg, /home/zubin/Desktop/Self-driving-car-simulation/Data/IMG/left_2019_03_01_18_32_49_139.jpg, /home/zubin/Desktop/Self-driving-car-simulation/Data/IMG/right_2019_03_01_18_32_49_139.jpg, 0, 1, 0, 30.18991
/home/zubin/Desktop/Self-driving-car-simulation/Data/IMG/center_2019_03_01_18_32_49_256.jpg, /home/zubin/Desktop/Self-driving-car-simulation/Data/IMG/left_2019_03_01_18_32_49_256.jpg, /home/zubin/Desktop/Self-driving-car-simulation/Data/IMG/right_2019_03_01_18_32_49_256.jpg, 0, 1, 0, 30.18987
/home/zubin/Desktop/Self-driving-car-simulation/Data/IMG/center_2019_03_01_18_32_49_359.jpg, /home/zubin/Desktop/Self-driving-car-simulation/Data/IMG/left_2019_03_01_18_32_49_359.jpg, /home/zubin/Desktop/Self-driving-car-simulation/Data/IMG/right_2019_03_01_18_32_49_359.jpg, 0, 1, 0, 30.18991
/home/zubin/Desktop/Self-driving-car-simulation/Data/IMG/center_2019_03_01_18_32_49_474.jpg, /home/zubin/Desktop/Self-driving-car-simulation/Data/IMG/left_2019_03_01_18_32_49_474.jpg, /home/zubin/Desktop/Self-driving-car-simulation/Data/IMG/right_2019_03_01_18_32_49_474.jpg, 0, 1, 0, 30.18989
/home/zubin/Desktop/Self-driving-car-simulation/Data/IMG/center_2019_03_01_18_32_49_589.jpg, /home/zubin/Desktop/Self-driving-car-simulation/Data/IMG/left_2019_03_01_18_32_49_589.jpg, /home/zubin/Desktop/Self-driving-car-simulation/Data/IMG/right_2019_03_01_18_32_49_589.jpg, 0, 1, 0, 30.18986
/home/zubin/Desktop/Self-driving-car-simulation/Data/IMG/center_2019_03_01_18_32_49_689.jpg, /home/zubin/Desktop/Self-driving-car-simulation/Data/IMG/left_2019_03_01_18_32_49_689.jpg, /home/zubin/Desktop/Self-driving-car-simulation/Data/IMG/right_2019_03_01_18_32_49_689.jpg, 0, 1, 0, 30.18989
/home/zubin/Desktop/Self-driving-car-simulation/Data/IMG/center_2019_03_01_18_32_49_805.jpg, /home/zubin/Desktop/Self-driving-car-simulation/Data/IMG/left_2019_03_01_18_32_49_805.jpg, /home/zubin/Desktop/Self-driving-car-simulation/Data/IMG/right_2019_03_01_18_32_49_805.jpg, 0, 1, 0, 30.1899
/home/zubin/Desktop/Self-driving-car-simulation/Data/IMG/center_2019_03_01_18_32_49_921.jpg, /home/zubin/Desktop/Self-driving-car-simulation/Data/IMG/left_2019_03_01_18_32_49_921.jpg, /home/zubin/Desktop/Self-driving-car-simulation/Data/IMG/right_2019_03_01_18_32_49_921.jpg, 0, 1, 0, 30.18988
/home/zubin/Desktop/Self-driving-car-simulation/Data/IMG/center_2019_03_01_18_32_50_037.jpg, /home/zubin/Desktop/Self-driving-car-simulation/Data/IMG/left_2019_03_01_18_32_50_037.jpg, /home/zubin/Desktop/Self-driving-car-simulation/Data/IMG/right_2019_03_01_18_32_50_037.jpg, 0, 1, 0, 30.18992
/home/zubin/Desktop/Self-driving-car-simulation/Data/IMG/center_2019_03_01_18_32_50_137.jpg, /home/zubin/Desktop/Self-driving-car-simulation/Data/IMG/left_2019_03_01_18_32_50_137.jpg, /home/zubin/Desktop/Self-driving-car-simulation/Data/IMG/right_2019_03_01_18_32_50_137.jpg, 0, 1, 0, 30.18989
/home/zubin/Desktop/Self-driving-car-simulation/Data/IMG/center_2019_03_01_18_32_50_256.jpg, /home/zubin/Desktop/Self-driving-car-simulation/Data/IMG/left_2019_03_01_18_32_50_256.jpg, /home/zubin/Desktop/Self-driving-car-simulation/Data/IMG/right_2019_03_01_18_32_50_256.jpg, 0, 1, 0, 30.18989
/home/zubin/Desktop/Self-driving-car-simulation/Data/IMG/center_2019_03_01_18_32_50_371.jpg, /home/zubin/Desktop/Self-driving-car-simulation/Data/IMG/left_2019_03_01_18_32_50_371.jpg, /home/zubin/Desktop/Self-driving-car-simulation/Data/IMG/right_2019_03_01_18_32_50_371.jpg, 0, 1, 0, 30.18989
/home/zubin/Desktop/Self-driving-car-simulation/Data/IMG/center_2019_03_01_18_32_50_488.jpg, /home/zubin/Desktop/Self-driving-car-simulation/Data/IMG/left_2019_03_01_18_32_50_488.jpg, /home/zubin/Desktop/Self-driving-car-simulation/Data/IMG/right_2019_03_01_18_32_50_488.jpg, 0, 1, 0, 30.18989
/home/zubin/Desktop/Self-driving-car-simulation/Data/IMG/center_2019_03_01_18_32_50_589.jpg, /home/zubin/Desktop/Self-driving-car-simulation/Data/IMG/left_2019_03_01_18_32_50_589.jpg, /home/zubin/Desktop/Self-driving-car-simulation/Data/IMG/right_2019_03_01_18_32_50_589.jpg, 0, 1, 0, 30.18992
/home/zubin/Desktop/Self-driving-car-simulation/Data/IMG/center_2019_03_01_18_32_50_689.jpg, /home/zubin/Desktop/Self-driving-car-simulation/Data/IMG/left_2019_03_01_18_32_50_689.jpg, /home/zubin/Desktop/Self-driving-car-simulation/Data/IMG/right_2019_03_01_18_32_50_689.jpg, 0, 1, 0, 30.18989
/home/zubin/Desktop/Self-driving-car-simulation/Data/IMG/center_2019_03_01_18_32_50_805.jpg, /home/zubin/Desktop/Self-driving-car-simulation/Data/IMG/left_2019_03_01_18_32_50_805.jpg, /home/zubin/Desktop/Self-driving-car-simulation/Data/IMG/right_2019_03_01_18_32_50_805.jpg, 0, 1, 0, 30.18991
/home/zubin/Desktop/Self-driving-car-simulation/Data/IMG/center_2019_03_01_18_32_50_919.jpg, /home/zubin/Desktop/Self-driving-car-simulation/Data/IMG/left_2019_03_01_18_32_50_919.jpg, /home/zubin/Desktop/Self-driving-car-simulation/Data/IMG/right_2019_03_01_18_32_50_919.jpg, -0.04425931, 1, 0, 30.18947
/home/zubin/Desktop/Self-driving-car-simulation/Data/IMG/center_2019_03_01_18_32_51_021.jpg, /home/zubin/Desktop/Self-driving-car-simulation/Data/IMG/left_2019_03_01_18_32_51_021.jpg, /home/zubin/Desktop/Self-driving-car-simulation/Data/IMG/right_2019_03_01_18_32_51_021.jpg, -0.1469371, 1, 0, 30.18669
/home/zubin/Desktop/Self-driving-car-simulation/Data/IMG/center_2019_03_01_18_32_51_123.jpg, /home/zubin/Desktop/Self-driving-car-simulation/Data/IMG/left_2019_03_01_18_32_51_123.jpg, /home/zubin/Desktop/Self-driving-car-simulation/Data/IMG/right_2019_03_01_18_32_51_123.jpg, 0, 1, 0, 30.18958
/home/zubin/Desktop/Self-driving-car-simulation/Data/IMG/center_2019_03_01_18_32_51_238.jpg, /home/zubin/Desktop/Self-driving-car-simulation/Data/IMG/left_2019_03_01_18_32_51_238.jpg, /home/zubin/Desktop/Self-driving-car-simulation/Data/IMG/right_2019_03_01_18_32_51_238.jpg, 0, 1, 0, 30.18988
/home/zubin/Desktop/Self-driving-car-simulation/Data/IMG/center_2019_03_01_18_32_51_339.jpg, /home/zubin/Desktop/Self-driving-car-simulation/Data/IMG/left_2019_03_01_18_32_51_339.jpg, /home/zubin/Desktop/Self-driving-car-simulation/Data/IMG/right_2019_03_01_18_32_51_339.jpg, 0, 1, 0, 30.18995
/home/zubin/Desktop/Self-driving-car-simulation/Data/IMG/center_2019_03_01_18_32_51_454.jpg, /home/zubin/Desktop/Self-driving-car-simulation/Data/IMG/left_2019_03_01_18_32_51_454.jpg, /home/zubin/Desktop/Self-driving-car-simulation/Data/IMG/right_2019_03_01_18_32_51_454.jpg, -0.2414396, 1, 0, 30.17738
/home/zubin/Desktop/Self-driving-car-simulation/Data/IMG/center_2019_03_01_18_32_51_554.jpg, /home/zubin/Desktop/Self-driving-car-simulation/Data/IMG/left_2019_03_01_18_32_51_554.jpg, /home/zubin/Desktop/Self-driving-car-simulation/Data/IMG/right_2019_03_01_18_32_51_554.jpg, 0, 1, 0, 30.18872
/home/zubin/Desktop/Self-driving-car-simulation/Data/IMG/center_2019_03_01_18_32_51_654.jpg, /home/zubin/Desktop/Self-driving-car-simulation/Data/IMG/left_2019_03_01_18_32_51_654.jpg, /home/zubin/Desktop/Self-driving-car-simulation/Data/IMG/right_2019_03_01_18_32_51_654.jpg, 0, 1, 0, 30.18989
/home/zubin/Desktop/Self-driving-car-simulation/Data/IMG/center_2019_03_01_18_32_51_755.jpg, /home/zubin/Desktop/Self-driving-car-simulation/Data/IMG/left_2019_03_01_18_32_51_755.jpg, /home/zubin/Desktop/Self-driving-car-simulation/Data/IMG/right_2019_03_01_18_32_51_755.jpg, 0, 1, 0, 30.19004
/home/zubin/Desktop/Self-driving-car-simulation/Data/IMG/center_2019_03_01_18_32_51_871.jpg, /home/zubin/Desktop/Self-driving-car-simulation/Data/IMG/left_2019_03_01_18_32_51_871.jpg, /home/zubin/Desktop/Self-driving-car-simulation/Data/IMG/right_2019_03_01_18_32_51_871.jpg, 0, 1, 0, 30.19004
/home/zubin/Desktop/Self-driving-car-simulation/Data/IMG/center_2019_03_01_18_32_51_988.jpg, /home/zubin/Desktop/Self-driving-car-simulation/Data/IMG/left_2019_03_01_18_32_51_988.jpg, /home/zubin/Desktop/Self-driving-car-simulation/Data/IMG/right_2019_03_01_18_32_51_988.jpg, 0, 1, 0, 30.19006
/home/zubin/Desktop/Self-driving-car-simulation/Data/IMG/center_2019_03_01_18_32_52_105.jpg, /home/zubin/Desktop/Self-driving-car-simulation/Data/IMG/left_2019_03_01_18_32_52_105.jpg, /home/zubin/Desktop/Self-driving-car-simulation/Data/IMG/right_2019_03_01_18_32_52_105.jpg, 0, 1, 0, 30.19009
/home/zubin/Desktop/Self-driving-car-simulation/Data/IMG/center_2019_03_01_18_32_52_205.jpg, /home/zubin/Desktop/Self-driving-car-simulation/Data/IMG/left_2019_03_01_18_32_52_205.jpg, /home/zubin/Desktop/Self-driving-car-simulation/Data/IMG/right_2019_03_01_18_32_52_205.jpg, 0, 1, 0, 30.19005
/home/zubin/Desktop/Self-driving-car-simulation/Data/IMG/center_2019_03_01_18_32_52_320.jpg, /home/zubin/Desktop/Self-driving-car-simulation/Data/IMG/left_2019_03_01_18_32_52_320.jpg, /home/zubin/Desktop/Self-driving-car-simulation/Data/IMG/right_2019_03_01_18_32_52_320.jpg, 0, 1, 0, 30.19007
/home/zubin/Desktop/Self-driving-car-simulation/Data/IMG/center_2019_03_01_18_32_52_438.jpg, /home/zubin/Desktop/Self-driving-car-simulation/Data/IMG/left_2019_03_01_18_32_52_438.jpg, /home/zubin/Desktop/Self-driving-car-simulation/Data/IMG/right_2019_03_01_18_32_52_438.jpg, 0, 1, 0, 30.19008
/home/zubin/Desktop/Self-driving-car-simulation/Data/IMG/center_2019_03_01_18_32_52_539.jpg, /home/zubin/Desktop/Self-driving-car-simulation/Data/IMG/left_2019_03_01_18_32_52_539.jpg, /home/zubin/Desktop/Self-driving-car-simulation/Data/IMG/right_2019_03_01_18_32_52_539.jpg, 0, 1, 0, 30.19007
/home/zubin/Desktop/Self-driving-car-simulation/Data/IMG/center_2019_03_01_18_32_52_656.jpg, /home/zubin/Desktop/Self-driving-car-simulation/Data/IMG/left_2019_03_01_18_32_52_656.jpg, /home/zubin/Desktop/Self-driving-car-simulation/Data/IMG/right_2019_03_01_18_32_52_656.jpg, 0, 1, 0, 30.19007
/home/zubin/Desktop/Self-driving-car-simulation/Data/IMG/center_2019_03_01_18_32_52_756.jpg, /home/zubin/Desktop/Self-driving-car-simulation/Data/IMG/left_2019_03_01_18_32_52_756.jpg, /home/zubin/Desktop/Self-driving-car-simulation/Data/IMG/right_2019_03_01_18_32_52_756.jpg, 0, 1, 0, 30.19007
/home/zubin/Desktop/Self-driving-car-simulation/Data/IMG/center_2019_03_01_18_32_52_869.jpg, /home/zubin/Desktop/Self-driving-car-simulation/Data/IMG/left_2019_03_01_18_32_52_869.jpg, /home/zubin/Desktop/Self-driving-car-simulation/Data/IMG/right_2019_03_01_18_32_52_869.jpg, 0, 1, 0, 30.19007
/home/zubin/Desktop/Self-driving-car-simulation/Data/IMG/center_2019_03_01_18_32_52_970.jpg, /home/zubin/Desktop/Self-driving-car-simulation/Data/IMG/left_2019_03_01_18_32_52_970.jpg, /home/zubin/Desktop/Self-driving-car-simulation/Data/IMG/right_2019_03_01_18_32_52_970.jpg, 0, 1, 0, 30.19007
/home/zubin/Desktop/Self-driving-car-simulation/Data/IMG/center_2019_03_01_18_32_53_071.jpg, /home/zubin/Desktop/Self-driving-car-simulation/Data/IMG/left_2019_03_01_18_32_53_071.jpg, /home/zubin/Desktop/Self-driving-car-simulation/Data/IMG/right_2019_03_01_18_32_53_071.jpg, 0, 1, 0, 30.19006
/home/zubin/Desktop/Self-driving-car-simulation/Data/IMG/center_2019_03_01_18_32_53_188.jpg, /home/zubin/Desktop/Self-driving-car-simulation/Data/IMG/left_2019_03_01_18_32_53_188.jpg, /home/zubin/Desktop/Self-driving-car-simulation/Data/IMG/right_2019_03_01_18_32_53_188.jpg, 0, 1, 0, 30.19004
/home/zubin/Desktop/Self-driving-car-simulation/Data/IMG/center_2019_03_01_18_32_53_290.jpg, /home/zubin/Desktop/Self-driving-car-simulation/Data/IMG/left_2019_03_01_18_32_53_290.jpg, /home/zubin/Desktop/Self-driving-car-simulation/Data/IMG/right_2019_03_01_18_32_53_290.jpg, 0, 1, 0, 30.19009
/home/zubin/Desktop/Self-driving-car-simulation/Data/IMG/center_2019_03_01_18_32_53_404.jpg, /home/zubin/Desktop/Self-driving-car-simulation/Data/IMG/left_2019_03_01_18_32_53_404.jpg, /home/zubin/Desktop/Self-driving-car-simulation/Data/IMG/right_2019_03_01_18_32_53_404.jpg, 0, 1, 0, 30.19007
/home/zubin/Desktop/Self-driving-car-simulation/Data/IMG/center_2019_03_01_18_32_53_505.jpg, /home/zubin/Desktop/Self-driving-car-simulation/Data/IMG/left_2019_03_01_18_32_53_505.jpg, /home/zubin/Desktop/Self-driving-car-simulation/Data/IMG/right_2019_03_01_18_32_53_505.jpg, 0, 1, 0, 30.19008
/home/zubin/Desktop/Self-driving-car-simulation/Data/IMG/center_2019_03_01_18_32_53_606.jpg, /home/zubin/Desktop/Self-driving-car-simulation/Data/IMG/left_2019_03_01_18_32_53_606.jpg, /home/zubin/Desktop/Self-driving-car-simulation/Data/IMG/right_2019_03_01_18_32_53_606.jpg, 0, 1, 0, 30.19005
/home/zubin/Desktop/Self-driving-car-simulation/Data/IMG/center_2019_03_01_18_32_53_720.jpg, /home/zubin/Desktop/Self-driving-car-simulation/Data/IMG/left_2019_03_01_18_32_53_720.jpg, /home/zubin/Desktop/Self-driving-car-simulation/Data/IMG/right_2019_03_01_18_32_53_720.jpg, 0, 1, 0, 30.19008
/home/zubin/Desktop/Self-driving-car-simulation/Data/IMG/center_2019_03_01_18_32_53_821.jpg, /home/zubin/Desktop/Self-driving-car-simulation/Data/IMG/left_2019_03_01_18_32_53_821.jpg, /home/zubin/Desktop/Self-driving-car-simulation/Data/IMG/right_2019_03_01_18_32_53_821.jpg, 0, 1, 0, 30.19007
/home/zubin/Desktop/Self-driving-car-simulation/Data/IMG/center_2019_03_01_18_32_53_924.jpg, /home/zubin/Desktop/Self-driving-car-simulation/Data/IMG/left_2019_03_01_18_32_53_924.jpg, /home/zubin/Desktop/Self-driving-car-simulation/Data/IMG/right_2019_03_01_18_32_53_924.jpg, 0, 1, 0, 30.19007
/home/zubin/Desktop/Self-driving-car-simulation/Data/IMG/center_2019_03_01_18_32_54_038.jpg, /home/zubin/Desktop/Self-driving-car-simulation/Data/IMG/left_2019_03_01_18_32_54_038.jpg, /home/zubin/Desktop/Self-driving-car-simulation/Data/IMG/right_2019_03_01_18_32_54_038.jpg, 0, 1, 0, 30.19007
/home/zubin/Desktop/Self-driving-car-simulation/Data/IMG/center_2019_03_01_18_32_54_156.jpg, /home/zubin/Desktop/Self-driving-car-simulation/Data/IMG/left_2019_03_01_18_32_54_156.jpg, /home/zubin/Desktop/Self-driving-car-simulation/Data/IMG/right_2019_03_01_18_32_54_156.jpg, 0, 1, 0, 30.19005
/home/zubin/Desktop/Self-driving-car-simulation/Data/IMG/center_2019_03_01_18_32_54_273.jpg, /home/zubin/Desktop/Self-driving-car-simulation/Data/IMG/left_2019_03_01_18_32_54_273.jpg, /home/zubin/Desktop/Self-driving-car-simulation/Data/IMG/right_2019_03_01_18_32_54_273.jpg, 0, 1, 0, 30.19009
/home/zubin/Desktop/Self-driving-car-simulation/Data/IMG/center_2019_03_01_18_32_54_373.jpg, /home/zubin/Desktop/Self-driving-car-simulation/Data/IMG/left_2019_03_01_18_32_54_373.jpg, /home/zubin/Desktop/Self-driving-car-simulation/Data/IMG/right_2019_03_01_18_32_54_373.jpg, 0, 1, 0, 30.19008
/home/zubin/Desktop/Self-driving-car-simulation/Data/IMG/center_2019_03_01_18_32_54_485.jpg, /home/zubin/Desktop/Self-driving-car-simulation/Data/IMG/left_2019_03_01_18_32_54_485.jpg, /home/zubin/Desktop/Self-driving-car-simulation/Data/IMG/right_2019_03_01_18_32_54_485.jpg, 0, 1, 0, 30.19006
/home/zubin/Desktop/Self-driving-car-simulation/Data/IMG/center_2019_03_01_18_32_54_586.jpg, /home/zubin/Desktop/Self-driving-car-simulation/Data/IMG/left_2019_03_01_18_32_54_586.jpg, /home/zubin/Desktop/Self-driving-car-simulation/Data/IMG/right_2019_03_01_18_32_54_586.jpg, 0, 1, 0, 30.06111
/home/zubin/Desktop/Self-driving-car-simulation/Data/IMG/center_2019_03_01_18_32_54_687.jpg, /home/zubin/Desktop/Self-driving-car-simulation/Data/IMG/left_2019_03_01_18_32_54_687.jpg, /home/zubin/Desktop/Self-driving-car-simulation/Data/IMG/right_2019_03_01_18_32_54_687.jpg, 0, 1, 0, 30.26371
/home/zubin/Desktop/Self-driving-car-simulation/Data/IMG/center_2019_03_01_18_32_54_796.jpg, /home/zubin/Desktop/Self-driving-car-simulation/Data/IMG/left_2019_03_01_18_32_54_796.jpg, /home/zubin/Desktop/Self-driving-car-simulation/Data/IMG/right_2019_03_01_18_32_54_796.jpg, 0, 1, 0, 30.06381
/home/zubin/Desktop/Self-driving-car-simulation/Data/IMG/center_2019_03_01_18_32_54_907.jpg, /home/zubin/Desktop/Self-driving-car-simulation/Data/IMG/left_2019_03_01_18_32_54_907.jpg, /home/zubin/Desktop/Self-driving-car-simulation/Data/IMG/right_2019_03_01_18_32_54_907.jpg, 0, 1, 0, 29.96123
/home/zubin/Desktop/Self-driving-car-simulation/Data/IMG/center_2019_03_01_18_32_55_021.jpg, /home/zubin/Desktop/Self-driving-car-simulation/Data/IMG/left_2019_03_01_18_32_55_021.jpg, /home/zubin/Desktop/Self-driving-car-simulation/Data/IMG/right_2019_03_01_18_32_55_021.jpg, 0, 1, 0, 30.18789
/home/zubin/Desktop/Self-driving-car-simulation/Data/IMG/center_2019_03_01_18_32_55_129.jpg, /home/zubin/Desktop/Self-driving-car-simulation/Data/IMG/left_2019_03_01_18_32_55_129.jpg, /home/zubin/Desktop/Self-driving-car-simulation/Data/IMG/right_2019_03_01_18_32_55_129.jpg, 0, 1, 0, 30.19048
/home/zubin/Desktop/Self-driving-car-simulation/Data/IMG/center_2019_03_01_18_32_55_238.jpg, /home/zubin/Desktop/Self-driving-car-simulation/Data/IMG/left_2019_03_01_18_32_55_238.jpg, /home/zubin/Desktop/Self-driving-car-simulation/Data/IMG/right_2019_03_01_18_32_55_238.jpg, 0, 1, 0, 30.19062
/home/zubin/Desktop/Self-driving-car-simulation/Data/IMG/center_2019_03_01_18_32_55_353.jpg, /home/zubin/Desktop/Self-driving-car-simulation/Data/IMG/left_2019_03_01_18_32_55_353.jpg, /home/zubin/Desktop/Self-driving-car-simulation/Data/IMG/right_2019_03_01_18_32_55_353.jpg, 0, 1, 0, 30.1904
/home/zubin/Desktop/Self-driving-car-simulation/Data/IMG/center_2019_03_01_18_32_55_467.jpg, /home/zubin/Desktop/Self-driving-car-simulation/Data/IMG/left_2019_03_01_18_32_55_467.jpg, /home/zubin/Desktop/Self-driving-car-simulation/Data/IMG/right_2019_03_01_18_32_55_467.jpg, 0, 1, 0, 30.19044
/home/zubin/Desktop/Self-driving-car-simulation/Data/IMG/center_2019_03_01_18_32_55_570.jpg, /home/zubin/Desktop/Self-driving-car-simulation/Data/IMG/left_2019_03_01_18_32_55_570.jpg, /home/zubin/Desktop/Self-driving-car-simulation/Data/IMG/right_2019_03_01_18_32_55_570.jpg, -0.2725317, 1, 0, 30.17066
/home/zubin/Desktop/Self-driving-car-simulation/Data/IMG/center_2019_03_01_18_32_55_686.jpg, /home/zubin/Desktop/Self-driving-car-simulation/Data/IMG/left_2019_03_01_18_32_55_686.jpg, /home/zubin/Desktop/Self-driving-car-simulation/Data/IMG/right_2019_03_01_18_32_55_686.jpg, 0, 1, 0, 30.18957
/home/zubin/Desktop/Self-driving-car-simulation/Data/IMG/center_2019_03_01_18_32_55_800.jpg, /home/zubin/Desktop/Self-driving-car-simulation/Data/IMG/left_2019_03_01_18_32_55_800.jpg, /home/zubin/Desktop/Self-driving-car-simulation/Data/IMG/right_2019_03_01_18_32_55_800.jpg, 0, 1, 0, 30.18999
/home/zubin/Desktop/Self-driving-car-simulation/Data/IMG/center_2019_03_01_18_32_55_902.jpg, /home/zubin/Desktop/Self-driving-car-simulation/Data/IMG/left_2019_03_01_18_32_55_902.jpg, /home/zubin/Desktop/Self-driving-car-simulation/Data/IMG/right_2019_03_01_18_32_55_902.jpg, 0, 1, 0, 30.19022
/home/zubin/Desktop/Self-driving-car-simulation/Data/IMG/center_2019_03_01_18_32_56_016.jpg, /home/zubin/Desktop/Self-driving-car-simulation/Data/IMG/left_2019_03_01_18_32_56_016.jpg, /home/zubin/Desktop/Self-driving-car-simulation/Data/IMG/right_2019_03_01_18_32_56_016.jpg, 0, 1, 0, 30.19018
/home/zubin/Desktop/Self-driving-car-simulation/Data/IMG/center_2019_03_01_18_32_56_132.jpg, /home/zubin/Desktop/Self-driving-car-simulation/Data/IMG/left_2019_03_01_18_32_56_132.jpg, /home/zubin/Desktop/Self-driving-car-simulation/Data/IMG/right_2019_03_01_18_32_56_132.jpg, 0, 1, 0, 30.19031
/home/zubin/Desktop/Self-driving-car-simulation/Data/IMG/center_2019_03_01_18_32_56_251.jpg, /home/zubin/Desktop/Self-driving-car-simulation/Data/IMG/left_2019_03_01_18_32_56_251.jpg, /home/zubin/Desktop/Self-driving-car-simulation/Data/IMG/right_2019_03_01_18_32_56_251.jpg, 0, 1, 0, 30.19021
/home/zubin/Desktop/Self-driving-car-simulation/Data/IMG/center_2019_03_01_18_32_56_368.jpg, /home/zubin/Desktop/Self-driving-car-simulation/Data/IMG/left_2019_03_01_18_32_56_368.jpg, /home/zubin/Desktop/Self-driving-car-simulation/Data/IMG/right_2019_03_01_18_32_56_368.jpg, 0, 1, 0, 30.19019
/home/zubin/Desktop/Self-driving-car-simulation/Data/IMG/center_2019_03_01_18_32_56_483.jpg, /home/zubin/Desktop/Self-driving-car-simulation/Data/IMG/left_2019_03_01_18_32_56_483.jpg, /home/zubin/Desktop/Self-driving-car-simulation/Data/IMG/right_2019_03_01_18_32_56_483.jpg, 0, 1, 0, 30.19064
/home/zubin/Desktop/Self-driving-car-simulation/Data/IMG/center_2019_03_01_18_32_56_583.jpg, /home/zubin/Desktop/Self-driving-car-simulation/Data/IMG/left_2019_03_01_18_32_56_583.jpg, /home/zubin/Desktop/Self-driving-car-simulation/Data/IMG/right_2019_03_01_18_32_56_583.jpg, 0, 1, 0, 30.19034
/home/zubin/Desktop/Self-driving-car-simulation/Data/IMG/center_2019_03_01_18_32_56_699.jpg, /home/zubin/Desktop/Self-driving-car-simulation/Data/IMG/left_2019_03_01_18_32_56_699.jpg, /home/zubin/Desktop/Self-driving-car-simulation/Data/IMG/right_2019_03_01_18_32_56_699.jpg, 0, 1, 0, 30.19065
/home/zubin/Desktop/Self-driving-car-simulation/Data/IMG/center_2019_03_01_18_32_56_816.jpg, /home/zubin/Desktop/Self-driving-car-simulation/Data/IMG/left_2019_03_01_18_32_56_816.jpg, /home/zubin/Desktop/Self-driving-car-simulation/Data/IMG/right_2019_03_01_18_32_56_816.jpg, 0, 1, 0, 30.19037
/home/zubin/Desktop/Self-driving-car-simulation/Data/IMG/center_2019_03_01_18_32_56_918.jpg, /home/zubin/Desktop/Self-driving-car-simulation/Data/IMG/left_2019_03_01_18_32_56_918.jpg, /home/zubin/Desktop/Self-driving-car-simulation/Data/IMG/right_2019_03_01_18_32_56_918.jpg, -0.3068519, 1, 0, 30.16711
/home/zubin/Desktop/Self-driving-car-simulation/Data/IMG/center_2019_03_01_18_32_57_032.jpg, /home/zubin/Desktop/Self-driving-car-simulation/Data/IMG/left_2019_03_01_18_32_57_032.jpg, /home/zubin/Desktop/Self-driving-car-simulation/Data/IMG/right_2019_03_01_18_32_57_032.jpg, -0.01458907, 1, 0, 30.18983
/home/zubin/Desktop/Self-driving-car-simulation/Data/IMG/center_2019_03_01_18_32_57_150.jpg, /home/zubin/Desktop/Self-driving-car-simulation/Data/IMG/left_2019_03_01_18_32_57_150.jpg, /home/zubin/Desktop/Self-driving-car-simulation/Data/IMG/right_2019_03_01_18_32_57_150.jpg, 0, 1, 0, 30.19016
/home/zubin/Desktop/Self-driving-car-simulation/Data/IMG/center_2019_03_01_18_32_57_265.jpg, /home/zubin/Desktop/Self-driving-car-simulation/Data/IMG/left_2019_03_01_18_32_57_265.jpg, /home/zubin/Desktop/Self-driving-car-simulation/Data/IMG/right_2019_03_01_18_32_57_265.jpg, 0, 1, 0, 30.19066
/home/zubin/Desktop/Self-driving-car-simulation/Data/IMG/center_2019_03_01_18_32_57_380.jpg, /home/zubin/Desktop/Self-driving-car-simulation/Data/IMG/left_2019_03_01_18_32_57_380.jpg, /home/zubin/Desktop/Self-driving-car-simulation/Data/IMG/right_2019_03_01_18_32_57_380.jpg, 0, 1, 0, 30.19032
/home/zubin/Desktop/Self-driving-car-simulation/Data/IMG/center_2019_03_01_18_32_57_486.jpg, /home/zubin/Desktop/Self-driving-car-simulation/Data/IMG/left_2019_03_01_18_32_57_486.jpg, /home/zubin/Desktop/Self-driving-car-simulation/Data/IMG/right_2019_03_01_18_32_57_486.jpg, -0.3170249, 1, 0, 30.16505
/home/zubin/Desktop/Self-driving-car-simulation/Data/IMG/center_2019_03_01_18_32_57_598.jpg, /home/zubin/Desktop/Self-driving-car-simulation/Data/IMG/left_2019_03_01_18_32_57_598.jpg, /home/zubin/Desktop/Self-driving-car-simulation/Data/IMG/right_2019_03_01_18_32_57_598.jpg, -0.1295943, 1, 0, 30.19148
/home/zubin/Desktop/Self-driving-car-simulation/Data/IMG/center_2019_03_01_18_32_57_698.jpg, /home/zubin/Desktop/Self-driving-car-simulation/Data/IMG/left_2019_03_01_18_32_57_698.jpg, /home/zubin/Desktop/Self-driving-car-simulation/Data/IMG/right_2019_03_01_18_32_57_698.jpg, -0.04817963, 1, 0, 30.1899
/home/zubin/Desktop/Self-driving-car-simulation/Data/IMG/center_2019_03_01_18_32_57_816.jpg, /home/zubin/Desktop/Self-driving-car-simulation/Data/IMG/left_2019_03_01_18_32_57_816.jpg, /home/zubin/Desktop/Self-driving-car-simulation/Data/IMG/right_2019_03_01_18_32_57_816.jpg, -0.1334903, 1, 0, 30.19014
/home/zubin/Desktop/Self-driving-car-simulation/Data/IMG/center_2019_03_01_18_32_57_916.jpg, /home/zubin/Desktop/Self-driving-car-simulation/Data/IMG/left_2019_03_01_18_32_57_916.jpg, /home/zubin/Desktop/Self-driving-car-simulation/Data/IMG/right_2019_03_01_18_32_57_916.jpg, 0, 1, 0, 30.18963
/home/zubin/Desktop/Self-driving-car-simulation/Data/IMG/center_2019_03_01_18_32_58_031.jpg, /home/zubin/Desktop/Self-driving-car-simulation/Data/IMG/left_2019_03_01_18_32_58_031.jpg, /home/zubin/Desktop/Self-driving-car-simulation/Data/IMG/right_2019_03_01_18_32_58_031.jpg, 0, 1, 0, 30.19043
/home/zubin/Desktop/Self-driving-car-simulation/Data/IMG/center_2019_03_01_18_32_58_132.jpg, /home/zubin/Desktop/Self-driving-car-simulation/Data/IMG/left_2019_03_01_18_32_58_132.jpg, /home/zubin/Desktop/Self-driving-car-simulation/Data/IMG/right_2019_03_01_18_32_58_132.jpg, 0, 1, 0, 30.1902
/home/zubin/Desktop/Self-driving-car-simulation/Data/IMG/center_2019_03_01_18_32_58_248.jpg, /home/zubin/Desktop/Self-driving-car-simulation/Data/IMG/left_2019_03_01_18_32_58_248.jpg, /home/zubin/Desktop/Self-driving-car-simulation/Data/IMG/right_2019_03_01_18_32_58_248.jpg, -0.2556961, 1, 0, 30.17387
/home/zubin/Desktop/Self-driving-car-simulation/Data/IMG/center_2019_03_01_18_32_58_350.jpg, /home/zubin/Desktop/Self-driving-car-simulation/Data/IMG/left_2019_03_01_18_32_58_350.jpg, /home/zubin/Desktop/Self-driving-car-simulation/Data/IMG/right_2019_03_01_18_32_58_350.jpg, 0, 1, 0, 30.18932
/home/zubin/Desktop/Self-driving-car-simulation/Data/IMG/center_2019_03_01_18_32_58_450.jpg, /home/zubin/Desktop/Self-driving-car-simulation/Data/IMG/left_2019_03_01_18_32_58_450.jpg, /home/zubin/Desktop/Self-driving-car-simulation/Data/IMG/right_2019_03_01_18_32_58_450.jpg, -0.2134109, 1, 0, 30.18132
/home/zubin/Desktop/Self-driving-car-simulation/Data/IMG/center_2019_03_01_18_32_58_564.jpg, /home/zubin/Desktop/Self-driving-car-simulation/Data/IMG/left_2019_03_01_18_32_58_564.jpg, /home/zubin/Desktop/Self-driving-car-simulation/Data/IMG/right_2019_03_01_18_32_58_564.jpg, -0.04639506, 1, 0, 30.18966
/home/zubin/Desktop/Self-driving-car-simulation/Data/IMG/center_2019_03_01_18_32_58_683.jpg, /home/zubin/Desktop/Self-driving-car-simulation/Data/IMG/left_2019_03_01_18_32_58_683.jpg, /home/zubin/Desktop/Self-driving-car-simulation/Data/IMG/right_2019_03_01_18_32_58_683.jpg, -0.226206, 1, 0, 30.18154
/home/zubin/Desktop/Self-driving-car-simulation/Data/IMG/center_2019_03_01_18_32_58_798.jpg, /home/zubin/Desktop/Self-driving-car-simulation/Data/IMG/left_2019_03_01_18_32_58_798.jpg, /home/zubin/Desktop/Self-driving-car-simulation/Data/IMG/right_2019_03_01_18_32_58_798.jpg, 0, 1, 0, 30.19033
/home/zubin/Desktop/Self-driving-car-simulation/Data/IMG/center_2019_03_01_18_32_58_899.jpg, /home/zubin/Desktop/Self-driving-car-simulation/Data/IMG/left_2019_03_01_18_32_58_899.jpg, /home/zubin/Desktop/Self-driving-car-simulation/Data/IMG/right_2019_03_01_18_32_58_899.jpg, -0.2123823, 1, 0, 30.18076
/home/zubin/Desktop/Self-driving-car-simulation/Data/IMG/center_2019_03_01_18_32_59_009.jpg, /home/zubin/Desktop/Self-driving-car-simulation/Data/IMG/left_2019_03_01_18_32_59_009.jpg, /home/zubin/Desktop/Self-driving-car-simulation/Data/IMG/right_2019_03_01_18_32_59_009.jpg, 0, 1, 0, 30.19065
/home/zubin/Desktop/Self-driving-car-simulation/Data/IMG/center_2019_03_01_18_32_59_113.jpg, /home/zubin/Desktop/Self-driving-car-simulation/Data/IMG/left_2019_03_01_18_32_59_113.jpg, /home/zubin/Desktop/Self-driving-car-simulation/Data/IMG/right_2019_03_01_18_32_59_113.jpg, -0.1987438, 1, 0, 30.18207
/home/zubin/Desktop/Self-driving-car-simulation/Data/IMG/center_2019_03_01_18_32_59_218.jpg, /home/zubin/Desktop/Self-driving-car-simulation/Data/IMG/left_2019_03_01_18_32_59_218.jpg, /home/zubin/Desktop/Self-driving-car-simulation/Data/IMG/right_2019_03_01_18_32_59_218.jpg, -0.05425715, 1, 0, 30.19108
/home/zubin/Desktop/Self-driving-car-simulation/Data/IMG/center_2019_03_01_18_32_59_321.jpg, /home/zubin/Desktop/Self-driving-car-simulation/Data/IMG/left_2019_03_01_18_32_59_321.jpg, /home/zubin/Desktop/Self-driving-car-simulation/Data/IMG/right_2019_03_01_18_32_59_321.jpg, -0.2459371, 1, 0, 30.18012
/home/zubin/Desktop/Self-driving-car-simulation/Data/IMG/center_2019_03_01_18_32_59_421.jpg, /home/zubin/Desktop/Self-driving-car-simulation/Data/IMG/left_2019_03_01_18_32_59_421.jpg, /home/zubin/Desktop/Self-driving-car-simulation/Data/IMG/right_2019_03_01_18_32_59_421.jpg, 0, 1, 0, 30.1893
/home/zubin/Desktop/Self-driving-car-simulation/Data/IMG/center_2019_03_01_18_32_59_542.jpg, /home/zubin/Desktop/Self-driving-car-simulation/Data/IMG/left_2019_03_01_18_32_59_542.jpg, /home/zubin/Desktop/Self-driving-car-simulation/Data/IMG/right_2019_03_01_18_32_59_542.jpg, -0.3644643, 1, 0, 30.16519
/home/zubin/Desktop/Self-driving-car-simulation/Data/IMG/center_2019_03_01_18_32_59_649.jpg, /home/zubin/Desktop/Self-driving-car-simulation/Data/IMG/left_2019_03_01_18_32_59_649.jpg, /home/zubin/Desktop/Self-driving-car-simulation/Data/IMG/right_2019_03_01_18_32_59_649.jpg, -0.6453838, 1, 0, 30.12528
/home/zubin/Desktop/Self-driving-car-simulation/Data/IMG/center_2019_03_01_18_32_59_760.jpg, /home/zubin/Desktop/Self-driving-car-simulation/Data/IMG/left_2019_03_01_18_32_59_760.jpg, /home/zubin/Desktop/Self-driving-car-simulation/Data/IMG/right_2019_03_01_18_32_59_760.jpg, -1, 1, 0, 30.08891
/home/zubin/Desktop/Self-driving-car-simulation/Data/IMG/center_2019_03_01_18_32_59_864.jpg, /home/zubin/Desktop/Self-driving-car-simulation/Data/IMG/left_2019_03_01_18_32_59_864.jpg, /home/zubin/Desktop/Self-driving-car-simulation/Data/IMG/right_2019_03_01_18_32_59_864.jpg, -1, 1, 0, 30.11007
/home/zubin/Desktop/Self-driving-car-simulation/Data/IMG/center_2019_03_01_18_32_59_986.jpg, /home/zubin/Desktop/Self-driving-car-simulation/Data/IMG/left_2019_03_01_18_32_59_986.jpg, /home/zubin/Desktop/Self-driving-car-simulation/Data/IMG/right_2019_03_01_18_32_59_986.jpg, -0.9283779, 1, 0, 30.15697
/home/zubin/Desktop/Self-driving-car-simulation/Data/IMG/center_2019_03_01_18_33_00_089.jpg, /home/zubin/Desktop/Self-driving-car-simulation/Data/IMG/left_2019_03_01_18_33_00_089.jpg, /home/zubin/Desktop/Self-driving-car-simulation/Data/IMG/right_2019_03_01_18_33_00_089.jpg, -0.6653225, 1, 0, 30.20654
/home/zubin/Desktop/Self-driving-car-simulation/Data/IMG/center_2019_03_01_18_33_00_190.jpg, /home/zubin/Desktop/Self-driving-car-simulation/Data/IMG/left_2019_03_01_18_33_00_190.jpg, /home/zubin/Desktop/Self-driving-car-simulation/Data/IMG/right_2019_03_01_18_33_00_190.jpg, -0.3613482, 1, 0, 30.21097
/home/zubin/Desktop/Self-driving-car-simulation/Data/IMG/center_2019_03_01_18_33_00_303.jpg, /home/zubin/Desktop/Self-driving-car-simulation/Data/IMG/left_2019_03_01_18_33_00_303.jpg, /home/zubin/Desktop/Self-driving-car-simulation/Data/IMG/right_2019_03_01_18_33_00_303.jpg, 0, 1, 0, 30.18319
/home/zubin/Desktop/Self-driving-car-simulation/Data/IMG/center_2019_03_01_18_33_00_415.jpg, /home/zubin/Desktop/Self-driving-car-simulation/Data/IMG/left_2019_03_01_18_33_00_415.jpg, /home/zubin/Desktop/Self-driving-car-simulation/Data/IMG/right_2019_03_01_18_33_00_415.jpg, 0, 1, 0, 30.1927
/home/zubin/Desktop/Self-driving-car-simulation/Data/IMG/center_2019_03_01_18_33_00_517.jpg, /home/zubin/Desktop/Self-driving-car-simulation/Data/IMG/left_2019_03_01_18_33_00_517.jpg, /home/zubin/Desktop/Self-driving-car-simulation/Data/IMG/right_2019_03_01_18_33_00_517.jpg, 0, 1, 0, 30.1882
/home/zubin/Desktop/Self-driving-car-simulation/Data/IMG/center_2019_03_01_18_33_00_629.jpg, /home/zubin/Desktop/Self-driving-car-simulation/Data/IMG/left_2019_03_01_18_33_00_629.jpg, /home/zubin/Desktop/Self-driving-car-simulation/Data/IMG/right_2019_03_01_18_33_00_629.jpg, 0, 1, 0, 30.1954
/home/zubin/Desktop/Self-driving-car-simulation/Data/IMG/center_2019_03_01_18_33_00_748.jpg, /home/zubin/Desktop/Self-driving-car-simulation/Data/IMG/left_2019_03_01_18_33_00_748.jpg, /home/zubin/Desktop/Self-driving-car-simulation/Data/IMG/right_2019_03_01_18_33_00_748.jpg, 0, 1, 0, 30.1891
/home/zubin/Desktop/Self-driving-car-simulation/Data/IMG/center_2019_03_01_18_33_00_864.jpg, /home/zubin/Desktop/Self-driving-car-simulation/Data/IMG/left_2019_03_01_18_33_00_864.jpg, /home/zubin/Desktop/Self-driving-car-simulation/Data/IMG/right_2019_03_01_18_33_00_864.jpg, 0, 1, 0, 30.18452
/home/zubin/Desktop/Self-driving-car-simulation/Data/IMG/center_2019_03_01_18_33_00_978.jpg, /home/zubin/Desktop/Self-driving-car-simulation/Data/IMG/left_2019_03_01_18_33_00_978.jpg, /home/zubin/Desktop/Self-driving-car-simulation/Data/IMG/right_2019_03_01_18_33_00_978.jpg, 0, 1, 0, 30.29389
/home/zubin/Desktop/Self-driving-car-simulation/Data/IMG/center_2019_03_01_18_33_01_096.jpg, /home/zubin/Desktop/Self-driving-car-simulation/Data/IMG/left_2019_03_01_18_33_01_096.jpg, /home/zubin/Desktop/Self-driving-car-simulation/Data/IMG/right_2019_03_01_18_33_01_096.jpg, 0.354018, 1, 0, 30.17494
/home/zubin/Desktop/Self-driving-car-simulation/Data/IMG/center_2019_03_01_18_33_01_214.jpg, /home/zubin/Desktop/Self-driving-car-simulation/Data/IMG/left_2019_03_01_18_33_01_214.jpg, /home/zubin/Desktop/Self-driving-car-simulation/Data/IMG/right_2019_03_01_18_33_01_214.jpg, 0.001289606, 1, 0, 30.14664
/home/zubin/Desktop/Self-driving-car-simulation/Data/IMG/center_2019_03_01_18_33_01_329.jpg, /home/zubin/Desktop/Self-driving-car-simulation/Data/IMG/left_2019_03_01_18_33_01_329.jpg, /home/zubin/Desktop/Self-driving-car-simulation/Data/IMG/right_2019_03_01_18_33_01_329.jpg, 0.1015077, 1, 0, 30.19681
/home/zubin/Desktop/Self-driving-car-simulation/Data/IMG/center_2019_03_01_18_33_01_430.jpg, /home/zubin/Desktop/Self-driving-car-simulation/Data/IMG/left_2019_03_01_18_33_01_430.jpg, /home/zubin/Desktop/Self-driving-car-simulation/Data/IMG/right_2019_03_01_18_33_01_430.jpg, 0.2118995, 1, 0, 30.19258
/home/zubin/Desktop/Self-driving-car-simulation/Data/IMG/center_2019_03_01_18_33_01_549.jpg, /home/zubin/Desktop/Self-driving-car-simulation/Data/IMG/left_2019_03_01_18_33_01_549.jpg, /home/zubin/Desktop/Self-driving-car-simulation/Data/IMG/right_2019_03_01_18_33_01_549.jpg, 0, 1, 0, 30.18394
/home/zubin/Desktop/Self-driving-car-simulation/Data/IMG/center_2019_03_01_18_33_01_661.jpg, /home/zubin/Desktop/Self-driving-car-simulation/Data/IMG/left_2019_03_01_18_33_01_661.jpg, /home/zubin/Desktop/Self-driving-car-simulation/Data/IMG/right_2019_03_01_18_33_01_661.jpg, 0, 1, 0, 30.19356
/home/zubin/Desktop/Self-driving-car-simulation/Data/IMG/center_2019_03_01_18_33_01_764.jpg, /home/zubin/Desktop/Self-driving-car-simulation/Data/IMG/left_2019_03_01_18_33_01_764.jpg, /home/zubin/Desktop/Self-driving-car-simulation/Data/IMG/right_2019_03_01_18_33_01_764.jpg, 0, 1, 0, 30.17702
/home/zubin/Desktop/Self-driving-car-simulation/Data/IMG/center_2019_03_01_18_33_01_877.jpg, /home/zubin/Desktop/Self-driving-car-simulation/Data/IMG/left_2019_03_01_18_33_01_877.jpg, /home/zubin/Desktop/Self-driving-car-simulation/Data/IMG/right_2019_03_01_18_33_01_877.jpg, 0, 1, 0, 30.19191
/home/zubin/Desktop/Self-driving-car-simulation/Data/IMG/center_2019_03_01_18_33_01_979.jpg, /home/zubin/Desktop/Self-driving-car-simulation/Data/IMG/left_2019_03_01_18_33_01_979.jpg, /home/zubin/Desktop/Self-driving-car-simulation/Data/IMG/right_2019_03_01_18_33_01_979.jpg, 0, 1, 0, 30.19471
/home/zubin/Desktop/Self-driving-car-simulation/Data/IMG/center_2019_03_01_18_33_02_079.jpg, /home/zubin/Desktop/Self-driving-car-simulation/Data/IMG/left_2019_03_01_18_33_02_079.jpg, /home/zubin/Desktop/Self-driving-car-simulation/Data/IMG/right_2019_03_01_18_33_02_079.jpg, 0, 1, 0, 30.19055
/home/zubin/Desktop/Self-driving-car-simulation/Data/IMG/center_2019_03_01_18_33_02_199.jpg, /home/zubin/Desktop/Self-driving-car-simulation/Data/IMG/left_2019_03_01_18_33_02_199.jpg, /home/zubin/Desktop/Self-driving-car-simulation/Data/IMG/right_2019_03_01_18_33_02_199.jpg, -0.1636891, 1, 0, 30.1871
/home/zubin/Desktop/Self-driving-car-simulation/Data/IMG/center_2019_03_01_18_33_02_312.jpg, /home/zubin/Desktop/Self-driving-car-simulation/Data/IMG/left_2019_03_01_18_33_02_312.jpg, /home/zubin/Desktop/Self-driving-car-simulation/Data/IMG/right_2019_03_01_18_33_02_312.jpg, -0.2598574, 1, 0, 30.18061
/home/zubin/Desktop/Self-driving-car-simulation/Data/IMG/center_2019_03_01_18_33_02_413.jpg, /home/zubin/Desktop/Self-driving-car-simulation/Data/IMG/left_2019_03_01_18_33_02_413.jpg, /home/zubin/Desktop/Self-driving-car-simulation/Data/IMG/right_2019_03_01_18_33_02_413.jpg, 0, 1, 0, 30.18899
/home/zubin/Desktop/Self-driving-car-simulation/Data/IMG/center_2019_03_01_18_33_02_514.jpg, /home/zubin/Desktop/Self-driving-car-simulation/Data/IMG/left_2019_03_01_18_33_02_514.jpg, /home/zubin/Desktop/Self-driving-car-simulation/Data/IMG/right_2019_03_01_18_33_02_514.jpg, -0.3018844, 1, 0, 30.17501
/home/zubin/Desktop/Self-driving-car-simulation/Data/IMG/center_2019_03_01_18_33_02_614.jpg, /home/zubin/Desktop/Self-driving-car-simulation/Data/IMG/left_2019_03_01_18_33_02_614.jpg, /home/zubin/Desktop/Self-driving-car-simulation/Data/IMG/right_2019_03_01_18_33_02_614.jpg, -0.0005886555, 1, 0, 30.18976
/home/zubin/Desktop/Self-driving-car-simulation/Data/IMG/center_2019_03_01_18_33_02_726.jpg, /home/zubin/Desktop/Self-driving-car-simulation/Data/IMG/left_2019_03_01_18_33_02_726.jpg, /home/zubin/Desktop/Self-driving-car-simulation/Data/IMG/right_2019_03_01_18_33_02_726.jpg, 0, 1, 0, 30.19007
/home/zubin/Desktop/Self-driving-car-simulation/Data/IMG/center_2019_03_01_18_33_02_827.jpg, /home/zubin/Desktop/Self-driving-car-simulation/Data/IMG/left_2019_03_01_18_33_02_827.jpg, /home/zubin/Desktop/Self-driving-car-simulation/Data/IMG/right_2019_03_01_18_33_02_827.jpg, 0, 1, 0, 30.1901
/home/zubin/Desktop/Self-driving-car-simulation/Data/IMG/center_2019_03_01_18_33_02_943.jpg, /home/zubin/Desktop/Self-driving-car-simulation/Data/IMG/left_2019_03_01_18_33_02_943.jpg, /home/zubin/Desktop/Self-driving-car-simulation/Data/IMG/right_2019_03_01_18_33_02_943.jpg, -0.04980898, 1, 0, 30.18986
/home/zubin/Desktop/Self-driving-car-simulation/Data/IMG/center_2019_03_01_18_33_03_044.jpg, /home/zubin/Desktop/Self-driving-car-simulation/Data/IMG/left_2019_03_01_18_33_03_044.jpg, /home/zubin/Desktop/Self-driving-car-simulation/Data/IMG/right_2019_03_01_18_33_03_044.jpg, -0.2457812, 1, 0, 30.17498
/home/zubin/Desktop/Self-driving-car-simulation/Data/IMG/center_2019_03_01_18_33_03_161.jpg, /home/zubin/Desktop/Self-driving-car-simulation/Data/IMG/left_2019_03_01_18_33_03_161.jpg, /home/zubin/Desktop/Self-driving-car-simulation/Data/IMG/right_2019_03_01_18_33_03_161.jpg, 0, 1, 0, 30.18923
/home/zubin/Desktop/Self-driving-car-simulation/Data/IMG/center_2019_03_01_18_33_03_276.jpg, /home/zubin/Desktop/Self-driving-car-simulation/Data/IMG/left_2019_03_01_18_33_03_276.jpg, /home/zubin/Desktop/Self-driving-car-simulation/Data/IMG/right_2019_03_01_18_33_03_276.jpg, 0, 1, 0, 30.19028
/home/zubin/Desktop/Self-driving-car-simulation/Data/IMG/center_2019_03_01_18_33_03_392.jpg, /home/zubin/Desktop/Self-driving-car-simulation/Data/IMG/left_2019_03_01_18_33_03_392.jpg, /home/zubin/Desktop/Self-driving-car-simulation/Data/IMG/right_2019_03_01_18_33_03_392.jpg, 0, 1, 0, 30.19029
/home/zubin/Desktop/Self-driving-car-simulation/Data/IMG/center_2019_03_01_18_33_03_510.jpg, /home/zubin/Desktop/Self-driving-car-simulation/Data/IMG/left_2019_03_01_18_33_03_510.jpg, /home/zubin/Desktop/Self-driving-car-simulation/Data/IMG/right_2019_03_01_18_33_03_510.jpg, -0.1037486, 1, 0, 30.18771
/home/zubin/Desktop/Self-driving-car-simulation/Data/IMG/center_2019_03_01_18_33_03_626.jpg, /home/zubin/Desktop/Self-driving-car-simulation/Data/IMG/left_2019_03_01_18_33_03_626.jpg, /home/zubin/Desktop/Self-driving-car-simulation/Data/IMG/right_2019_03_01_18_33_03_626.jpg, -0.0876503, 1, 0, 30.19016
/home/zubin/Desktop/Self-driving-car-simulation/Data/IMG/center_2019_03_01_18_33_03_726.jpg, /home/zubin/Desktop/Self-driving-car-simulation/Data/IMG/left_2019_03_01_18_33_03_726.jpg, /home/zubin/Desktop/Self-driving-car-simulation/Data/IMG/right_2019_03_01_18_33_03_726.jpg, 0, 1, 0, 30.18997
/home/zubin/Desktop/Self-driving-car-simulation/Data/IMG/center_2019_03_01_18_33_03_841.jpg, /home/zubin/Desktop/Self-driving-car-simulation/Data/IMG/left_2019_03_01_18_33_03_841.jpg, /home/zubin/Desktop/Self-driving-car-simulation/Data/IMG/right_2019_03_01_18_33_03_841.jpg, 0, 1, 0, 30.19028
/home/zubin/Desktop/Self-driving-car-simulation/Data/IMG/center_2019_03_01_18_33_03_942.jpg, /home/zubin/Desktop/Self-driving-car-simulation/Data/IMG/left_2019_03_01_18_33_03_942.jpg, /home/zubin/Desktop/Self-driving-car-simulation/Data/IMG/right_2019_03_01_18_33_03_942.jpg, -0.3034737, 1, 0, 30.16866
/home/zubin/Desktop/Self-driving-car-simulation/Data/IMG/center_2019_03_01_18_33_04_057.jpg, /home/zubin/Desktop/Self-driving-car-simulation/Data/IMG/left_2019_03_01_18_33_04_057.jpg, /home/zubin/Desktop/Self-driving-car-simulation/Data/IMG/right_2019_03_01_18_33_04_057.jpg, -0.1617901, 1, 0, 30.19142
/home/zubin/Desktop/Self-driving-car-simulation/Data/IMG/center_2019_03_01_18_33_04_158.jpg, /home/zubin/Desktop/Self-driving-car-simulation/Data/IMG/left_2019_03_01_18_33_04_158.jpg, /home/zubin/Desktop/Self-driving-car-simulation/Data/IMG/right_2019_03_01_18_33_04_158.jpg, 0, 1, 0, 30.18919
/home/zubin/Desktop/Self-driving-car-simulation/Data/IMG/center_2019_03_01_18_33_04_272.jpg, /home/zubin/Desktop/Self-driving-car-simulation/Data/IMG/left_2019_03_01_18_33_04_272.jpg, /home/zubin/Desktop/Self-driving-car-simulation/Data/IMG/right_2019_03_01_18_33_04_272.jpg, 0, 1, 0, 30.19014
/home/zubin/Desktop/Self-driving-car-simulation/Data/IMG/center_2019_03_01_18_33_04_373.jpg, /home/zubin/Desktop/Self-driving-car-simulation/Data/IMG/left_2019_03_01_18_33_04_373.jpg, /home/zubin/Desktop/Self-driving-car-simulation/Data/IMG/right_2019_03_01_18_33_04_373.jpg, 0, 1, 0, 30.1903
/home/zubin/Desktop/Self-driving-car-simulation/Data/IMG/center_2019_03_01_18_33_04_491.jpg, /home/zubin/Desktop/Self-driving-car-simulation/Data/IMG/left_2019_03_01_18_33_04_491.jpg, /home/zubin/Desktop/Self-driving-car-simulation/Data/IMG/right_2019_03_01_18_33_04_491.jpg, 0, 1, 0, 30.19031
/home/zubin/Desktop/Self-driving-car-simulation/Data/IMG/center_2019_03_01_18_33_04_606.jpg, /home/zubin/Desktop/Self-driving-car-simulation/Data/IMG/left_2019_03_01_18_33_04_606.jpg, /home/zubin/Desktop/Self-driving-car-simulation/Data/IMG/right_2019_03_01_18_33_04_606.jpg, 0, 1, 0, 30.19029
/home/zubin/Desktop/Self-driving-car-simulation/Data/IMG/center_2019_03_01_18_33_04_724.jpg, /home/zubin/Desktop/Self-driving-car-simulation/Data/IMG/left_2019_03_01_18_33_04_724.jpg, /home/zubin/Desktop/Self-driving-car-simulation/Data/IMG/right_2019_03_01_18_33_04_724.jpg, 0, 1, 0, 30.19032
/home/zubin/Desktop/Self-driving-car-simulation/Data/IMG/center_2019_03_01_18_33_04_838.jpg, /home/zubin/Desktop/Self-driving-car-simulation/Data/IMG/left_2019_03_01_18_33_04_838.jpg, /home/zubin/Desktop/Self-driving-car-simulation/Data/IMG/right_2019_03_01_18_33_04_838.jpg, 0.1509898, 1, 0, 30.18427
/home/zubin/Desktop/Self-driving-car-simulation/Data/IMG/center_2019_03_01_18_33_04_940.jpg, /home/zubin/Desktop/Self-driving-car-simulation/Data/IMG/left_2019_03_01_18_33_04_940.jpg, /home/zubin/Desktop/Self-driving-car-simulation/Data/IMG/right_2019_03_01_18_33_04_940.jpg, 0.2525783, 1, 0, 30.18256
/home/zubin/Desktop/Self-driving-car-simulation/Data/IMG/center_2019_03_01_18_33_05_055.jpg, /home/zubin/Desktop/Self-driving-car-simulation/Data/IMG/left_2019_03_01_18_33_05_055.jpg, /home/zubin/Desktop/Self-driving-car-simulation/Data/IMG/right_2019_03_01_18_33_05_055.jpg, 0, 1, 0, 30.1892
/home/zubin/Desktop/Self-driving-car-simulation/Data/IMG/center_2019_03_01_18_33_05_156.jpg, /home/zubin/Desktop/Self-driving-car-simulation/Data/IMG/left_2019_03_01_18_33_05_156.jpg, /home/zubin/Desktop/Self-driving-car-simulation/Data/IMG/right_2019_03_01_18_33_05_156.jpg, 0, 1, 0, 30.19011
/home/zubin/Desktop/Self-driving-car-simulation/Data/IMG/center_2019_03_01_18_33_05_257.jpg, /home/zubin/Desktop/Self-driving-car-simulation/Data/IMG/left_2019_03_01_18_33_05_257.jpg, /home/zubin/Desktop/Self-driving-car-simulation/Data/IMG/right_2019_03_01_18_33_05_257.jpg, 0, 1, 0, 30.19026
/home/zubin/Desktop/Self-driving-car-simulation/Data/IMG/center_2019_03_01_18_33_05_371.jpg, /home/zubin/Desktop/Self-driving-car-simulation/Data/IMG/left_2019_03_01_18_33_05_371.jpg, /home/zubin/Desktop/Self-driving-car-simulation/Data/IMG/right_2019_03_01_18_33_05_371.jpg, -0.2935045, 1, 0, 30.16868
/home/zubin/Desktop/Self-driving-car-simulation/Data/IMG/center_2019_03_01_18_33_05_472.jpg, /home/zubin/Desktop/Self-driving-car-simulation/Data/IMG/left_2019_03_01_18_33_05_472.jpg, /home/zubin/Desktop/Self-driving-car-simulation/Data/IMG/right_2019_03_01_18_33_05_472.jpg, 0, 1, 0, 30.18931
/home/zubin/Desktop/Self-driving-car-simulation/Data/IMG/center_2019_03_01_18_33_05_588.jpg, /home/zubin/Desktop/Self-driving-car-simulation/Data/IMG/left_2019_03_01_18_33_05_588.jpg, /home/zubin/Desktop/Self-driving-car-simulation/Data/IMG/right_2019_03_01_18_33_05_588.jpg, 0, 1, 0, 30.19018
/home/zubin/Desktop/Self-driving-car-simulation/Data/IMG/center_2019_03_01_18_33_05_704.jpg, /home/zubin/Desktop/Self-driving-car-simulation/Data/IMG/left_2019_03_01_18_33_05_704.jpg, /home/zubin/Desktop/Self-driving-car-simulation/Data/IMG/right_2019_03_01_18_33_05_704.jpg, 0, 1, 0, 30.19029
/home/zubin/Desktop/Self-driving-car-simulation/Data/IMG/center_2019_03_01_18_33_05_819.jpg, /home/zubin/Desktop/Self-driving-car-simulation/Data/IMG/left_2019_03_01_18_33_05_819.jpg, /home/zubin/Desktop/Self-driving-car-simulation/Data/IMG/right_2019_03_01_18_33_05_819.jpg, 0, 1, 0, 30.19028
/home/zubin/Desktop/Self-driving-car-simulation/Data/IMG/center_2019_03_01_18_33_05_920.jpg, /home/zubin/Desktop/Self-driving-car-simulation/Data/IMG/left_2019_03_01_18_33_05_920.jpg, /home/zubin/Desktop/Self-driving-car-simulation/Data/IMG/right_2019_03_01_18_33_05_920.jpg, 0, 1, 0, 30.19031
/home/zubin/Desktop/Self-driving-car-simulation/Data/IMG/center_2019_03_01_18_33_06_034.jpg, /home/zubin/Desktop/Self-driving-car-simulation/Data/IMG/left_2019_03_01_18_33_06_034.jpg, /home/zubin/Desktop/Self-driving-car-simulation/Data/IMG/right_2019_03_01_18_33_06_034.jpg, 0, 1, 0, 30.19029
/home/zubin/Desktop/Self-driving-car-simulation/Data/IMG/center_2019_03_01_18_33_06_137.jpg, /home/zubin/Desktop/Self-driving-car-simulation/Data/IMG/left_2019_03_01_18_33_06_137.jpg, /home/zubin/Desktop/Self-driving-car-simulation/Data/IMG/right_2019_03_01_18_33_06_137.jpg, 0.1080837, 1, 0, 30.1872
/home/zubin/Desktop/Self-driving-car-simulation/Data/IMG/center_2019_03_01_18_33_06_254.jpg, /home/zubin/Desktop/Self-driving-car-simulation/Data/IMG/left_2019_03_01_18_33_06_254.jpg, /home/zubin/Desktop/Self-driving-car-simulation/Data/IMG/right_2019_03_01_18_33_06_254.jpg, 0.05930972, 0.9454453, 0, 30.19059
/home/zubin/Desktop/Self-driving-car-simulation/Data/IMG/center_2019_03_01_18_33_06_354.jpg, /home/zubin/Desktop/Self-driving-car-simulation/Data/IMG/left_2019_03_01_18_33_06_354.jpg, /home/zubin/Desktop/Self-driving-car-simulation/Data/IMG/right_2019_03_01_18_33_06_354.jpg, 0, 0.9864495, 0, 30.17493
/home/zubin/Desktop/Self-driving-car-simulation/Data/IMG/center_2019_03_01_18_33_06_469.jpg, /home/zubin/Desktop/Self-driving-car-simulation/Data/IMG/left_2019_03_01_18_33_06_469.jpg, /home/zubin/Desktop/Self-driving-car-simulation/Data/IMG/right_2019_03_01_18_33_06_469.jpg, 0, 1, 0, 30.18998
/home/zubin/Desktop/Self-driving-car-simulation/Data/IMG/center_2019_03_01_18_33_06_569.jpg, /home/zubin/Desktop/Self-driving-car-simulation/Data/IMG/left_2019_03_01_18_33_06_569.jpg, /home/zubin/Desktop/Self-driving-car-simulation/Data/IMG/right_2019_03_01_18_33_06_569.jpg, 0, 1, 0, 30.18997
/home/zubin/Desktop/Self-driving-car-simulation/Data/IMG/center_2019_03_01_18_33_06_686.jpg, /home/zubin/Desktop/Self-driving-car-simulation/Data/IMG/left_2019_03_01_18_33_06_686.jpg, /home/zubin/Desktop/Self-driving-car-simulation/Data/IMG/right_2019_03_01_18_33_06_686.jpg, 0, 1, 0, 30.18999
/home/zubin/Desktop/Self-driving-car-simulation/Data/IMG/center_2019_03_01_18_33_06_804.jpg, /home/zubin/Desktop/Self-driving-car-simulation/Data/IMG/left_2019_03_01_18_33_06_804.jpg, /home/zubin/Desktop/Self-driving-car-simulation/Data/IMG/right_2019_03_01_18_33_06_804.jpg, 0, 1, 0, 30.19005
/home/zubin/Desktop/Self-driving-car-simulation/Data/IMG/center_2019_03_01_18_33_06_919.jpg, /home/zubin/Desktop/Self-driving-car-simulation/Data/IMG/left_2019_03_01_18_33_06_919.jpg, /home/zubin/Desktop/Self-driving-car-simulation/Data/IMG/right_2019_03_01_18_33_06_919.jpg, 0, 1, 0, 30.19007
/home/zubin/Desktop/Self-driving-car-simulation/Data/IMG/center_2019_03_01_18_33_07_035.jpg, /home/zubin/Desktop/Self-driving-car-simulation/Data/IMG/left_2019_03_01_18_33_07_035.jpg, /home/zubin/Desktop/Self-driving-car-simulation/Data/IMG/right_2019_03_01_18_33_07_035.jpg, 0, 1, 0, 30.19018
/home/zubin/Desktop/Self-driving-car-simulation/Data/IMG/center_2019_03_01_18_33_07_152.jpg, /home/zubin/Desktop/Self-driving-car-simulation/Data/IMG/left_2019_03_01_18_33_07_152.jpg, /home/zubin/Desktop/Self-driving-car-simulation/Data/IMG/right_2019_03_01_18_33_07_152.jpg, 0, 1, 0, 30.19014
/home/zubin/Desktop/Self-driving-car-simulation/Data/IMG/center_2019_03_01_18_33_07_268.jpg, /home/zubin/Desktop/Self-driving-car-simulation/Data/IMG/left_2019_03_01_18_33_07_268.jpg, /home/zubin/Desktop/Self-driving-car-simulation/Data/IMG/right_2019_03_01_18_33_07_268.jpg, 0, 1, 0, 30.1901
/home/zubin/Desktop/Self-driving-car-simulation/Data/IMG/center_2019_03_01_18_33_07_384.jpg, /home/zubin/Desktop/Self-driving-car-simulation/Data/IMG/left_2019_03_01_18_33_07_384.jpg, /home/zubin/Desktop/Self-driving-car-simulation/Data/IMG/right_2019_03_01_18_33_07_384.jpg, 0, 1, 0, 30.19036
/home/zubin/Desktop/Self-driving-car-simulation/Data/IMG/center_2019_03_01_18_33_07_500.jpg, /home/zubin/Desktop/Self-driving-car-simulation/Data/IMG/left_2019_03_01_18_33_07_500.jpg, /home/zubin/Desktop/Self-driving-car-simulation/Data/IMG/right_2019_03_01_18_33_07_500.jpg, 0, 1, 0, 30.19033
/home/zubin/Desktop/Self-driving-car-simulation/Data/IMG/center_2019_03_01_18_33_07_616.jpg, /home/zubin/Desktop/Self-driving-car-simulation/Data/IMG/left_2019_03_01_18_33_07_616.jpg, /home/zubin/Desktop/Self-driving-car-simulation/Data/IMG/right_2019_03_01_18_33_07_616.jpg, 0.05146265, 1, 0, 30.18972
/home/zubin/Desktop/Self-driving-car-simulation/Data/IMG/center_2019_03_01_18_33_07_716.jpg, /home/zubin/Desktop/Self-driving-car-simulation/Data/IMG/left_2019_03_01_18_33_07_716.jpg, /home/zubin/Desktop/Self-driving-car-simulation/Data/IMG/right_2019_03_01_18_33_07_716.jpg, 0.3515761, 1, 0, 30.16178
/home/zubin/Desktop/Self-driving-car-simulation/Data/IMG/center_2019_03_01_18_33_07_817.jpg, /home/zubin/Desktop/Self-driving-car-simulation/Data/IMG/left_2019_03_01_18_33_07_817.jpg, /home/zubin/Desktop/Self-driving-car-simulation/Data/IMG/right_2019_03_01_18_33_07_817.jpg, 0.04864168, 1, 0, 30.19016
/home/zubin/Desktop/Self-driving-car-simulation/Data/IMG/center_2019_03_01_18_33_07_933.jpg, /home/zubin/Desktop/Self-driving-car-simulation/Data/IMG/left_2019_03_01_18_33_07_933.jpg, /home/zubin/Desktop/Self-driving-car-simulation/Data/IMG/right_2019_03_01_18_33_07_933.jpg, 0, 1, 0, 30.18995
/home/zubin/Desktop/Self-driving-car-simulation/Data/IMG/center_2019_03_01_18_33_08_034.jpg, /home/zubin/Desktop/Self-driving-car-simulation/Data/IMG/left_2019_03_01_18_33_08_034.jpg, /home/zubin/Desktop/Self-driving-car-simulation/Data/IMG/right_2019_03_01_18_33_08_034.jpg, 0.104634, 1, 0, 30.18771
/home/zubin/Desktop/Self-driving-car-simulation/Data/IMG/center_2019_03_01_18_33_08_150.jpg, /home/zubin/Desktop/Self-driving-car-simulation/Data/IMG/left_2019_03_01_18_33_08_150.jpg, /home/zubin/Desktop/Self-driving-car-simulation/Data/IMG/right_2019_03_01_18_33_08_150.jpg, 0, 1, 0, 30.19054
/home/zubin/Desktop/Self-driving-car-simulation/Data/IMG/center_2019_03_01_18_33_08_250.jpg, /home/zubin/Desktop/Self-driving-car-simulation/Data/IMG/left_2019_03_01_18_33_08_250.jpg, /home/zubin/Desktop/Self-driving-car-simulation/Data/IMG/right_2019_03_01_18_33_08_250.jpg, 0, 1, 0, 30.19032
/home/zubin/Desktop/Self-driving-car-simulation/Data/IMG/center_2019_03_01_18_33_08_351.jpg, /home/zubin/Desktop/Self-driving-car-simulation/Data/IMG/left_2019_03_01_18_33_08_351.jpg, /home/zubin/Desktop/Self-driving-car-simulation/Data/IMG/right_2019_03_01_18_33_08_351.jpg, 0, 1, 0, 30.19136
/home/zubin/Desktop/Self-driving-car-simulation/Data/IMG/center_2019_03_01_18_33_08_466.jpg, /home/zubin/Desktop/Self-driving-car-simulation/Data/IMG/left_2019_03_01_18_33_08_466.jpg, /home/zubin/Desktop/Self-driving-car-simulation/Data/IMG/right_2019_03_01_18_33_08_466.jpg, 0.3453684, 1, 0, 30.1625
/home/zubin/Desktop/Self-driving-car-simulation/Data/IMG/center_2019_03_01_18_33_08_583.jpg, /home/zubin/Desktop/Self-driving-car-simulation/Data/IMG/left_2019_03_01_18_33_08_583.jpg, /home/zubin/Desktop/Self-driving-car-simulation/Data/IMG/right_2019_03_01_18_33_08_583.jpg, 0.2877023, 1, 0, 30.18869
/home/zubin/Desktop/Self-driving-car-simulation/Data/IMG/center_2019_03_01_18_33_08_697.jpg, /home/zubin/Desktop/Self-driving-car-simulation/Data/IMG/left_2019_03_01_18_33_08_697.jpg, /home/zubin/Desktop/Self-driving-car-simulation/Data/IMG/right_2019_03_01_18_33_08_697.jpg, 0.2396607, 1, 0, 30.1881
/home/zubin/Desktop/Self-driving-car-simulation/Data/IMG/center_2019_03_01_18_33_08_799.jpg, /home/zubin/Desktop/Self-driving-car-simulation/Data/IMG/left_2019_03_01_18_33_08_799.jpg, /home/zubin/Desktop/Self-driving-car-simulation/Data/IMG/right_2019_03_01_18_33_08_799.jpg, 0.3343227, 1, 0, 30.18507
/home/zubin/Desktop/Self-driving-car-simulation/Data/IMG/center_2019_03_01_18_33_08_917.jpg, /home/zubin/Desktop/Self-driving-car-simulation/Data/IMG/left_2019_03_01_18_33_08_917.jpg, /home/zubin/Desktop/Self-driving-car-simulation/Data/IMG/right_2019_03_01_18_33_08_917.jpg, 0, 1, 0, 30.18747
/home/zubin/Desktop/Self-driving-car-simulation/Data/IMG/center_2019_03_01_18_33_09_032.jpg, /home/zubin/Desktop/Self-driving-car-simulation/Data/IMG/left_2019_03_01_18_33_09_032.jpg, /home/zubin/Desktop/Self-driving-car-simulation/Data/IMG/right_2019_03_01_18_33_09_032.jpg, 0, 1, 0, 30.19105
/home/zubin/Desktop/Self-driving-car-simulation/Data/IMG/center_2019_03_01_18_33_09_132.jpg, /home/zubin/Desktop/Self-driving-car-simulation/Data/IMG/left_2019_03_01_18_33_09_132.jpg, /home/zubin/Desktop/Self-driving-car-simulation/Data/IMG/right_2019_03_01_18_33_09_132.jpg, 0, 1, 0, 30.19042
/home/zubin/Desktop/Self-driving-car-simulation/Data/IMG/center_2019_03_01_18_33_09_249.jpg, /home/zubin/Desktop/Self-driving-car-simulation/Data/IMG/left_2019_03_01_18_33_09_249.jpg, /home/zubin/Desktop/Self-driving-car-simulation/Data/IMG/right_2019_03_01_18_33_09_249.jpg, 0.1964128, 1, 0, 30.18147
/home/zubin/Desktop/Self-driving-car-simulation/Data/IMG/center_2019_03_01_18_33_09_368.jpg, /home/zubin/Desktop/Self-driving-car-simulation/Data/IMG/left_2019_03_01_18_33_09_368.jpg, /home/zubin/Desktop/Self-driving-car-simulation/Data/IMG/right_2019_03_01_18_33_09_368.jpg, 0.2345853, 1, 0, 30.18809
/home/zubin/Desktop/Self-driving-car-simulation/Data/IMG/center_2019_03_01_18_33_09_481.jpg, /home/zubin/Desktop/Self-driving-car-simulation/Data/IMG/left_2019_03_01_18_33_09_481.jpg, /home/zubin/Desktop/Self-driving-car-simulation/Data/IMG/right_2019_03_01_18_33_09_481.jpg, 0.09287381, 1, 0, 30.19188
/home/zubin/Desktop/Self-driving-car-simulation/Data/IMG/center_2019_03_01_18_33_09_582.jpg, /home/zubin/Desktop/Self-driving-car-simulation/Data/IMG/left_2019_03_01_18_33_09_582.jpg, /home/zubin/Desktop/Self-driving-car-simulation/Data/IMG/right_2019_03_01_18_33_09_582.jpg, 0.301122, 1, 0, 30.17701
/home/zubin/Desktop/Self-driving-car-simulation/Data/IMG/center_2019_03_01_18_33_09_683.jpg, /home/zubin/Desktop/Self-driving-car-simulation/Data/IMG/left_2019_03_01_18_33_09_683.jpg, /home/zubin/Desktop/Self-driving-car-simulation/Data/IMG/right_2019_03_01_18_33_09_683.jpg, 0, 1, 0, 30.18911
/home/zubin/Desktop/Self-driving-car-simulation/Data/IMG/center_2019_03_01_18_33_09_798.jpg, /home/zubin/Desktop/Self-driving-car-simulation/Data/IMG/left_2019_03_01_18_33_09_798.jpg, /home/zubin/Desktop/Self-driving-car-simulation/Data/IMG/right_2019_03_01_18_33_09_798.jpg, 0.3446159, 1, 0, 30.17157
/home/zubin/Desktop/Self-driving-car-simulation/Data/IMG/center_2019_03_01_18_33_09_900.jpg, /home/zubin/Desktop/Self-driving-car-simulation/Data/IMG/left_2019_03_01_18_33_09_900.jpg, /home/zubin/Desktop/Self-driving-car-simulation/Data/IMG/right_2019_03_01_18_33_09_900.jpg, 0.3651416, 1, 0, 30.18195
/home/zubin/Desktop/Self-driving-car-simulation/Data/IMG/center_2019_03_01_18_33_10_001.jpg, /home/zubin/Desktop/Self-driving-car-simulation/Data/IMG/left_2019_03_01_18_33_10_001.jpg, /home/zubin/Desktop/Self-driving-car-simulation/Data/IMG/right_2019_03_01_18_33_10_001.jpg, 0.6682649, 1, 0, 30.13423
/home/zubin/Desktop/Self-driving-car-simulation/Data/IMG/center_2019_03_01_18_33_10_118.jpg, /home/zubin/Desktop/Self-driving-car-simulation/Data/IMG/left_2019_03_01_18_33_10_118.jpg, /home/zubin/Desktop/Self-driving-car-simulation/Data/IMG/right_2019_03_01_18_33_10_118.jpg, 1, 1, 0, 30.09178
/home/zubin/Desktop/Self-driving-car-simulation/Data/IMG/center_2019_03_01_18_33_10_219.jpg, /home/zubin/Desktop/Self-driving-car-simulation/Data/IMG/left_2019_03_01_18_33_10_219.jpg, /home/zubin/Desktop/Self-driving-car-simulation/Data/IMG/right_2019_03_01_18_33_10_219.jpg, 0.8990803, 1, 0, 30.14546
/home/zubin/Desktop/Self-driving-car-simulation/Data/IMG/center_2019_03_01_18_33_10_336.jpg, /home/zubin/Desktop/Self-driving-car-simulation/Data/IMG/left_2019_03_01_18_33_10_336.jpg, /home/zubin/Desktop/Self-driving-car-simulation/Data/IMG/right_2019_03_01_18_33_10_336.jpg, 0.5476809, 1, 0, 30.20773
/home/zubin/Desktop/Self-driving-car-simulation/Data/IMG/center_2019_03_01_18_33_10_438.jpg, /home/zubin/Desktop/Self-driving-car-simulation/Data/IMG/left_2019_03_01_18_33_10_438.jpg, /home/zubin/Desktop/Self-driving-car-simulation/Data/IMG/right_2019_03_01_18_33_10_438.jpg, 0.2418339, 1, 0, 30.2017
/home/zubin/Desktop/Self-driving-car-simulation/Data/IMG/center_2019_03_01_18_33_10_555.jpg, /home/zubin/Desktop/Self-driving-car-simulation/Data/IMG/left_2019_03_01_18_33_10_555.jpg, /home/zubin/Desktop/Self-driving-car-simulation/Data/IMG/right_2019_03_01_18_33_10_555.jpg, 0, 1, 0, 30.18645
/home/zubin/Desktop/Self-driving-car-simulation/Data/IMG/center_2019_03_01_18_33_10_667.jpg, /home/zubin/Desktop/Self-driving-car-simulation/Data/IMG/left_2019_03_01_18_33_10_667.jpg, /home/zubin/Desktop/Self-driving-car-simulation/Data/IMG/right_2019_03_01_18_33_10_667.jpg, 0, 1, 0, 30.18982
/home/zubin/Desktop/Self-driving-car-simulation/Data/IMG/center_2019_03_01_18_33_10_768.jpg, /home/zubin/Desktop/Self-driving-car-simulation/Data/IMG/left_2019_03_01_18_33_10_768.jpg, /home/zubin/Desktop/Self-driving-car-simulation/Data/IMG/right_2019_03_01_18_33_10_768.jpg, 0, 1, 0, 30.19036
/home/zubin/Desktop/Self-driving-car-simulation/Data/IMG/center_2019_03_01_18_33_10_886.jpg, /home/zubin/Desktop/Self-driving-car-simulation/Data/IMG/left_2019_03_01_18_33_10_886.jpg, /home/zubin/Desktop/Self-driving-car-simulation/Data/IMG/right_2019_03_01_18_33_10_886.jpg, 0, 1, 0, 30.19149
/home/zubin/Desktop/Self-driving-car-simulation/Data/IMG/center_2019_03_01_18_33_10_987.jpg, /home/zubin/Desktop/Self-driving-car-simulation/Data/IMG/left_2019_03_01_18_33_10_987.jpg, /home/zubin/Desktop/Self-driving-car-simulation/Data/IMG/right_2019_03_01_18_33_10_987.jpg, 0, 1, 0, 30.19013
/home/zubin/Desktop/Self-driving-car-simulation/Data/IMG/center_2019_03_01_18_33_11_100.jpg, /home/zubin/Desktop/Self-driving-car-simulation/Data/IMG/left_2019_03_01_18_33_11_100.jpg, /home/zubin/Desktop/Self-driving-car-simulation/Data/IMG/right_2019_03_01_18_33_11_100.jpg, 0, 1, 0, 30.19247
/home/zubin/Desktop/Self-driving-car-simulation/Data/IMG/center_2019_03_01_18_33_11_202.jpg, /home/zubin/Desktop/Self-driving-car-simulation/Data/IMG/left_2019_03_01_18_33_11_202.jpg, /home/zubin/Desktop/Self-driving-car-simulation/Data/IMG/right_2019_03_01_18_33_11_202.jpg, 0, 1, 0, 30.18996
/home/zubin/Desktop/Self-driving-car-simulation/Data/IMG/center_2019_03_01_18_33_11_318.jpg, /home/zubin/Desktop/Self-driving-car-simulation/Data/IMG/left_2019_03_01_18_33_11_318.jpg, /home/zubin/Desktop/Self-driving-car-simulation/Data/IMG/right_2019_03_01_18_33_11_318.jpg, -0.1507173, 1, 0, 30.18414
/home/zubin/Desktop/Self-driving-car-simulation/Data/IMG/center_2019_03_01_18_33_11_435.jpg, /home/zubin/Desktop/Self-driving-car-simulation/Data/IMG/left_2019_03_01_18_33_11_435.jpg, /home/zubin/Desktop/Self-driving-car-simulation/Data/IMG/right_2019_03_01_18_33_11_435.jpg, -0.07026315, 1, 0, 30.18952
/home/zubin/Desktop/Self-driving-car-simulation/Data/IMG/center_2019_03_01_18_33_11_551.jpg, /home/zubin/Desktop/Self-driving-car-simulation/Data/IMG/left_2019_03_01_18_33_11_551.jpg, /home/zubin/Desktop/Self-driving-car-simulation/Data/IMG/right_2019_03_01_18_33_11_551.jpg, 0, 1, 0, 30.18994
/home/zubin/Desktop/Self-driving-car-simulation/Data/IMG/center_2019_03_01_18_33_11_651.jpg, /home/zubin/Desktop/Self-driving-car-simulation/Data/IMG/left_2019_03_01_18_33_11_651.jpg, /home/zubin/Desktop/Self-driving-car-simulation/Data/IMG/right_2019_03_01_18_33_11_651.jpg, 0, 1, 0, 30.18985
/home/zubin/Desktop/Self-driving-car-simulation/Data/IMG/center_2019_03_01_18_33_11_753.jpg, /home/zubin/Desktop/Self-driving-car-simulation/Data/IMG/left_2019_03_01_18_33_11_753.jpg, /home/zubin/Desktop/Self-driving-car-simulation/Data/IMG/right_2019_03_01_18_33_11_753.jpg, 0, 1, 0, 30.19053
/home/zubin/Desktop/Self-driving-car-simulation/Data/IMG/center_2019_03_01_18_33_11_867.jpg, /home/zubin/Desktop/Self-driving-car-simulation/Data/IMG/left_2019_03_01_18_33_11_867.jpg, /home/zubin/Desktop/Self-driving-car-simulation/Data/IMG/right_2019_03_01_18_33_11_867.jpg, 0, 1, 0, 30.19043
/home/zubin/Desktop/Self-driving-car-simulation/Data/IMG/center_2019_03_01_18_33_11_969.jpg, /home/zubin/Desktop/Self-driving-car-simulation/Data/IMG/left_2019_03_01_18_33_11_969.jpg, /home/zubin/Desktop/Self-driving-car-simulation/Data/IMG/right_2019_03_01_18_33_11_969.jpg, 0, 1, 0, 30.18989
/home/zubin/Desktop/Self-driving-car-simulation/Data/IMG/center_2019_03_01_18_33_12_084.jpg, /home/zubin/Desktop/Self-driving-car-simulation/Data/IMG/left_2019_03_01_18_33_12_084.jpg, /home/zubin/Desktop/Self-driving-car-simulation/Data/IMG/right_2019_03_01_18_33_12_084.jpg, 0, 1, 0, 30.19063
/home/zubin/Desktop/Self-driving-car-simulation/Data/IMG/center_2019_03_01_18_33_12_185.jpg, /home/zubin/Desktop/Self-driving-car-simulation/Data/IMG/left_2019_03_01_18_33_12_185.jpg, /home/zubin/Desktop/Self-driving-car-simulation/Data/IMG/right_2019_03_01_18_33_12_185.jpg, 0.09835482, 1, 0, 30.18704
/home/zubin/Desktop/Self-driving-car-simulation/Data/IMG/center_2019_03_01_18_33_12_302.jpg, /home/zubin/Desktop/Self-driving-car-simulation/Data/IMG/left_2019_03_01_18_33_12_302.jpg, /home/zubin/Desktop/Self-driving-car-simulation/Data/IMG/right_2019_03_01_18_33_12_302.jpg, 0.09580994, 1, 0, 30.19068
/home/zubin/Desktop/Self-driving-car-simulation/Data/IMG/center_2019_03_01_18_33_12_416.jpg, /home/zubin/Desktop/Self-driving-car-simulation/Data/IMG/left_2019_03_01_18_33_12_416.jpg, /home/zubin/Desktop/Self-driving-car-simulation/Data/IMG/right_2019_03_01_18_33_12_416.jpg, 0, 1, 0, 30.19022
/home/zubin/Desktop/Self-driving-car-simulation/Data/IMG/center_2019_03_01_18_33_12_517.jpg, /home/zubin/Desktop/Self-driving-car-simulation/Data/IMG/left_2019_03_01_18_33_12_517.jpg, /home/zubin/Desktop/Self-driving-car-simulation/Data/IMG/right_2019_03_01_18_33_12_517.jpg, 0, 1, 0, 30.19056
/home/zubin/Desktop/Self-driving-car-simulation/Data/IMG/center_2019_03_01_18_33_12_634.jpg, /home/zubin/Desktop/Self-driving-car-simulation/Data/IMG/left_2019_03_01_18_33_12_634.jpg, /home/zubin/Desktop/Self-driving-car-simulation/Data/IMG/right_2019_03_01_18_33_12_634.jpg, 0, 1, 0, 30.19034
/home/zubin/Desktop/Self-driving-car-simulation/Data/IMG/center_2019_03_01_18_33_12_751.jpg, /home/zubin/Desktop/Self-driving-car-simulation/Data/IMG/left_2019_03_01_18_33_12_751.jpg, /home/zubin/Desktop/Self-driving-car-simulation/Data/IMG/right_2019_03_01_18_33_12_751.jpg, 0, 1, 0, 30.1907
/home/zubin/Desktop/Self-driving-car-simulation/Data/IMG/center_2019_03_01_18_33_12_867.jpg, /home/zubin/Desktop/Self-driving-car-simulation/Data/IMG/left_2019_03_01_18_33_12_867.jpg, /home/zubin/Desktop/Self-driving-car-simulation/Data/IMG/right_2019_03_01_18_33_12_867.jpg, 0, 1, 0, 30.19031
/home/zubin/Desktop/Self-driving-car-simulation/Data/IMG/center_2019_03_01_18_33_12_971.jpg, /home/zubin/Desktop/Self-driving-car-simulation/Data/IMG/left_2019_03_01_18_33_12_971.jpg, /home/zubin/Desktop/Self-driving-car-simulation/Data/IMG/right_2019_03_01_18_33_12_971.jpg, 0.2212944, 1, 0, 30.17725
/home/zubin/Desktop/Self-driving-car-simulation/Data/IMG/center_2019_03_01_18_33_13_083.jpg, /home/zubin/Desktop/Self-driving-car-simulation/Data/IMG/left_2019_03_01_18_33_13_083.jpg, /home/zubin/Desktop/Self-driving-car-simulation/Data/IMG/right_2019_03_01_18_33_13_083.jpg, 0.2091114, 1, 0, 30.18839
/home/zubin/Desktop/Self-driving-car-simulation/Data/IMG/center_2019_03_01_18_33_13_183.jpg, /home/zubin/Desktop/Self-driving-car-simulation/Data/IMG/left_2019_03_01_18_33_13_183.jpg, /home/zubin/Desktop/Self-driving-car-simulation/Data/IMG/right_2019_03_01_18_33_13_183.jpg, 0, 1, 0, 30.18848
/home/zubin/Desktop/Self-driving-car-simulation/Data/IMG/center_2019_03_01_18_33_13_302.jpg, /home/zubin/Desktop/Self-driving-car-simulation/Data/IMG/left_2019_03_01_18_33_13_302.jpg, /home/zubin/Desktop/Self-driving-car-simulation/Data/IMG/right_2019_03_01_18_33_13_302.jpg, 0, 1, 0, 30.19016
/home/zubin/Desktop/Self-driving-car-simulation/Data/IMG/center_2019_03_01_18_33_13_416.jpg, /home/zubin/Desktop/Self-driving-car-simulation/Data/IMG/left_2019_03_01_18_33_13_416.jpg, /home/zubin/Desktop/Self-driving-car-simulation/Data/IMG/right_2019_03_01_18_33_13_416.jpg, 0, 1, 0, 30.19029
/home/zubin/Desktop/Self-driving-car-simulation/Data/IMG/center_2019_03_01_18_33_13_533.jpg, /home/zubin/Desktop/Self-driving-car-simulation/Data/IMG/left_2019_03_01_18_33_13_533.jpg, /home/zubin/Desktop/Self-driving-car-simulation/Data/IMG/right_2019_03_01_18_33_13_533.jpg, 0, 1, 0, 30.19029
/home/zubin/Desktop/Self-driving-car-simulation/Data/IMG/center_2019_03_01_18_33_13_650.jpg, /home/zubin/Desktop/Self-driving-car-simulation/Data/IMG/left_2019_03_01_18_33_13_650.jpg, /home/zubin/Desktop/Self-driving-car-simulation/Data/IMG/right_2019_03_01_18_33_13_650.jpg, 0, 1, 0, 30.1903
/home/zubin/Desktop/Self-driving-car-simulation/Data/IMG/center_2019_03_01_18_33_13_766.jpg, /home/zubin/Desktop/Self-driving-car-simulation/Data/IMG/left_2019_03_01_18_33_13_766.jpg, /home/zubin/Desktop/Self-driving-car-simulation/Data/IMG/right_2019_03_01_18_33_13_766.jpg, 0, 1, 0, 30.19028
/home/zubin/Desktop/Self-driving-car-simulation/Data/IMG/center_2019_03_01_18_33_13_867.jpg, /home/zubin/Desktop/Self-driving-car-simulation/Data/IMG/left_2019_03_01_18_33_13_867.jpg, /home/zubin/Desktop/Self-driving-car-simulation/Data/IMG/right_2019_03_01_18_33_13_867.jpg, -0.192873, 1, 0, 30.18142
/home/zubin/Desktop/Self-driving-car-simulation/Data/IMG/center_2019_03_01_18_33_13_967.jpg, /home/zubin/Desktop/Self-driving-car-simulation/Data/IMG/left_2019_03_01_18_33_13_967.jpg, /home/zubin/Desktop/Self-driving-car-simulation/Data/IMG/right_2019_03_01_18_33_13_967.jpg, 0, 1, 0, 30.18957
/home/zubin/Desktop/Self-driving-car-simulation/Data/IMG/center_2019_03_01_18_33_14_080.jpg, /home/zubin/Desktop/Self-driving-car-simulation/Data/IMG/left_2019_03_01_18_33_14_080.jpg, /home/zubin/Desktop/Self-driving-car-simulation/Data/IMG/right_2019_03_01_18_33_14_080.jpg, 0, 1, 0, 30.19022
/home/zubin/Desktop/Self-driving-car-simulation/Data/IMG/center_2019_03_01_18_33_14_181.jpg, /home/zubin/Desktop/Self-driving-car-simulation/Data/IMG/left_2019_03_01_18_33_14_181.jpg, /home/zubin/Desktop/Self-driving-car-simulation/Data/IMG/right_2019_03_01_18_33_14_181.jpg, 0, 1, 0, 30.1903
/home/zubin/Desktop/Self-driving-car-simulation/Data/IMG/center_2019_03_01_18_33_14_281.jpg, /home/zubin/Desktop/Self-driving-car-simulation/Data/IMG/left_2019_03_01_18_33_14_281.jpg, /home/zubin/Desktop/Self-driving-car-simulation/Data/IMG/right_2019_03_01_18_33_14_281.jpg, 0, 1, 0, 30.19027
/home/zubin/Desktop/Self-driving-car-simulation/Data/IMG/center_2019_03_01_18_33_14_382.jpg, /home/zubin/Desktop/Self-driving-car-simulation/Data/IMG/left_2019_03_01_18_33_14_382.jpg, /home/zubin/Desktop/Self-driving-car-simulation/Data/IMG/right_2019_03_01_18_33_14_382.jpg, 0, 1, 0, 30.19028
/home/zubin/Desktop/Self-driving-car-simulation/Data/IMG/center_2019_03_01_18_33_14_497.jpg, /home/zubin/Desktop/Self-driving-car-simulation/Data/IMG/left_2019_03_01_18_33_14_497.jpg, /home/zubin/Desktop/Self-driving-car-simulation/Data/IMG/right_2019_03_01_18_33_14_497.jpg, 0, 1, 0, 30.1903
/home/zubin/Desktop/Self-driving-car-simulation/Data/IMG/center_2019_03_01_18_33_14_616.jpg, /home/zubin/Desktop/Self-driving-car-simulation/Data/IMG/left_2019_03_01_18_33_14_616.jpg, /home/zubin/Desktop/Self-driving-car-simulation/Data/IMG/right_2019_03_01_18_33_14_616.jpg, -0.1597052, 1, 0, 30.18344
/home/zubin/Desktop/Self-driving-car-simulation/Data/IMG/center_2019_03_01_18_33_14_732.jpg, /home/zubin/Desktop/Self-driving-car-simulation/Data/IMG/left_2019_03_01_18_33_14_732.jpg, /home/zubin/Desktop/Self-driving-car-simulation/Data/IMG/right_2019_03_01_18_33_14_732.jpg, 0, 1, 0, 30.19019
/home/zubin/Desktop/Self-driving-car-simulation/Data/IMG/center_2019_03_01_18_33_14_846.jpg, /home/zubin/Desktop/Self-driving-car-simulation/Data/IMG/left_2019_03_01_18_33_14_846.jpg, /home/zubin/Desktop/Self-driving-car-simulation/Data/IMG/right_2019_03_01_18_33_14_846.jpg, 0, 1, 0, 30.19029
/home/zubin/Desktop/Self-driving-car-simulation/Data/IMG/center_2019_03_01_18_33_14_963.jpg, /home/zubin/Desktop/Self-driving-car-simulation/Data/IMG/left_2019_03_01_18_33_14_963.jpg, /home/zubin/Desktop/Self-driving-car-simulation/Data/IMG/right_2019_03_01_18_33_14_963.jpg, 0, 1, 0, 30.19031
/home/zubin/Desktop/Self-driving-car-simulation/Data/IMG/center_2019_03_01_18_33_15_064.jpg, /home/zubin/Desktop/Self-driving-car-simulation/Data/IMG/left_2019_03_01_18_33_15_064.jpg, /home/zubin/Desktop/Self-driving-car-simulation/Data/IMG/right_2019_03_01_18_33_15_064.jpg, 0, 1, 0, 30.19029
/home/zubin/Desktop/Self-driving-car-simulation/Data/IMG/center_2019_03_01_18_33_15_179.jpg, /home/zubin/Desktop/Self-driving-car-simulation/Data/IMG/left_2019_03_01_18_33_15_179.jpg, /home/zubin/Desktop/Self-driving-car-simulation/Data/IMG/right_2019_03_01_18_33_15_179.jpg, 0, 1, 0, 30.19029
/home/zubin/Desktop/Self-driving-car-simulation/Data/IMG/center_2019_03_01_18_33_15_281.jpg, /home/zubin/Desktop/Self-driving-car-simulation/Data/IMG/left_2019_03_01_18_33_15_281.jpg, /home/zubin/Desktop/Self-driving-car-simulation/Data/IMG/right_2019_03_01_18_33_15_281.jpg, -0.1947935, 1, 0, 30.17954
/home/zubin/Desktop/Self-driving-car-simulation/Data/IMG/center_2019_03_01_18_33_15_394.jpg, /home/zubin/Desktop/Self-driving-car-simulation/Data/IMG/left_2019_03_01_18_33_15_394.jpg, /home/zubin/Desktop/Self-driving-car-simulation/Data/IMG/right_2019_03_01_18_33_15_394.jpg, 0, 1, 0, 30.18989
/home/zubin/Desktop/Self-driving-car-simulation/Data/IMG/center_2019_03_01_18_33_15_496.jpg, /home/zubin/Desktop/Self-driving-car-simulation/Data/IMG/left_2019_03_01_18_33_15_496.jpg, /home/zubin/Desktop/Self-driving-car-simulation/Data/IMG/right_2019_03_01_18_33_15_496.jpg, 0, 1, 0, 30.19024
/home/zubin/Desktop/Self-driving-car-simulation/Data/IMG/center_2019_03_01_18_33_15_613.jpg, /home/zubin/Desktop/Self-driving-car-simulation/Data/IMG/left_2019_03_01_18_33_15_613.jpg, /home/zubin/Desktop/Self-driving-car-simulation/Data/IMG/right_2019_03_01_18_33_15_613.jpg, 0, 1, 0, 30.19032
/home/zubin/Desktop/Self-driving-car-simulation/Data/IMG/center_2019_03_01_18_33_15_728.jpg, /home/zubin/Desktop/Self-driving-car-simulation/Data/IMG/left_2019_03_01_18_33_15_728.jpg, /home/zubin/Desktop/Self-driving-car-simulation/Data/IMG/right_2019_03_01_18_33_15_728.jpg, 0, 1, 0, 30.19027
/home/zubin/Desktop/Self-driving-car-simulation/Data/IMG/center_2019_03_01_18_33_15_829.jpg, /home/zubin/Desktop/Self-driving-car-simulation/Data/IMG/left_2019_03_01_18_33_15_829.jpg, /home/zubin/Desktop/Self-driving-car-simulation/Data/IMG/right_2019_03_01_18_33_15_829.jpg, 0, 1, 0, 30.1903
/home/zubin/Desktop/Self-driving-car-simulation/Data/IMG/center_2019_03_01_18_33_15_929.jpg, /home/zubin/Desktop/Self-driving-car-simulation/Data/IMG/left_2019_03_01_18_33_15_929.jpg, /home/zubin/Desktop/Self-driving-car-simulation/Data/IMG/right_2019_03_01_18_33_15_929.jpg, 0, 1, 0, 30.19023
/home/zubin/Desktop/Self-driving-car-simulation/Data/IMG/center_2019_03_01_18_33_16_044.jpg, /home/zubin/Desktop/Self-driving-car-simulation/Data/IMG/left_2019_03_01_18_33_16_044.jpg, /home/zubin/Desktop/Self-driving-car-simulation/Data/IMG/right_2019_03_01_18_33_16_044.jpg, 0, 1, 0, 30.1903
/home/zubin/Desktop/Self-driving-car-simulation/Data/IMG/center_2019_03_01_18_33_16_162.jpg, /home/zubin/Desktop/Self-driving-car-simulation/Data/IMG/left_2019_03_01_18_33_16_162.jpg, /home/zubin/Desktop/Self-driving-car-simulation/Data/IMG/right_2019_03_01_18_33_16_162.jpg, 0, 1, 0, 30.19029
/home/zubin/Desktop/Self-driving-car-simulation/Data/IMG/center_2019_03_01_18_33_16_278.jpg, /home/zubin/Desktop/Self-driving-car-simulation/Data/IMG/left_2019_03_01_18_33_16_278.jpg, /home/zubin/Desktop/Self-driving-car-simulation/Data/IMG/right_2019_03_01_18_33_16_278.jpg, -0.1360316, 1, 0, 30.18836
/home/zubin/Desktop/Self-driving-car-simulation/Data/IMG/center_2019_03_01_18_33_16_395.jpg, /home/zubin/Desktop/Self-driving-car-simulation/Data/IMG/left_2019_03_01_18_33_16_395.jpg, /home/zubin/Desktop/Self-driving-car-simulation/Data/IMG/right_2019_03_01_18_33_16_395.jpg, 0, 1, 0, 30.19011
/home/zubin/Desktop/Self-driving-car-simulation/Data/IMG/center_2019_03_01_18_33_16_508.jpg, /home/zubin/Desktop/Self-driving-car-simulation/Data/IMG/left_2019_03_01_18_33_16_508.jpg, /home/zubin/Desktop/Self-driving-car-simulation/Data/IMG/right_2019_03_01_18_33_16_508.jpg, 0, 1, 0, 30.19026
/home/zubin/Desktop/Self-driving-car-simulation/Data/IMG/center_2019_03_01_18_33_16_611.jpg, /home/zubin/Desktop/Self-driving-car-simulation/Data/IMG/left_2019_03_01_18_33_16_611.jpg, /home/zubin/Desktop/Self-driving-car-simulation/Data/IMG/right_2019_03_01_18_33_16_611.jpg, 0, 1, 0, 30.19027
/home/zubin/Desktop/Self-driving-car-simulation/Data/IMG/center_2019_03_01_18_33_16_726.jpg, /home/zubin/Desktop/Self-driving-car-simulation/Data/IMG/left_2019_03_01_18_33_16_726.jpg, /home/zubin/Desktop/Self-driving-car-simulation/Data/IMG/right_2019_03_01_18_33_16_726.jpg, -0.2515919, 1, 0, 30.17277
/home/zubin/Desktop/Self-driving-car-simulation/Data/IMG/center_2019_03_01_18_33_16_827.jpg, /home/zubin/Desktop/Self-driving-car-simulation/Data/IMG/left_2019_03_01_18_33_16_827.jpg, /home/zubin/Desktop/Self-driving-car-simulation/Data/IMG/right_2019_03_01_18_33_16_827.jpg, 0, 1, 0, 30.18915
/home/zubin/Desktop/Self-driving-car-simulation/Data/IMG/center_2019_03_01_18_33_16_945.jpg, /home/zubin/Desktop/Self-driving-car-simulation/Data/IMG/left_2019_03_01_18_33_16_945.jpg, /home/zubin/Desktop/Self-driving-car-simulation/Data/IMG/right_2019_03_01_18_33_16_945.jpg, 0, 1, 0, 30.19001
/home/zubin/Desktop/Self-driving-car-simulation/Data/IMG/center_2019_03_01_18_33_17_059.jpg, /home/zubin/Desktop/Self-driving-car-simulation/Data/IMG/left_2019_03_01_18_33_17_059.jpg, /home/zubin/Desktop/Self-driving-car-simulation/Data/IMG/right_2019_03_01_18_33_17_059.jpg, -0.1552649, 1, 0, 30.18457
/home/zubin/Desktop/Self-driving-car-simulation/Data/IMG/center_2019_03_01_18_33_17_173.jpg, /home/zubin/Desktop/Self-driving-car-simulation/Data/IMG/left_2019_03_01_18_33_17_173.jpg, /home/zubin/Desktop/Self-driving-car-simulation/Data/IMG/right_2019_03_01_18_33_17_173.jpg, 0, 1, 0, 30.19002
/home/zubin/Desktop/Self-driving-car-simulation/Data/IMG/center_2019_03_01_18_33_17_274.jpg, /home/zubin/Desktop/Self-driving-car-simulation/Data/IMG/left_2019_03_01_18_33_17_274.jpg, /home/zubin/Desktop/Self-driving-car-simulation/Data/IMG/right_2019_03_01_18_33_17_274.jpg, 0, 1, 0, 30.19029
/home/zubin/Desktop/Self-driving-car-simulation/Data/IMG/center_2019_03_01_18_33_17_391.jpg, /home/zubin/Desktop/Self-driving-car-simulation/Data/IMG/left_2019_03_01_18_33_17_391.jpg, /home/zubin/Desktop/Self-driving-car-simulation/Data/IMG/right_2019_03_01_18_33_17_391.jpg, 0, 1, 0, 30.19031
/home/zubin/Desktop/Self-driving-car-simulation/Data/IMG/center_2019_03_01_18_33_17_509.jpg, /home/zubin/Desktop/Self-driving-car-simulation/Data/IMG/left_2019_03_01_18_33_17_509.jpg, /home/zubin/Desktop/Self-driving-car-simulation/Data/IMG/right_2019_03_01_18_33_17_509.jpg, -0.352596, 1, 0, 30.16182
/home/zubin/Desktop/Self-driving-car-simulation/Data/IMG/center_2019_03_01_18_33_17_624.jpg, /home/zubin/Desktop/Self-driving-car-simulation/Data/IMG/left_2019_03_01_18_33_17_624.jpg, /home/zubin/Desktop/Self-driving-car-simulation/Data/IMG/right_2019_03_01_18_33_17_624.jpg, -0.395535, 1, 0, 30.17943
/home/zubin/Desktop/Self-driving-car-simulation/Data/IMG/center_2019_03_01_18_33_17_742.jpg, /home/zubin/Desktop/Self-driving-car-simulation/Data/IMG/left_2019_03_01_18_33_17_742.jpg, /home/zubin/Desktop/Self-driving-car-simulation/Data/IMG/right_2019_03_01_18_33_17_742.jpg, -0.04224586, 1, 0, 30.18888
/home/zubin/Desktop/Self-driving-car-simulation/Data/IMG/center_2019_03_01_18_33_17_858.jpg, /home/zubin/Desktop/Self-driving-car-simulation/Data/IMG/left_2019_03_01_18_33_17_858.jpg, /home/zubin/Desktop/Self-driving-car-simulation/Data/IMG/right_2019_03_01_18_33_17_858.jpg, 0, 1, 0, 30.18912
/home/zubin/Desktop/Self-driving-car-simulation/Data/IMG/center_2019_03_01_18_33_17_975.jpg, /home/zubin/Desktop/Self-driving-car-simulation/Data/IMG/left_2019_03_01_18_33_17_975.jpg, /home/zubin/Desktop/Self-driving-car-simulation/Data/IMG/right_2019_03_01_18_33_17_975.jpg, 0, 1, 0, 30.18976
/home/zubin/Desktop/Self-driving-car-simulation/Data/IMG/center_2019_03_01_18_33_18_089.jpg, /home/zubin/Desktop/Self-driving-car-simulation/Data/IMG/left_2019_03_01_18_33_18_089.jpg, /home/zubin/Desktop/Self-driving-car-simulation/Data/IMG/right_2019_03_01_18_33_18_089.jpg, -0.1479843, 1, 0, 30.18572
/home/zubin/Desktop/Self-driving-car-simulation/Data/IMG/center_2019_03_01_18_33_18_190.jpg, /home/zubin/Desktop/Self-driving-car-simulation/Data/IMG/left_2019_03_01_18_33_18_190.jpg, /home/zubin/Desktop/Self-driving-car-simulation/Data/IMG/right_2019_03_01_18_33_18_190.jpg, -0.08908868, 1, 0, 30.19042
/home/zubin/Desktop/Self-driving-car-simulation/Data/IMG/center_2019_03_01_18_33_18_290.jpg, /home/zubin/Desktop/Self-driving-car-simulation/Data/IMG/left_2019_03_01_18_33_18_290.jpg, /home/zubin/Desktop/Self-driving-car-simulation/Data/IMG/right_2019_03_01_18_33_18_290.jpg, 0, 1, 0, 30.18831
/home/zubin/Desktop/Self-driving-car-simulation/Data/IMG/center_2019_03_01_18_33_18_392.jpg, /home/zubin/Desktop/Self-driving-car-simulation/Data/IMG/left_2019_03_01_18_33_18_392.jpg, /home/zubin/Desktop/Self-driving-car-simulation/Data/IMG/right_2019_03_01_18_33_18_392.jpg, 0, 1, 0, 30.19017
/home/zubin/Desktop/Self-driving-car-simulation/Data/IMG/center_2019_03_01_18_33_18_506.jpg, /home/zubin/Desktop/Self-driving-car-simulation/Data/IMG/left_2019_03_01_18_33_18_506.jpg, /home/zubin/Desktop/Self-driving-car-simulation/Data/IMG/right_2019_03_01_18_33_18_506.jpg, 0, 1, 0, 30.19005
/home/zubin/Desktop/Self-driving-car-simulation/Data/IMG/center_2019_03_01_18_33_18_623.jpg, /home/zubin/Desktop/Self-driving-car-simulation/Data/IMG/left_2019_03_01_18_33_18_623.jpg, /home/zubin/Desktop/Self-driving-car-simulation/Data/IMG/right_2019_03_01_18_33_18_623.jpg, 0, 1, 0, 30.19074
/home/zubin/Desktop/Self-driving-car-simulation/Data/IMG/center_2019_03_01_18_33_18_741.jpg, /home/zubin/Desktop/Self-driving-car-simulation/Data/IMG/left_2019_03_01_18_33_18_741.jpg, /home/zubin/Desktop/Self-driving-car-simulation/Data/IMG/right_2019_03_01_18_33_18_741.jpg, -0.3516326, 1, 0, 30.16205
/home/zubin/Desktop/Self-driving-car-simulation/Data/IMG/center_2019_03_01_18_33_18_857.jpg, /home/zubin/Desktop/Self-driving-car-simulation/Data/IMG/left_2019_03_01_18_33_18_857.jpg, /home/zubin/Desktop/Self-driving-car-simulation/Data/IMG/right_2019_03_01_18_33_18_857.jpg, -0.002174377, 1, 0, 30.18968
/home/zubin/Desktop/Self-driving-car-simulation/Data/IMG/center_2019_03_01_18_33_18_973.jpg, /home/zubin/Desktop/Self-driving-car-simulation/Data/IMG/left_2019_03_01_18_33_18_973.jpg, /home/zubin/Desktop/Self-driving-car-simulation/Data/IMG/right_2019_03_01_18_33_18_973.jpg, -0.1467626, 1, 0, 30.18757
/home/zubin/Desktop/Self-driving-car-simulation/Data/IMG/center_2019_03_01_18_33_19_090.jpg, /home/zubin/Desktop/Self-driving-car-simulation/Data/IMG/left_2019_03_01_18_33_19_090.jpg, /home/zubin/Desktop/Self-driving-car-simulation/Data/IMG/right_2019_03_01_18_33_19_090.jpg, 0, 1, 0, 30.19037
/home/zubin/Desktop/Self-driving-car-simulation/Data/IMG/center_2019_03_01_18_33_19_205.jpg, /home/zubin/Desktop/Self-driving-car-simulation/Data/IMG/left_2019_03_01_18_33_19_205.jpg, /home/zubin/Desktop/Self-driving-car-simulation/Data/IMG/right_2019_03_01_18_33_19_205.jpg, 0, 1, 0, 30.19074
/home/zubin/Desktop/Self-driving-car-simulation/Data/IMG/center_2019_03_01_18_33_19_306.jpg, /home/zubin/Desktop/Self-driving-car-simulation/Data/IMG/left_2019_03_01_18_33_19_306.jpg, /home/zubin/Desktop/Self-driving-car-simulation/Data/IMG/right_2019_03_01_18_33_19_306.jpg, -0.101253, 1, 0, 30.18954
/home/zubin/Desktop/Self-driving-car-simulation/Data/IMG/center_2019_03_01_18_33_19_423.jpg, /home/zubin/Desktop/Self-driving-car-simulation/Data/IMG/left_2019_03_01_18_33_19_423.jpg, /home/zubin/Desktop/Self-driving-car-simulation/Data/IMG/right_2019_03_01_18_33_19_423.jpg, -0.2427921, 1, 0, 30.18396
/home/zubin/Desktop/Self-driving-car-simulation/Data/IMG/center_2019_03_01_18_33_19_537.jpg, /home/zubin/Desktop/Self-driving-car-simulation/Data/IMG/left_2019_03_01_18_33_19_537.jpg, /home/zubin/Desktop/Self-driving-car-simulation/Data/IMG/right_2019_03_01_18_33_19_537.jpg, -0.09382153, 1, 0, 30.19123
/home/zubin/Desktop/Self-driving-car-simulation/Data/IMG/center_2019_03_01_18_33_19_639.jpg, /home/zubin/Desktop/Self-driving-car-simulation/Data/IMG/left_2019_03_01_18_33_19_639.jpg, /home/zubin/Desktop/Self-driving-car-simulation/Data/IMG/right_2019_03_01_18_33_19_639.jpg, -0.107337, 1, 0, 30.19231
/home/zubin/Desktop/Self-driving-car-simulation/Data/IMG/center_2019_03_01_18_33_19_740.jpg, /home/zubin/Desktop/Self-driving-car-simulation/Data/IMG/left_2019_03_01_18_33_19_740.jpg, /home/zubin/Desktop/Self-driving-car-simulation/Data/IMG/right_2019_03_01_18_33_19_740.jpg, -0.05640292, 1, 0, 30.18921
/home/zubin/Desktop/Self-driving-car-simulation/Data/IMG/center_2019_03_01_18_33_19_853.jpg, /home/zubin/Desktop/Self-driving-car-simulation/Data/IMG/left_2019_03_01_18_33_19_853.jpg, /home/zubin/Desktop/Self-driving-car-simulation/Data/IMG/right_2019_03_01_18_33_19_853.jpg, 0, 1, 0, 30.18981
/home/zubin/Desktop/Self-driving-car-simulation/Data/IMG/center_2019_03_01_18_33_19_956.jpg, /home/zubin/Desktop/Self-driving-car-simulation/Data/IMG/left_2019_03_01_18_33_19_956.jpg, /home/zubin/Desktop/Self-driving-car-simulation/Data/IMG/right_2019_03_01_18_33_19_956.jpg, -0.1852412, 1, 0, 30.18338
/home/zubin/Desktop/Self-driving-car-simulation/Data/IMG/center_2019_03_01_18_33_20_071.jpg, /home/zubin/Desktop/Self-driving-car-simulation/Data/IMG/left_2019_03_01_18_33_20_071.jpg, /home/zubin/Desktop/Self-driving-car-simulation/Data/IMG/right_2019_03_01_18_33_20_071.jpg, -0.1038666, 1, 0, 30.19142
/home/zubin/Desktop/Self-driving-car-simulation/Data/IMG/center_2019_03_01_18_33_20_187.jpg, /home/zubin/Desktop/Self-driving-car-simulation/Data/IMG/left_2019_03_01_18_33_20_187.jpg, /home/zubin/Desktop/Self-driving-car-simulation/Data/IMG/right_2019_03_01_18_33_20_187.jpg, -0.3982408, 1, 0, 30.16202
/home/zubin/Desktop/Self-driving-car-simulation/Data/IMG/center_2019_03_01_18_33_20_288.jpg, /home/zubin/Desktop/Self-driving-car-simulation/Data/IMG/left_2019_03_01_18_33_20_288.jpg, /home/zubin/Desktop/Self-driving-car-simulation/Data/IMG/right_2019_03_01_18_33_20_288.jpg, -0.7016101, 1, 0, 30.11969
/home/zubin/Desktop/Self-driving-car-simulation/Data/IMG/center_2019_03_01_18_33_20_404.jpg, /home/zubin/Desktop/Self-driving-car-simulation/Data/IMG/left_2019_03_01_18_33_20_404.jpg, /home/zubin/Desktop/Self-driving-car-simulation/Data/IMG/right_2019_03_01_18_33_20_404.jpg, -1, 1, 0, 30.08949
/home/zubin/Desktop/Self-driving-car-simulation/Data/IMG/center_2019_03_01_18_33_20_523.jpg, /home/zubin/Desktop/Self-driving-car-simulation/Data/IMG/left_2019_03_01_18_33_20_523.jpg, /home/zubin/Desktop/Self-driving-car-simulation/Data/IMG/right_2019_03_01_18_33_20_523.jpg, -1, 1, 0, 30.11224
/home/zubin/Desktop/Self-driving-car-simulation/Data/IMG/center_2019_03_01_18_33_20_640.jpg, /home/zubin/Desktop/Self-driving-car-simulation/Data/IMG/left_2019_03_01_18_33_20_640.jpg, /home/zubin/Desktop/Self-driving-car-simulation/Data/IMG/right_2019_03_01_18_33_20_640.jpg, -1, 1, 0, 30.14073
/home/zubin/Desktop/Self-driving-car-simulation/Data/IMG/center_2019_03_01_18_33_20_741.jpg, /home/zubin/Desktop/Self-driving-car-simulation/Data/IMG/left_2019_03_01_18_33_20_741.jpg, /home/zubin/Desktop/Self-driving-car-simulation/Data/IMG/right_2019_03_01_18_33_20_741.jpg, -0.8499401, 1, 0, 30.18633
/home/zubin/Desktop/Self-driving-car-simulation/Data/IMG/center_2019_03_01_18_33_20_859.jpg, /home/zubin/Desktop/Self-driving-car-simulation/Data/IMG/left_2019_03_01_18_33_20_859.jpg, /home/zubin/Desktop/Self-driving-car-simulation/Data/IMG/right_2019_03_01_18_33_20_859.jpg, -0.495274, 1, 0, 30.21375
/home/zubin/Desktop/Self-driving-car-simulation/Data/IMG/center_2019_03_01_18_33_20_972.jpg, /home/zubin/Desktop/Self-driving-car-simulation/Data/IMG/left_2019_03_01_18_33_20_972.jpg, /home/zubin/Desktop/Self-driving-car-simulation/Data/IMG/right_2019_03_01_18_33_20_972.jpg, -0.1992075, 1, 0, 30.20021
/home/zubin/Desktop/Self-driving-car-simulation/Data/IMG/center_2019_03_01_18_33_21_073.jpg, /home/zubin/Desktop/Self-driving-car-simulation/Data/IMG/left_2019_03_01_18_33_21_073.jpg, /home/zubin/Desktop/Self-driving-car-simulation/Data/IMG/right_2019_03_01_18_33_21_073.jpg, 0, 1, 0, 30.18704
/home/zubin/Desktop/Self-driving-car-simulation/Data/IMG/center_2019_03_01_18_33_21_190.jpg, /home/zubin/Desktop/Self-driving-car-simulation/Data/IMG/left_2019_03_01_18_33_21_190.jpg, /home/zubin/Desktop/Self-driving-car-simulation/Data/IMG/right_2019_03_01_18_33_21_190.jpg, 0.351285, 1, 0, 30.15352
/home/zubin/Desktop/Self-driving-car-simulation/Data/IMG/center_2019_03_01_18_33_21_290.jpg, /home/zubin/Desktop/Self-driving-car-simulation/Data/IMG/left_2019_03_01_18_33_21_290.jpg, /home/zubin/Desktop/Self-driving-car-simulation/Data/IMG/right_2019_03_01_18_33_21_290.jpg, 0.652698, 1, 0, 30.10537
/home/zubin/Desktop/Self-driving-car-simulation/Data/IMG/center_2019_03_01_18_33_21_391.jpg, /home/zubin/Desktop/Self-driving-car-simulation/Data/IMG/left_2019_03_01_18_33_21_391.jpg, /home/zubin/Desktop/Self-driving-car-simulation/Data/IMG/right_2019_03_01_18_33_21_391.jpg, 0.9536405, 1, 0, 30.0707
/home/zubin/Desktop/Self-driving-car-simulation/Data/IMG/center_2019_03_01_18_33_21_507.jpg, /home/zubin/Desktop/Self-driving-car-simulation/Data/IMG/left_2019_03_01_18_33_21_507.jpg, /home/zubin/Desktop/Self-driving-car-simulation/Data/IMG/right_2019_03_01_18_33_21_507.jpg, 0.7911789, 1, 0, 30.1829
/home/zubin/Desktop/Self-driving-car-simulation/Data/IMG/center_2019_03_01_18_33_21_621.jpg, /home/zubin/Desktop/Self-driving-car-simulation/Data/IMG/left_2019_03_01_18_33_21_621.jpg, /home/zubin/Desktop/Self-driving-car-simulation/Data/IMG/right_2019_03_01_18_33_21_621.jpg, 0.4488704, 1, 0, 30.20037
/home/zubin/Desktop/Self-driving-car-simulation/Data/IMG/center_2019_03_01_18_33_21_722.jpg, /home/zubin/Desktop/Self-driving-car-simulation/Data/IMG/left_2019_03_01_18_33_21_722.jpg, /home/zubin/Desktop/Self-driving-car-simulation/Data/IMG/right_2019_03_01_18_33_21_722.jpg, 0.1459904, 1, 0, 30.26368
/home/zubin/Desktop/Self-driving-car-simulation/Data/IMG/center_2019_03_01_18_33_21_822.jpg, /home/zubin/Desktop/Self-driving-car-simulation/Data/IMG/left_2019_03_01_18_33_21_822.jpg, /home/zubin/Desktop/Self-driving-car-simulation/Data/IMG/right_2019_03_01_18_33_21_822.jpg, 0, 1, 0, 30.18285
/home/zubin/Desktop/Self-driving-car-simulation/Data/IMG/center_2019_03_01_18_33_21_940.jpg, /home/zubin/Desktop/Self-driving-car-simulation/Data/IMG/left_2019_03_01_18_33_21_940.jpg, /home/zubin/Desktop/Self-driving-car-simulation/Data/IMG/right_2019_03_01_18_33_21_940.jpg, 0, 1, 0, 30.19006
/home/zubin/Desktop/Self-driving-car-simulation/Data/IMG/center_2019_03_01_18_33_22_055.jpg, /home/zubin/Desktop/Self-driving-car-simulation/Data/IMG/left_2019_03_01_18_33_22_055.jpg, /home/zubin/Desktop/Self-driving-car-simulation/Data/IMG/right_2019_03_01_18_33_22_055.jpg, -0.2456789, 1, 0, 30.17044
/home/zubin/Desktop/Self-driving-car-simulation/Data/IMG/center_2019_03_01_18_33_22_172.jpg, /home/zubin/Desktop/Self-driving-car-simulation/Data/IMG/left_2019_03_01_18_33_22_172.jpg, /home/zubin/Desktop/Self-driving-car-simulation/Data/IMG/right_2019_03_01_18_33_22_172.jpg, -0.2554536, 1, 0, 30.18404
/home/zubin/Desktop/Self-driving-car-simulation/Data/IMG/center_2019_03_01_18_33_22_288.jpg, /home/zubin/Desktop/Self-driving-car-simulation/Data/IMG/left_2019_03_01_18_33_22_288.jpg, /home/zubin/Desktop/Self-driving-car-simulation/Data/IMG/right_2019_03_01_18_33_22_288.jpg, -0.04777193, 1, 0, 30.18797
/home/zubin/Desktop/Self-driving-car-simulation/Data/IMG/center_2019_03_01_18_33_22_388.jpg, /home/zubin/Desktop/Self-driving-car-simulation/Data/IMG/left_2019_03_01_18_33_22_388.jpg, /home/zubin/Desktop/Self-driving-car-simulation/Data/IMG/right_2019_03_01_18_33_22_388.jpg, -0.2589362, 1, 0, 30.18146
/home/zubin/Desktop/Self-driving-car-simulation/Data/IMG/center_2019_03_01_18_33_22_490.jpg, /home/zubin/Desktop/Self-driving-car-simulation/Data/IMG/left_2019_03_01_18_33_22_490.jpg, /home/zubin/Desktop/Self-driving-car-simulation/Data/IMG/right_2019_03_01_18_33_22_490.jpg, 0, 1, 0, 30.19015
/home/zubin/Desktop/Self-driving-car-simulation/Data/IMG/center_2019_03_01_18_33_22_606.jpg, /home/zubin/Desktop/Self-driving-car-simulation/Data/IMG/left_2019_03_01_18_33_22_606.jpg, /home/zubin/Desktop/Self-driving-car-simulation/Data/IMG/right_2019_03_01_18_33_22_606.jpg, -0.3484497, 1, 0, 30.16681
/home/zubin/Desktop/Self-driving-car-simulation/Data/IMG/center_2019_03_01_18_33_22_722.jpg, /home/zubin/Desktop/Self-driving-car-simulation/Data/IMG/left_2019_03_01_18_33_22_722.jpg, /home/zubin/Desktop/Self-driving-car-simulation/Data/IMG/right_2019_03_01_18_33_22_722.jpg, -0.001442671, 1, 0, 30.1892
/home/zubin/Desktop/Self-driving-car-simulation/Data/IMG/center_2019_03_01_18_33_22_822.jpg, /home/zubin/Desktop/Self-driving-car-simulation/Data/IMG/left_2019_03_01_18_33_22_822.jpg, /home/zubin/Desktop/Self-driving-car-simulation/Data/IMG/right_2019_03_01_18_33_22_822.jpg, -0.3026311, 1, 0, 30.17493
/home/zubin/Desktop/Self-driving-car-simulation/Data/IMG/center_2019_03_01_18_33_22_924.jpg, /home/zubin/Desktop/Self-driving-car-simulation/Data/IMG/left_2019_03_01_18_33_22_924.jpg, /home/zubin/Desktop/Self-driving-car-simulation/Data/IMG/right_2019_03_01_18_33_22_924.jpg, -0.313709, 1, 0, 30.1863
/home/zubin/Desktop/Self-driving-car-simulation/Data/IMG/center_2019_03_01_18_33_23_038.jpg, /home/zubin/Desktop/Self-driving-car-simulation/Data/IMG/left_2019_03_01_18_33_23_038.jpg, /home/zubin/Desktop/Self-driving-car-simulation/Data/IMG/right_2019_03_01_18_33_23_038.jpg, 0, 1, 0, 30.18719
/home/zubin/Desktop/Self-driving-car-simulation/Data/IMG/center_2019_03_01_18_33_23_138.jpg, /home/zubin/Desktop/Self-driving-car-simulation/Data/IMG/left_2019_03_01_18_33_23_138.jpg, /home/zubin/Desktop/Self-driving-car-simulation/Data/IMG/right_2019_03_01_18_33_23_138.jpg, 0, 1, 0, 30.18997
/home/zubin/Desktop/Self-driving-car-simulation/Data/IMG/center_2019_03_01_18_33_23_239.jpg, /home/zubin/Desktop/Self-driving-car-simulation/Data/IMG/left_2019_03_01_18_33_23_239.jpg, /home/zubin/Desktop/Self-driving-car-simulation/Data/IMG/right_2019_03_01_18_33_23_239.jpg, -0.2072582, 1, 0, 30.18192
/home/zubin/Desktop/Self-driving-car-simulation/Data/IMG/center_2019_03_01_18_33_23_355.jpg, /home/zubin/Desktop/Self-driving-car-simulation/Data/IMG/left_2019_03_01_18_33_23_355.jpg, /home/zubin/Desktop/Self-driving-car-simulation/Data/IMG/right_2019_03_01_18_33_23_355.jpg, -0.2448714, 1, 0, 30.18689
/home/zubin/Desktop/Self-driving-car-simulation/Data/IMG/center_2019_03_01_18_33_23_473.jpg, /home/zubin/Desktop/Self-driving-car-simulation/Data/IMG/left_2019_03_01_18_33_23_473.jpg, /home/zubin/Desktop/Self-driving-car-simulation/Data/IMG/right_2019_03_01_18_33_23_473.jpg, 0, 1, 0, 30.18781
/home/zubin/Desktop/Self-driving-car-simulation/Data/IMG/center_2019_03_01_18_33_23_586.jpg, /home/zubin/Desktop/Self-driving-car-simulation/Data/IMG/left_2019_03_01_18_33_23_586.jpg, /home/zubin/Desktop/Self-driving-car-simulation/Data/IMG/right_2019_03_01_18_33_23_586.jpg, -0.2496922, 1, 0, 30.1817
/home/zubin/Desktop/Self-driving-car-simulation/Data/IMG/center_2019_03_01_18_33_23_688.jpg, /home/zubin/Desktop/Self-driving-car-simulation/Data/IMG/left_2019_03_01_18_33_23_688.jpg, /home/zubin/Desktop/Self-driving-car-simulation/Data/IMG/right_2019_03_01_18_33_23_688.jpg, 0, 1, 0, 30.18948
/home/zubin/Desktop/Self-driving-car-simulation/Data/IMG/center_2019_03_01_18_33_23_804.jpg, /home/zubin/Desktop/Self-driving-car-simulation/Data/IMG/left_2019_03_01_18_33_23_804.jpg, /home/zubin/Desktop/Self-driving-car-simulation/Data/IMG/right_2019_03_01_18_33_23_804.jpg, 0, 1, 0, 30.19023
/home/zubin/Desktop/Self-driving-car-simulation/Data/IMG/center_2019_03_01_18_33_23_920.jpg, /home/zubin/Desktop/Self-driving-car-simulation/Data/IMG/left_2019_03_01_18_33_23_920.jpg, /home/zubin/Desktop/Self-driving-car-simulation/Data/IMG/right_2019_03_01_18_33_23_920.jpg, 0, 1, 0, 30.19032
/home/zubin/Desktop/Self-driving-car-simulation/Data/IMG/center_2019_03_01_18_33_24_020.jpg, /home/zubin/Desktop/Self-driving-car-simulation/Data/IMG/left_2019_03_01_18_33_24_020.jpg, /home/zubin/Desktop/Self-driving-car-simulation/Data/IMG/right_2019_03_01_18_33_24_020.jpg, -0.105222, 1, 0, 30.18762
/home/zubin/Desktop/Self-driving-car-simulation/Data/IMG/center_2019_03_01_18_33_24_138.jpg, /home/zubin/Desktop/Self-driving-car-simulation/Data/IMG/left_2019_03_01_18_33_24_138.jpg, /home/zubin/Desktop/Self-driving-car-simulation/Data/IMG/right_2019_03_01_18_33_24_138.jpg, -0.1378226, 1, 0, 30.18917
/home/zubin/Desktop/Self-driving-car-simulation/Data/IMG/center_2019_03_01_18_33_24_255.jpg, /home/zubin/Desktop/Self-driving-car-simulation/Data/IMG/left_2019_03_01_18_33_24_255.jpg, /home/zubin/Desktop/Self-driving-car-simulation/Data/IMG/right_2019_03_01_18_33_24_255.jpg, 0, 1, 0, 30.18991
/home/zubin/Desktop/Self-driving-car-simulation/Data/IMG/center_2019_03_01_18_33_24_371.jpg, /home/zubin/Desktop/Self-driving-car-simulation/Data/IMG/left_2019_03_01_18_33_24_371.jpg, /home/zubin/Desktop/Self-driving-car-simulation/Data/IMG/right_2019_03_01_18_33_24_371.jpg, -0.2074256, 1, 0, 30.18116
/home/zubin/Desktop/Self-driving-car-simulation/Data/IMG/center_2019_03_01_18_33_24_486.jpg, /home/zubin/Desktop/Self-driving-car-simulation/Data/IMG/left_2019_03_01_18_33_24_486.jpg, /home/zubin/Desktop/Self-driving-car-simulation/Data/IMG/right_2019_03_01_18_33_24_486.jpg, -0.1585443, 1, 0, 30.19015
/home/zubin/Desktop/Self-driving-car-simulation/Data/IMG/center_2019_03_01_18_33_24_604.jpg, /home/zubin/Desktop/Self-driving-car-simulation/Data/IMG/left_2019_03_01_18_33_24_604.jpg, /home/zubin/Desktop/Self-driving-car-simulation/Data/IMG/right_2019_03_01_18_33_24_604.jpg, -0.1057019, 1, 0, 30.19036
/home/zubin/Desktop/Self-driving-car-simulation/Data/IMG/center_2019_03_01_18_33_24_718.jpg, /home/zubin/Desktop/Self-driving-car-simulation/Data/IMG/left_2019_03_01_18_33_24_718.jpg, /home/zubin/Desktop/Self-driving-car-simulation/Data/IMG/right_2019_03_01_18_33_24_718.jpg, -0.1562555, 1, 0, 30.19051
/home/zubin/Desktop/Self-driving-car-simulation/Data/IMG/center_2019_03_01_18_33_24_821.jpg, /home/zubin/Desktop/Self-driving-car-simulation/Data/IMG/left_2019_03_01_18_33_24_821.jpg, /home/zubin/Desktop/Self-driving-car-simulation/Data/IMG/right_2019_03_01_18_33_24_821.jpg, 0, 1, 0, 30.18977
/home/zubin/Desktop/Self-driving-car-simulation/Data/IMG/center_2019_03_01_18_33_24_937.jpg, /home/zubin/Desktop/Self-driving-car-simulation/Data/IMG/left_2019_03_01_18_33_24_937.jpg, /home/zubin/Desktop/Self-driving-car-simulation/Data/IMG/right_2019_03_01_18_33_24_937.jpg, -0.1481373, 1, 0, 30.18937
/home/zubin/Desktop/Self-driving-car-simulation/Data/IMG/center_2019_03_01_18_33_25_051.jpg, /home/zubin/Desktop/Self-driving-car-simulation/Data/IMG/left_2019_03_01_18_33_25_051.jpg, /home/zubin/Desktop/Self-driving-car-simulation/Data/IMG/right_2019_03_01_18_33_25_051.jpg, 0, 1, 0, 30.18995
/home/zubin/Desktop/Self-driving-car-simulation/Data/IMG/center_2019_03_01_18_33_25_153.jpg, /home/zubin/Desktop/Self-driving-car-simulation/Data/IMG/left_2019_03_01_18_33_25_153.jpg, /home/zubin/Desktop/Self-driving-car-simulation/Data/IMG/right_2019_03_01_18_33_25_153.jpg, 0, 1, 0, 30.19028
/home/zubin/Desktop/Self-driving-car-simulation/Data/IMG/center_2019_03_01_18_33_25_270.jpg, /home/zubin/Desktop/Self-driving-car-simulation/Data/IMG/left_2019_03_01_18_33_25_270.jpg, /home/zubin/Desktop/Self-driving-car-simulation/Data/IMG/right_2019_03_01_18_33_25_270.jpg, 0, 1, 0, 30.19032
/home/zubin/Desktop/Self-driving-car-simulation/Data/IMG/center_2019_03_01_18_33_25_388.jpg, /home/zubin/Desktop/Self-driving-car-simulation/Data/IMG/left_2019_03_01_18_33_25_388.jpg, /home/zubin/Desktop/Self-driving-car-simulation/Data/IMG/right_2019_03_01_18_33_25_388.jpg, 0, 1, 0, 30.1903
/home/zubin/Desktop/Self-driving-car-simulation/Data/IMG/center_2019_03_01_18_33_25_503.jpg, /home/zubin/Desktop/Self-driving-car-simulation/Data/IMG/left_2019_03_01_18_33_25_503.jpg, /home/zubin/Desktop/Self-driving-car-simulation/Data/IMG/right_2019_03_01_18_33_25_503.jpg, -0.1515541, 1, 0, 30.18406
/home/zubin/Desktop/Self-driving-car-simulation/Data/IMG/center_2019_03_01_18_33_25_603.jpg, /home/zubin/Desktop/Self-driving-car-simulation/Data/IMG/left_2019_03_01_18_33_25_603.jpg, /home/zubin/Desktop/Self-driving-car-simulation/Data/IMG/right_2019_03_01_18_33_25_603.jpg, -0.1230748, 1, 0, 30.19077
/home/zubin/Desktop/Self-driving-car-simulation/Data/IMG/center_2019_03_01_18_33_25_721.jpg, /home/zubin/Desktop/Self-driving-car-simulation/Data/IMG/left_2019_03_01_18_33_25_721.jpg, /home/zubin/Desktop/Self-driving-car-simulation/Data/IMG/right_2019_03_01_18_33_25_721.jpg, 0, 1, 0, 30.18975
/home/zubin/Desktop/Self-driving-car-simulation/Data/IMG/center_2019_03_01_18_33_25_834.jpg, /home/zubin/Desktop/Self-driving-car-simulation/Data/IMG/left_2019_03_01_18_33_25_834.jpg, /home/zubin/Desktop/Self-driving-car-simulation/Data/IMG/right_2019_03_01_18_33_25_834.jpg, 0, 1, 0, 30.1901
/home/zubin/Desktop/Self-driving-car-simulation/Data/IMG/center_2019_03_01_18_33_25_935.jpg, /home/zubin/Desktop/Self-driving-car-simulation/Data/IMG/left_2019_03_01_18_33_25_935.jpg, /home/zubin/Desktop/Self-driving-car-simulation/Data/IMG/right_2019_03_01_18_33_25_935.jpg, 0, 1, 0, 30.19014
/home/zubin/Desktop/Self-driving-car-simulation/Data/IMG/center_2019_03_01_18_33_26_052.jpg, /home/zubin/Desktop/Self-driving-car-simulation/Data/IMG/left_2019_03_01_18_33_26_052.jpg, /home/zubin/Desktop/Self-driving-car-simulation/Data/IMG/right_2019_03_01_18_33_26_052.jpg, 0, 1, 0, 30.19015
/home/zubin/Desktop/Self-driving-car-simulation/Data/IMG/center_2019_03_01_18_33_26_152.jpg, /home/zubin/Desktop/Self-driving-car-simulation/Data/IMG/left_2019_03_01_18_33_26_152.jpg, /home/zubin/Desktop/Self-driving-car-simulation/Data/IMG/right_2019_03_01_18_33_26_152.jpg, 0, 1, 0, 30.19013
/home/zubin/Desktop/Self-driving-car-simulation/Data/IMG/center_2019_03_01_18_33_26_268.jpg, /home/zubin/Desktop/Self-driving-car-simulation/Data/IMG/left_2019_03_01_18_33_26_268.jpg, /home/zubin/Desktop/Self-driving-car-simulation/Data/IMG/right_2019_03_01_18_33_26_268.jpg, 0, 1, 0, 30.19009
/home/zubin/Desktop/Self-driving-car-simulation/Data/IMG/center_2019_03_01_18_33_26_370.jpg, /home/zubin/Desktop/Self-driving-car-simulation/Data/IMG/left_2019_03_01_18_33_26_370.jpg, /home/zubin/Desktop/Self-driving-car-simulation/Data/IMG/right_2019_03_01_18_33_26_370.jpg, 0, 1, 0, 30.19011
/home/zubin/Desktop/Self-driving-car-simulation/Data/IMG/center_2019_03_01_18_33_26_486.jpg, /home/zubin/Desktop/Self-driving-car-simulation/Data/IMG/left_2019_03_01_18_33_26_486.jpg, /home/zubin/Desktop/Self-driving-car-simulation/Data/IMG/right_2019_03_01_18_33_26_486.jpg, -0.05569553, 1, 0, 30.18978
/home/zubin/Desktop/Self-driving-car-simulation/Data/IMG/center_2019_03_01_18_33_26_602.jpg, /home/zubin/Desktop/Self-driving-car-simulation/Data/IMG/left_2019_03_01_18_33_26_602.jpg, /home/zubin/Desktop/Self-driving-car-simulation/Data/IMG/right_2019_03_01_18_33_26_602.jpg, -0.3025446, 1, 0, 30.16924
/home/zubin/Desktop/Self-driving-car-simulation/Data/IMG/center_2019_03_01_18_33_26_704.jpg, /home/zubin/Desktop/Self-driving-car-simulation/Data/IMG/left_2019_03_01_18_33_26_704.jpg, /home/zubin/Desktop/Self-driving-car-simulation/Data/IMG/right_2019_03_01_18_33_26_704.jpg, 0, 1, 0, 30.18892
/home/zubin/Desktop/Self-driving-car-simulation/Data/IMG/center_2019_03_01_18_33_26_816.jpg, /home/zubin/Desktop/Self-driving-car-simulation/Data/IMG/left_2019_03_01_18_33_26_816.jpg, /home/zubin/Desktop/Self-driving-car-simulation/Data/IMG/right_2019_03_01_18_33_26_816.jpg, 0, 1, 0, 30.19012
/home/zubin/Desktop/Self-driving-car-simulation/Data/IMG/center_2019_03_01_18_33_26_936.jpg, /home/zubin/Desktop/Self-driving-car-simulation/Data/IMG/left_2019_03_01_18_33_26_936.jpg, /home/zubin/Desktop/Self-driving-car-simulation/Data/IMG/right_2019_03_01_18_33_26_936.jpg, 0, 1, 0, 30.19026
/home/zubin/Desktop/Self-driving-car-simulation/Data/IMG/center_2019_03_01_18_33_27_050.jpg, /home/zubin/Desktop/Self-driving-car-simulation/Data/IMG/left_2019_03_01_18_33_27_050.jpg, /home/zubin/Desktop/Self-driving-car-simulation/Data/IMG/right_2019_03_01_18_33_27_050.jpg, 0, 1, 0, 30.19024
/home/zubin/Desktop/Self-driving-car-simulation/Data/IMG/center_2019_03_01_18_33_27_166.jpg, /home/zubin/Desktop/Self-driving-car-simulation/Data/IMG/left_2019_03_01_18_33_27_166.jpg, /home/zubin/Desktop/Self-driving-car-simulation/Data/IMG/right_2019_03_01_18_33_27_166.jpg, 0, 1, 0, 30.19028
/home/zubin/Desktop/Self-driving-car-simulation/Data/IMG/center_2019_03_01_18_33_27_267.jpg, /home/zubin/Desktop/Self-driving-car-simulation/Data/IMG/left_2019_03_01_18_33_27_267.jpg, /home/zubin/Desktop/Self-driving-car-simulation/Data/IMG/right_2019_03_01_18_33_27_267.jpg, 0, 1, 0, 30.19027
/home/zubin/Desktop/Self-driving-car-simulation/Data/IMG/center_2019_03_01_18_33_27_368.jpg, /home/zubin/Desktop/Self-driving-car-simulation/Data/IMG/left_2019_03_01_18_33_27_368.jpg, /home/zubin/Desktop/Self-driving-car-simulation/Data/IMG/right_2019_03_01_18_33_27_368.jpg, -0.05723047, 1, 0, 30.1891
/home/zubin/Desktop/Self-driving-car-simulation/Data/IMG/center_2019_03_01_18_33_27_483.jpg, /home/zubin/Desktop/Self-driving-car-simulation/Data/IMG/left_2019_03_01_18_33_27_483.jpg, /home/zubin/Desktop/Self-driving-car-simulation/Data/IMG/right_2019_03_01_18_33_27_483.jpg, -0.1049252, 1, 0, 30.19108
/home/zubin/Desktop/Self-driving-car-simulation/Data/IMG/center_2019_03_01_18_33_27_600.jpg, /home/zubin/Desktop/Self-driving-car-simulation/Data/IMG/left_2019_03_01_18_33_27_600.jpg, /home/zubin/Desktop/Self-driving-car-simulation/Data/IMG/right_2019_03_01_18_33_27_600.jpg, 0, 1, 0, 30.18971
/home/zubin/Desktop/Self-driving-car-simulation/Data/IMG/center_2019_03_01_18_33_27_700.jpg, /home/zubin/Desktop/Self-driving-car-simulation/Data/IMG/left_2019_03_01_18_33_27_700.jpg, /home/zubin/Desktop/Self-driving-car-simulation/Data/IMG/right_2019_03_01_18_33_27_700.jpg, 0, 1, 0, 30.19019
/home/zubin/Desktop/Self-driving-car-simulation/Data/IMG/center_2019_03_01_18_33_27_817.jpg, /home/zubin/Desktop/Self-driving-car-simulation/Data/IMG/left_2019_03_01_18_33_27_817.jpg, /home/zubin/Desktop/Self-driving-car-simulation/Data/IMG/right_2019_03_01_18_33_27_817.jpg, -0.05577278, 1, 0, 30.18972
/home/zubin/Desktop/Self-driving-car-simulation/Data/IMG/center_2019_03_01_18_33_27_917.jpg, /home/zubin/Desktop/Self-driving-car-simulation/Data/IMG/left_2019_03_01_18_33_27_917.jpg, /home/zubin/Desktop/Self-driving-car-simulation/Data/IMG/right_2019_03_01_18_33_27_917.jpg, -0.3569491, 1, 0, 30.16127
/home/zubin/Desktop/Self-driving-car-simulation/Data/IMG/center_2019_03_01_18_33_28_033.jpg, /home/zubin/Desktop/Self-driving-car-simulation/Data/IMG/left_2019_03_01_18_33_28_033.jpg, /home/zubin/Desktop/Self-driving-car-simulation/Data/IMG/right_2019_03_01_18_33_28_033.jpg, -0.008601665, 0.8109643, 0, 30.15159
/home/zubin/Desktop/Self-driving-car-simulation/Data/IMG/center_2019_03_01_18_33_28_150.jpg, /home/zubin/Desktop/Self-driving-car-simulation/Data/IMG/left_2019_03_01_18_33_28_150.jpg, /home/zubin/Desktop/Self-driving-car-simulation/Data/IMG/right_2019_03_01_18_33_28_150.jpg, 0, 0.8452909, 0, 30.12919
/home/zubin/Desktop/Self-driving-car-simulation/Data/IMG/center_2019_03_01_18_33_28_267.jpg, /home/zubin/Desktop/Self-driving-car-simulation/Data/IMG/left_2019_03_01_18_33_28_267.jpg, /home/zubin/Desktop/Self-driving-car-simulation/Data/IMG/right_2019_03_01_18_33_28_267.jpg, -0.1016014, 1, 0, 30.18903
/home/zubin/Desktop/Self-driving-car-simulation/Data/IMG/center_2019_03_01_18_33_28_383.jpg, /home/zubin/Desktop/Self-driving-car-simulation/Data/IMG/left_2019_03_01_18_33_28_383.jpg, /home/zubin/Desktop/Self-driving-car-simulation/Data/IMG/right_2019_03_01_18_33_28_383.jpg, -0.1388791, 1, 0, 30.1897
/home/zubin/Desktop/Self-driving-car-simulation/Data/IMG/center_2019_03_01_18_33_28_484.jpg, /home/zubin/Desktop/Self-driving-car-simulation/Data/IMG/left_2019_03_01_18_33_28_484.jpg, /home/zubin/Desktop/Self-driving-car-simulation/Data/IMG/right_2019_03_01_18_33_28_484.jpg, 0, 1, 0, 30.18989
/home/zubin/Desktop/Self-driving-car-simulation/Data/IMG/center_2019_03_01_18_33_28_596.jpg, /home/zubin/Desktop/Self-driving-car-simulation/Data/IMG/left_2019_03_01_18_33_28_596.jpg, /home/zubin/Desktop/Self-driving-car-simulation/Data/IMG/right_2019_03_01_18_33_28_596.jpg, 0, 1, 0, 30.19011
/home/zubin/Desktop/Self-driving-car-simulation/Data/IMG/center_2019_03_01_18_33_28_700.jpg, /home/zubin/Desktop/Self-driving-car-simulation/Data/IMG/left_2019_03_01_18_33_28_700.jpg, /home/zubin/Desktop/Self-driving-car-simulation/Data/IMG/right_2019_03_01_18_33_28_700.jpg, 0, 0.8492112, 0, 30.16283
/home/zubin/Desktop/Self-driving-car-simulation/Data/IMG/center_2019_03_01_18_33_28_814.jpg, /home/zubin/Desktop/Self-driving-car-simulation/Data/IMG/left_2019_03_01_18_33_28_814.jpg, /home/zubin/Desktop/Self-driving-car-simulation/Data/IMG/right_2019_03_01_18_33_28_814.jpg, 0, 0.5067132, 0, 30.07422
/home/zubin/Desktop/Self-driving-car-simulation/Data/IMG/center_2019_03_01_18_33_28_915.jpg, /home/zubin/Desktop/Self-driving-car-simulation/Data/IMG/left_2019_03_01_18_33_28_915.jpg, /home/zubin/Desktop/Self-driving-car-simulation/Data/IMG/right_2019_03_01_18_33_28_915.jpg, 0, 0.2042923, 0, 29.99911
/home/zubin/Desktop/Self-driving-car-simulation/Data/IMG/center_2019_03_01_18_33_29_032.jpg, /home/zubin/Desktop/Self-driving-car-simulation/Data/IMG/left_2019_03_01_18_33_29_032.jpg, /home/zubin/Desktop/Self-driving-car-simulation/Data/IMG/right_2019_03_01_18_33_29_032.jpg, 0, 0, 0, 29.78049
/home/zubin/Desktop/Self-driving-car-simulation/Data/IMG/center_2019_03_01_18_33_29_147.jpg, /home/zubin/Desktop/Self-driving-car-simulation/Data/IMG/left_2019_03_01_18_33_29_147.jpg, /home/zubin/Desktop/Self-driving-car-simulation/Data/IMG/right_2019_03_01_18_33_29_147.jpg, 0, 0.3444865, 0, 29.65216
/home/zubin/Desktop/Self-driving-car-simulation/Data/IMG/center_2019_03_01_18_33_29_248.jpg, /home/zubin/Desktop/Self-driving-car-simulation/Data/IMG/left_2019_03_01_18_33_29_248.jpg, /home/zubin/Desktop/Self-driving-car-simulation/Data/IMG/right_2019_03_01_18_33_29_248.jpg, -0.3022864, 0.6467729, 0, 29.88542
/home/zubin/Desktop/Self-driving-car-simulation/Data/IMG/center_2019_03_01_18_33_29_364.jpg, /home/zubin/Desktop/Self-driving-car-simulation/Data/IMG/left_2019_03_01_18_33_29_364.jpg, /home/zubin/Desktop/Self-driving-car-simulation/Data/IMG/right_2019_03_01_18_33_29_364.jpg, -0.4441023, 0.9947369, 0, 30.15709
/home/zubin/Desktop/Self-driving-car-simulation/Data/IMG/center_2019_03_01_18_33_29_465.jpg, /home/zubin/Desktop/Self-driving-car-simulation/Data/IMG/left_2019_03_01_18_33_29_465.jpg, /home/zubin/Desktop/Self-driving-car-simulation/Data/IMG/right_2019_03_01_18_33_29_465.jpg, -0.1418824, 1, 0, 30.19244
/home/zubin/Desktop/Self-driving-car-simulation/Data/IMG/center_2019_03_01_18_33_29_579.jpg, /home/zubin/Desktop/Self-driving-car-simulation/Data/IMG/left_2019_03_01_18_33_29_579.jpg, /home/zubin/Desktop/Self-driving-car-simulation/Data/IMG/right_2019_03_01_18_33_29_579.jpg, 0, 1, 0, 30.18884
/home/zubin/Desktop/Self-driving-car-simulation/Data/IMG/center_2019_03_01_18_33_29_697.jpg, /home/zubin/Desktop/Self-driving-car-simulation/Data/IMG/left_2019_03_01_18_33_29_697.jpg, /home/zubin/Desktop/Self-driving-car-simulation/Data/IMG/right_2019_03_01_18_33_29_697.jpg, 0, 1, 0, 30.19031
/home/zubin/Desktop/Self-driving-car-simulation/Data/IMG/center_2019_03_01_18_33_29_812.jpg, /home/zubin/Desktop/Self-driving-car-simulation/Data/IMG/left_2019_03_01_18_33_29_812.jpg, /home/zubin/Desktop/Self-driving-car-simulation/Data/IMG/right_2019_03_01_18_33_29_812.jpg, 0, 1, 0, 30.19031
/home/zubin/Desktop/Self-driving-car-simulation/Data/IMG/center_2019_03_01_18_33_29_913.jpg, /home/zubin/Desktop/Self-driving-car-simulation/Data/IMG/left_2019_03_01_18_33_29_913.jpg, /home/zubin/Desktop/Self-driving-car-simulation/Data/IMG/right_2019_03_01_18_33_29_913.jpg, 0, 1, 0, 30.18992
/home/zubin/Desktop/Self-driving-car-simulation/Data/IMG/center_2019_03_01_18_33_30_013.jpg, /home/zubin/Desktop/Self-driving-car-simulation/Data/IMG/left_2019_03_01_18_33_30_013.jpg, /home/zubin/Desktop/Self-driving-car-simulation/Data/IMG/right_2019_03_01_18_33_30_013.jpg, 0.08722544, 1, 0, 30.18978
/home/zubin/Desktop/Self-driving-car-simulation/Data/IMG/center_2019_03_01_18_33_30_130.jpg, /home/zubin/Desktop/Self-driving-car-simulation/Data/IMG/left_2019_03_01_18_33_30_130.jpg, /home/zubin/Desktop/Self-driving-car-simulation/Data/IMG/right_2019_03_01_18_33_30_130.jpg, 0, 1, 0, 30.19015
/home/zubin/Desktop/Self-driving-car-simulation/Data/IMG/center_2019_03_01_18_33_30_248.jpg, /home/zubin/Desktop/Self-driving-car-simulation/Data/IMG/left_2019_03_01_18_33_30_248.jpg, /home/zubin/Desktop/Self-driving-car-simulation/Data/IMG/right_2019_03_01_18_33_30_248.jpg, 0, 1, 0, 30.18992
/home/zubin/Desktop/Self-driving-car-simulation/Data/IMG/center_2019_03_01_18_33_30_363.jpg, /home/zubin/Desktop/Self-driving-car-simulation/Data/IMG/left_2019_03_01_18_33_30_363.jpg, /home/zubin/Desktop/Self-driving-car-simulation/Data/IMG/right_2019_03_01_18_33_30_363.jpg, 0, 1, 0, 30.19016
/home/zubin/Desktop/Self-driving-car-simulation/Data/IMG/center_2019_03_01_18_33_30_481.jpg, /home/zubin/Desktop/Self-driving-car-simulation/Data/IMG/left_2019_03_01_18_33_30_481.jpg, /home/zubin/Desktop/Self-driving-car-simulation/Data/IMG/right_2019_03_01_18_33_30_481.jpg, 0, 1, 0, 30.19016
/home/zubin/Desktop/Self-driving-car-simulation/Data/IMG/center_2019_03_01_18_33_30_595.jpg, /home/zubin/Desktop/Self-driving-car-simulation/Data/IMG/left_2019_03_01_18_33_30_595.jpg, /home/zubin/Desktop/Self-driving-car-simulation/Data/IMG/right_2019_03_01_18_33_30_595.jpg, 0, 1, 0, 30.19044
/home/zubin/Desktop/Self-driving-car-simulation/Data/IMG/center_2019_03_01_18_33_30_697.jpg, /home/zubin/Desktop/Self-driving-car-simulation/Data/IMG/left_2019_03_01_18_33_30_697.jpg, /home/zubin/Desktop/Self-driving-car-simulation/Data/IMG/right_2019_03_01_18_33_30_697.jpg, 0, 1, 0, 30.19042
/home/zubin/Desktop/Self-driving-car-simulation/Data/IMG/center_2019_03_01_18_33_30_810.jpg, /home/zubin/Desktop/Self-driving-car-simulation/Data/IMG/left_2019_03_01_18_33_30_810.jpg, /home/zubin/Desktop/Self-driving-car-simulation/Data/IMG/right_2019_03_01_18_33_30_810.jpg, 0, 1, 0, 30.19125
/home/zubin/Desktop/Self-driving-car-simulation/Data/IMG/center_2019_03_01_18_33_30_928.jpg, /home/zubin/Desktop/Self-driving-car-simulation/Data/IMG/left_2019_03_01_18_33_30_928.jpg, /home/zubin/Desktop/Self-driving-car-simulation/Data/IMG/right_2019_03_01_18_33_30_928.jpg, -0.05286598, 1, 0, 30.18974
/home/zubin/Desktop/Self-driving-car-simulation/Data/IMG/center_2019_03_01_18_33_31_029.jpg, /home/zubin/Desktop/Self-driving-car-simulation/Data/IMG/left_2019_03_01_18_33_31_029.jpg, /home/zubin/Desktop/Self-driving-car-simulation/Data/IMG/right_2019_03_01_18_33_31_029.jpg, -0.355422, 1, 0, 30.16127
/home/zubin/Desktop/Self-driving-car-simulation/Data/IMG/center_2019_03_01_18_33_31_145.jpg, /home/zubin/Desktop/Self-driving-car-simulation/Data/IMG/left_2019_03_01_18_33_31_145.jpg, /home/zubin/Desktop/Self-driving-car-simulation/Data/IMG/right_2019_03_01_18_33_31_145.jpg, -0.007578135, 1, 0, 30.18897
/home/zubin/Desktop/Self-driving-car-simulation/Data/IMG/center_2019_03_01_18_33_31_262.jpg, /home/zubin/Desktop/Self-driving-car-simulation/Data/IMG/left_2019_03_01_18_33_31_262.jpg, /home/zubin/Desktop/Self-driving-car-simulation/Data/IMG/right_2019_03_01_18_33_31_262.jpg, 0, 1, 0, 30.18999
/home/zubin/Desktop/Self-driving-car-simulation/Data/IMG/center_2019_03_01_18_33_31_377.jpg, /home/zubin/Desktop/Self-driving-car-simulation/Data/IMG/left_2019_03_01_18_33_31_377.jpg, /home/zubin/Desktop/Self-driving-car-simulation/Data/IMG/right_2019_03_01_18_33_31_377.jpg, 0, 1, 0, 30.1902
/home/zubin/Desktop/Self-driving-car-simulation/Data/IMG/center_2019_03_01_18_33_31_495.jpg, /home/zubin/Desktop/Self-driving-car-simulation/Data/IMG/left_2019_03_01_18_33_31_495.jpg, /home/zubin/Desktop/Self-driving-car-simulation/Data/IMG/right_2019_03_01_18_33_31_495.jpg, 0, 1, 0, 30.1902
/home/zubin/Desktop/Self-driving-car-simulation/Data/IMG/center_2019_03_01_18_33_31_595.jpg, /home/zubin/Desktop/Self-driving-car-simulation/Data/IMG/left_2019_03_01_18_33_31_595.jpg, /home/zubin/Desktop/Self-driving-car-simulation/Data/IMG/right_2019_03_01_18_33_31_595.jpg, 0, 1, 0, 30.19014
/home/zubin/Desktop/Self-driving-car-simulation/Data/IMG/center_2019_03_01_18_33_31_709.jpg, /home/zubin/Desktop/Self-driving-car-simulation/Data/IMG/left_2019_03_01_18_33_31_709.jpg, /home/zubin/Desktop/Self-driving-car-simulation/Data/IMG/right_2019_03_01_18_33_31_709.jpg, 0, 1, 0, 30.18962
/home/zubin/Desktop/Self-driving-car-simulation/Data/IMG/center_2019_03_01_18_33_31_811.jpg, /home/zubin/Desktop/Self-driving-car-simulation/Data/IMG/left_2019_03_01_18_33_31_811.jpg, /home/zubin/Desktop/Self-driving-car-simulation/Data/IMG/right_2019_03_01_18_33_31_811.jpg, 0, 1, 0, 30.19046
/home/zubin/Desktop/Self-driving-car-simulation/Data/IMG/center_2019_03_01_18_33_31_928.jpg, /home/zubin/Desktop/Self-driving-car-simulation/Data/IMG/left_2019_03_01_18_33_31_928.jpg, /home/zubin/Desktop/Self-driving-car-simulation/Data/IMG/right_2019_03_01_18_33_31_928.jpg, 0, 1, 0, 30.18904
/home/zubin/Desktop/Self-driving-car-simulation/Data/IMG/center_2019_03_01_18_33_32_029.jpg, /home/zubin/Desktop/Self-driving-car-simulation/Data/IMG/left_2019_03_01_18_33_32_029.jpg, /home/zubin/Desktop/Self-driving-car-simulation/Data/IMG/right_2019_03_01_18_33_32_029.jpg, 0, 1, 0, 30.19047
/home/zubin/Desktop/Self-driving-car-simulation/Data/IMG/center_2019_03_01_18_33_32_143.jpg, /home/zubin/Desktop/Self-driving-car-simulation/Data/IMG/left_2019_03_01_18_33_32_143.jpg, /home/zubin/Desktop/Self-driving-car-simulation/Data/IMG/right_2019_03_01_18_33_32_143.jpg, 0, 1, 0, 30.19027
/home/zubin/Desktop/Self-driving-car-simulation/Data/IMG/center_2019_03_01_18_33_32_244.jpg, /home/zubin/Desktop/Self-driving-car-simulation/Data/IMG/left_2019_03_01_18_33_32_244.jpg, /home/zubin/Desktop/Self-driving-car-simulation/Data/IMG/right_2019_03_01_18_33_32_244.jpg, 0, 1, 0, 30.19028
/home/zubin/Desktop/Self-driving-car-simulation/Data/IMG/center_2019_03_01_18_33_32_359.jpg, /home/zubin/Desktop/Self-driving-car-simulation/Data/IMG/left_2019_03_01_18_33_32_359.jpg, /home/zubin/Desktop/Self-driving-car-simulation/Data/IMG/right_2019_03_01_18_33_32_359.jpg, 0, 1, 0, 30.19025
/home/zubin/Desktop/Self-driving-car-simulation/Data/IMG/center_2019_03_01_18_33_32_461.jpg, /home/zubin/Desktop/Self-driving-car-simulation/Data/IMG/left_2019_03_01_18_33_32_461.jpg, /home/zubin/Desktop/Self-driving-car-simulation/Data/IMG/right_2019_03_01_18_33_32_461.jpg, -0.2004425, 1, 0, 30.18
/home/zubin/Desktop/Self-driving-car-simulation/Data/IMG/center_2019_03_01_18_33_32_579.jpg, /home/zubin/Desktop/Self-driving-car-simulation/Data/IMG/left_2019_03_01_18_33_32_579.jpg, /home/zubin/Desktop/Self-driving-car-simulation/Data/IMG/right_2019_03_01_18_33_32_579.jpg, 0, 1, 0, 30.18991
/home/zubin/Desktop/Self-driving-car-simulation/Data/IMG/center_2019_03_01_18_33_32_690.jpg, /home/zubin/Desktop/Self-driving-car-simulation/Data/IMG/left_2019_03_01_18_33_32_690.jpg, /home/zubin/Desktop/Self-driving-car-simulation/Data/IMG/right_2019_03_01_18_33_32_690.jpg, 0, 1, 0, 30.19024
/home/zubin/Desktop/Self-driving-car-simulation/Data/IMG/center_2019_03_01_18_33_32_811.jpg, /home/zubin/Desktop/Self-driving-car-simulation/Data/IMG/left_2019_03_01_18_33_32_811.jpg, /home/zubin/Desktop/Self-driving-car-simulation/Data/IMG/right_2019_03_01_18_33_32_811.jpg, 0, 1, 0, 30.1903
/home/zubin/Desktop/Self-driving-car-simulation/Data/IMG/center_2019_03_01_18_33_32_926.jpg, /home/zubin/Desktop/Self-driving-car-simulation/Data/IMG/left_2019_03_01_18_33_32_926.jpg, /home/zubin/Desktop/Self-driving-car-simulation/Data/IMG/right_2019_03_01_18_33_32_926.jpg, 0, 1, 0, 30.19032
/home/zubin/Desktop/Self-driving-car-simulation/Data/IMG/center_2019_03_01_18_33_33_043.jpg, /home/zubin/Desktop/Self-driving-car-simulation/Data/IMG/left_2019_03_01_18_33_33_043.jpg, /home/zubin/Desktop/Self-driving-car-simulation/Data/IMG/right_2019_03_01_18_33_33_043.jpg, 0, 1, 0, 30.1903
/home/zubin/Desktop/Self-driving-car-simulation/Data/IMG/center_2019_03_01_18_33_33_157.jpg, /home/zubin/Desktop/Self-driving-car-simulation/Data/IMG/left_2019_03_01_18_33_33_157.jpg, /home/zubin/Desktop/Self-driving-car-simulation/Data/IMG/right_2019_03_01_18_33_33_157.jpg, -0.1988583, 1, 0, 30.17989
/home/zubin/Desktop/Self-driving-car-simulation/Data/IMG/center_2019_03_01_18_33_33_258.jpg, /home/zubin/Desktop/Self-driving-car-simulation/Data/IMG/left_2019_03_01_18_33_33_258.jpg, /home/zubin/Desktop/Self-driving-car-simulation/Data/IMG/right_2019_03_01_18_33_33_258.jpg, -0.1985822, 1, 0, 30.18755
/home/zubin/Desktop/Self-driving-car-simulation/Data/IMG/center_2019_03_01_18_33_33_358.jpg, /home/zubin/Desktop/Self-driving-car-simulation/Data/IMG/left_2019_03_01_18_33_33_358.jpg, /home/zubin/Desktop/Self-driving-car-simulation/Data/IMG/right_2019_03_01_18_33_33_358.jpg, 0, 1, 0, 30.18936
/home/zubin/Desktop/Self-driving-car-simulation/Data/IMG/center_2019_03_01_18_33_33_477.jpg, /home/zubin/Desktop/Self-driving-car-simulation/Data/IMG/left_2019_03_01_18_33_33_477.jpg, /home/zubin/Desktop/Self-driving-car-simulation/Data/IMG/right_2019_03_01_18_33_33_477.jpg, 0, 1, 0, 30.19021
/home/zubin/Desktop/Self-driving-car-simulation/Data/IMG/center_2019_03_01_18_33_33_589.jpg, /home/zubin/Desktop/Self-driving-car-simulation/Data/IMG/left_2019_03_01_18_33_33_589.jpg, /home/zubin/Desktop/Self-driving-car-simulation/Data/IMG/right_2019_03_01_18_33_33_589.jpg, 0, 1, 0, 30.1903
/home/zubin/Desktop/Self-driving-car-simulation/Data/IMG/center_2019_03_01_18_33_33_692.jpg, /home/zubin/Desktop/Self-driving-car-simulation/Data/IMG/left_2019_03_01_18_33_33_692.jpg, /home/zubin/Desktop/Self-driving-car-simulation/Data/IMG/right_2019_03_01_18_33_33_692.jpg, 0, 1, 0, 30.19028
/home/zubin/Desktop/Self-driving-car-simulation/Data/IMG/center_2019_03_01_18_33_33_809.jpg, /home/zubin/Desktop/Self-driving-car-simulation/Data/IMG/left_2019_03_01_18_33_33_809.jpg, /home/zubin/Desktop/Self-driving-car-simulation/Data/IMG/right_2019_03_01_18_33_33_809.jpg, 0, 1, 0, 30.19029
/home/zubin/Desktop/Self-driving-car-simulation/Data/IMG/center_2019_03_01_18_33_33_927.jpg, /home/zubin/Desktop/Self-driving-car-simulation/Data/IMG/left_2019_03_01_18_33_33_927.jpg, /home/zubin/Desktop/Self-driving-car-simulation/Data/IMG/right_2019_03_01_18_33_33_927.jpg, 0, 1, 0, 30.1903
/home/zubin/Desktop/Self-driving-car-simulation/Data/IMG/center_2019_03_01_18_33_34_040.jpg, /home/zubin/Desktop/Self-driving-car-simulation/Data/IMG/left_2019_03_01_18_33_34_040.jpg, /home/zubin/Desktop/Self-driving-car-simulation/Data/IMG/right_2019_03_01_18_33_34_040.jpg, 0, 1, 0, 30.19029
/home/zubin/Desktop/Self-driving-car-simulation/Data/IMG/center_2019_03_01_18_33_34_157.jpg, /home/zubin/Desktop/Self-driving-car-simulation/Data/IMG/left_2019_03_01_18_33_34_157.jpg, /home/zubin/Desktop/Self-driving-car-simulation/Data/IMG/right_2019_03_01_18_33_34_157.jpg, -0.09027243, 1, 0, 30.18827
/home/zubin/Desktop/Self-driving-car-simulation/Data/IMG/center_2019_03_01_18_33_34_274.jpg, /home/zubin/Desktop/Self-driving-car-simulation/Data/IMG/left_2019_03_01_18_33_34_274.jpg, /home/zubin/Desktop/Self-driving-car-simulation/Data/IMG/right_2019_03_01_18_33_34_274.jpg, -0.232554, 1, 0, 30.18395
/home/zubin/Desktop/Self-driving-car-simulation/Data/IMG/center_2019_03_01_18_33_34_391.jpg, /home/zubin/Desktop/Self-driving-car-simulation/Data/IMG/left_2019_03_01_18_33_34_391.jpg, /home/zubin/Desktop/Self-driving-car-simulation/Data/IMG/right_2019_03_01_18_33_34_391.jpg, 0, 1, 0, 30.18864
/home/zubin/Desktop/Self-driving-car-simulation/Data/IMG/center_2019_03_01_18_33_34_507.jpg, /home/zubin/Desktop/Self-driving-car-simulation/Data/IMG/left_2019_03_01_18_33_34_507.jpg, /home/zubin/Desktop/Self-driving-car-simulation/Data/IMG/right_2019_03_01_18_33_34_507.jpg, 0, 1, 0, 30.18988
/home/zubin/Desktop/Self-driving-car-simulation/Data/IMG/center_2019_03_01_18_33_34_624.jpg, /home/zubin/Desktop/Self-driving-car-simulation/Data/IMG/left_2019_03_01_18_33_34_624.jpg, /home/zubin/Desktop/Self-driving-car-simulation/Data/IMG/right_2019_03_01_18_33_34_624.jpg, 0, 1, 0, 30.19014
/home/zubin/Desktop/Self-driving-car-simulation/Data/IMG/center_2019_03_01_18_33_34_739.jpg, /home/zubin/Desktop/Self-driving-car-simulation/Data/IMG/left_2019_03_01_18_33_34_739.jpg, /home/zubin/Desktop/Self-driving-car-simulation/Data/IMG/right_2019_03_01_18_33_34_739.jpg, 0, 1, 0, 30.19004
/home/zubin/Desktop/Self-driving-car-simulation/Data/IMG/center_2019_03_01_18_33_34_840.jpg, /home/zubin/Desktop/Self-driving-car-simulation/Data/IMG/left_2019_03_01_18_33_34_840.jpg, /home/zubin/Desktop/Self-driving-car-simulation/Data/IMG/right_2019_03_01_18_33_34_840.jpg, 0, 1, 0, 30.19003
/home/zubin/Desktop/Self-driving-car-simulation/Data/IMG/center_2019_03_01_18_33_34_940.jpg, /home/zubin/Desktop/Self-driving-car-simulation/Data/IMG/left_2019_03_01_18_33_34_940.jpg, /home/zubin/Desktop/Self-driving-car-simulation/Data/IMG/right_2019_03_01_18_33_34_940.jpg, 0, 1, 0, 30.19011
/home/zubin/Desktop/Self-driving-car-simulation/Data/IMG/center_2019_03_01_18_33_35_042.jpg, /home/zubin/Desktop/Self-driving-car-simulation/Data/IMG/left_2019_03_01_18_33_35_042.jpg, /home/zubin/Desktop/Self-driving-car-simulation/Data/IMG/right_2019_03_01_18_33_35_042.jpg, 0, 1, 0, 30.19009
/home/zubin/Desktop/Self-driving-car-simulation/Data/IMG/center_2019_03_01_18_33_35_156.jpg, /home/zubin/Desktop/Self-driving-car-simulation/Data/IMG/left_2019_03_01_18_33_35_156.jpg, /home/zubin/Desktop/Self-driving-car-simulation/Data/IMG/right_2019_03_01_18_33_35_156.jpg, 0.2317736, 1, 0, 30.1769
/home/zubin/Desktop/Self-driving-car-simulation/Data/IMG/center_2019_03_01_18_33_35_257.jpg, /home/zubin/Desktop/Self-driving-car-simulation/Data/IMG/left_2019_03_01_18_33_35_257.jpg, /home/zubin/Desktop/Self-driving-car-simulation/Data/IMG/right_2019_03_01_18_33_35_257.jpg, 0.1661432, 1, 0, 30.18926
/home/zubin/Desktop/Self-driving-car-simulation/Data/IMG/center_2019_03_01_18_33_35_359.jpg, /home/zubin/Desktop/Self-driving-car-simulation/Data/IMG/left_2019_03_01_18_33_35_359.jpg, /home/zubin/Desktop/Self-driving-car-simulation/Data/IMG/right_2019_03_01_18_33_35_359.jpg, 0, 1, 0, 30.18941
/home/zubin/Desktop/Self-driving-car-simulation/Data/IMG/center_2019_03_01_18_33_35_472.jpg, /home/zubin/Desktop/Self-driving-car-simulation/Data/IMG/left_2019_03_01_18_33_35_472.jpg, /home/zubin/Desktop/Self-driving-car-simulation/Data/IMG/right_2019_03_01_18_33_35_472.jpg, 0, 1, 0, 30.1895
/home/zubin/Desktop/Self-driving-car-simulation/Data/IMG/center_2019_03_01_18_33_35_589.jpg, /home/zubin/Desktop/Self-driving-car-simulation/Data/IMG/left_2019_03_01_18_33_35_589.jpg, /home/zubin/Desktop/Self-driving-car-simulation/Data/IMG/right_2019_03_01_18_33_35_589.jpg, 0, 1, 0, 30.19057
/home/zubin/Desktop/Self-driving-car-simulation/Data/IMG/center_2019_03_01_18_33_35_689.jpg, /home/zubin/Desktop/Self-driving-car-simulation/Data/IMG/left_2019_03_01_18_33_35_689.jpg, /home/zubin/Desktop/Self-driving-car-simulation/Data/IMG/right_2019_03_01_18_33_35_689.jpg, -0.3010018, 1, 0, 30.16716
/home/zubin/Desktop/Self-driving-car-simulation/Data/IMG/center_2019_03_01_18_33_35_790.jpg, /home/zubin/Desktop/Self-driving-car-simulation/Data/IMG/left_2019_03_01_18_33_35_790.jpg, /home/zubin/Desktop/Self-driving-car-simulation/Data/IMG/right_2019_03_01_18_33_35_790.jpg, -0.1956417, 1, 0, 30.18869
/home/zubin/Desktop/Self-driving-car-simulation/Data/IMG/center_2019_03_01_18_33_35_906.jpg, /home/zubin/Desktop/Self-driving-car-simulation/Data/IMG/left_2019_03_01_18_33_35_906.jpg, /home/zubin/Desktop/Self-driving-car-simulation/Data/IMG/right_2019_03_01_18_33_35_906.jpg, 0, 1, 0, 30.18906
/home/zubin/Desktop/Self-driving-car-simulation/Data/IMG/center_2019_03_01_18_33_36_007.jpg, /home/zubin/Desktop/Self-driving-car-simulation/Data/IMG/left_2019_03_01_18_33_36_007.jpg, /home/zubin/Desktop/Self-driving-car-simulation/Data/IMG/right_2019_03_01_18_33_36_007.jpg, 0, 1, 0, 30.19007
/home/zubin/Desktop/Self-driving-car-simulation/Data/IMG/center_2019_03_01_18_33_36_107.jpg, /home/zubin/Desktop/Self-driving-car-simulation/Data/IMG/left_2019_03_01_18_33_36_107.jpg, /home/zubin/Desktop/Self-driving-car-simulation/Data/IMG/right_2019_03_01_18_33_36_107.jpg, 0, 1, 0, 30.19023
/home/zubin/Desktop/Self-driving-car-simulation/Data/IMG/center_2019_03_01_18_33_36_223.jpg, /home/zubin/Desktop/Self-driving-car-simulation/Data/IMG/left_2019_03_01_18_33_36_223.jpg, /home/zubin/Desktop/Self-driving-car-simulation/Data/IMG/right_2019_03_01_18_33_36_223.jpg, 0, 1, 0, 30.19021
/home/zubin/Desktop/Self-driving-car-simulation/Data/IMG/center_2019_03_01_18_33_36_324.jpg, /home/zubin/Desktop/Self-driving-car-simulation/Data/IMG/left_2019_03_01_18_33_36_324.jpg, /home/zubin/Desktop/Self-driving-car-simulation/Data/IMG/right_2019_03_01_18_33_36_324.jpg, 0, 1, 0, 30.1902
/home/zubin/Desktop/Self-driving-car-simulation/Data/IMG/center_2019_03_01_18_33_36_439.jpg, /home/zubin/Desktop/Self-driving-car-simulation/Data/IMG/left_2019_03_01_18_33_36_439.jpg, /home/zubin/Desktop/Self-driving-car-simulation/Data/IMG/right_2019_03_01_18_33_36_439.jpg, 0, 1, 0, 30.19019
/home/zubin/Desktop/Self-driving-car-simulation/Data/IMG/center_2019_03_01_18_33_36_541.jpg, /home/zubin/Desktop/Self-driving-car-simulation/Data/IMG/left_2019_03_01_18_33_36_541.jpg, /home/zubin/Desktop/Self-driving-car-simulation/Data/IMG/right_2019_03_01_18_33_36_541.jpg, 0, 1, 0, 30.19018
/home/zubin/Desktop/Self-driving-car-simulation/Data/IMG/center_2019_03_01_18_33_36_655.jpg, /home/zubin/Desktop/Self-driving-car-simulation/Data/IMG/left_2019_03_01_18_33_36_655.jpg, /home/zubin/Desktop/Self-driving-car-simulation/Data/IMG/right_2019_03_01_18_33_36_655.jpg, 0, 1, 0, 30.19016
/home/zubin/Desktop/Self-driving-car-simulation/Data/IMG/center_2019_03_01_18_33_36_775.jpg, /home/zubin/Desktop/Self-driving-car-simulation/Data/IMG/left_2019_03_01_18_33_36_775.jpg, /home/zubin/Desktop/Self-driving-car-simulation/Data/IMG/right_2019_03_01_18_33_36_775.jpg, 0, 1, 0, 30.18976
/home/zubin/Desktop/Self-driving-car-simulation/Data/IMG/center_2019_03_01_18_33_36_890.jpg, /home/zubin/Desktop/Self-driving-car-simulation/Data/IMG/left_2019_03_01_18_33_36_890.jpg, /home/zubin/Desktop/Self-driving-car-simulation/Data/IMG/right_2019_03_01_18_33_36_890.jpg, 0, 1, 0, 30.19038
/home/zubin/Desktop/Self-driving-car-simulation/Data/IMG/center_2019_03_01_18_33_37_003.jpg, /home/zubin/Desktop/Self-driving-car-simulation/Data/IMG/left_2019_03_01_18_33_37_003.jpg, /home/zubin/Desktop/Self-driving-car-simulation/Data/IMG/right_2019_03_01_18_33_37_003.jpg, 0, 1, 0, 30.18936
/home/zubin/Desktop/Self-driving-car-simulation/Data/IMG/center_2019_03_01_18_33_37_104.jpg, /home/zubin/Desktop/Self-driving-car-simulation/Data/IMG/left_2019_03_01_18_33_37_104.jpg, /home/zubin/Desktop/Self-driving-car-simulation/Data/IMG/right_2019_03_01_18_33_37_104.jpg, 0, 1, 0, 30.19045
/home/zubin/Desktop/Self-driving-car-simulation/Data/IMG/center_2019_03_01_18_33_37_204.jpg, /home/zubin/Desktop/Self-driving-car-simulation/Data/IMG/left_2019_03_01_18_33_37_204.jpg, /home/zubin/Desktop/Self-driving-car-simulation/Data/IMG/right_2019_03_01_18_33_37_204.jpg, 0, 1, 0, 30.19037
/home/zubin/Desktop/Self-driving-car-simulation/Data/IMG/center_2019_03_01_18_33_37_305.jpg, /home/zubin/Desktop/Self-driving-car-simulation/Data/IMG/left_2019_03_01_18_33_37_305.jpg, /home/zubin/Desktop/Self-driving-car-simulation/Data/IMG/right_2019_03_01_18_33_37_305.jpg, 0, 1, 0, 30.1904
/home/zubin/Desktop/Self-driving-car-simulation/Data/IMG/center_2019_03_01_18_33_37_422.jpg, /home/zubin/Desktop/Self-driving-car-simulation/Data/IMG/left_2019_03_01_18_33_37_422.jpg, /home/zubin/Desktop/Self-driving-car-simulation/Data/IMG/right_2019_03_01_18_33_37_422.jpg, 0, 1, 0, 30.1904
/home/zubin/Desktop/Self-driving-car-simulation/Data/IMG/center_2019_03_01_18_33_37_541.jpg, /home/zubin/Desktop/Self-driving-car-simulation/Data/IMG/left_2019_03_01_18_33_37_541.jpg, /home/zubin/Desktop/Self-driving-car-simulation/Data/IMG/right_2019_03_01_18_33_37_541.jpg, 0, 1, 0, 30.19036
/home/zubin/Desktop/Self-driving-car-simulation/Data/IMG/center_2019_03_01_18_33_37_655.jpg, /home/zubin/Desktop/Self-driving-car-simulation/Data/IMG/left_2019_03_01_18_33_37_655.jpg, /home/zubin/Desktop/Self-driving-car-simulation/Data/IMG/right_2019_03_01_18_33_37_655.jpg, 0, 1, 0, 30.19038
/home/zubin/Desktop/Self-driving-car-simulation/Data/IMG/center_2019_03_01_18_33_37_770.jpg, /home/zubin/Desktop/Self-driving-car-simulation/Data/IMG/left_2019_03_01_18_33_37_770.jpg, /home/zubin/Desktop/Self-driving-car-simulation/Data/IMG/right_2019_03_01_18_33_37_770.jpg, 0, 1, 0, 30.19039
/home/zubin/Desktop/Self-driving-car-simulation/Data/IMG/center_2019_03_01_18_33_37_888.jpg, /home/zubin/Desktop/Self-driving-car-simulation/Data/IMG/left_2019_03_01_18_33_37_888.jpg, /home/zubin/Desktop/Self-driving-car-simulation/Data/IMG/right_2019_03_01_18_33_37_888.jpg, 0, 1, 0, 30.19037
/home/zubin/Desktop/Self-driving-car-simulation/Data/IMG/center_2019_03_01_18_33_38_004.jpg, /home/zubin/Desktop/Self-driving-car-simulation/Data/IMG/left_2019_03_01_18_33_38_004.jpg, /home/zubin/Desktop/Self-driving-car-simulation/Data/IMG/right_2019_03_01_18_33_38_004.jpg, 0, 1, 0, 30.19035
/home/zubin/Desktop/Self-driving-car-simulation/Data/IMG/center_2019_03_01_18_33_38_123.jpg, /home/zubin/Desktop/Self-driving-car-simulation/Data/IMG/left_2019_03_01_18_33_38_123.jpg, /home/zubin/Desktop/Self-driving-car-simulation/Data/IMG/right_2019_03_01_18_33_38_123.jpg, 0, 1, 0, 30.19036
/home/zubin/Desktop/Self-driving-car-simulation/Data/IMG/center_2019_03_01_18_33_38_237.jpg, /home/zubin/Desktop/Self-driving-car-simulation/Data/IMG/left_2019_03_01_18_33_38_237.jpg, /home/zubin/Desktop/Self-driving-car-simulation/Data/IMG/right_2019_03_01_18_33_38_237.jpg, 0, 1, 0, 30.19032
/home/zubin/Desktop/Self-driving-car-simulation/Data/IMG/center_2019_03_01_18_33_38_338.jpg, /home/zubin/Desktop/Self-driving-car-simulation/Data/IMG/left_2019_03_01_18_33_38_338.jpg, /home/zubin/Desktop/Self-driving-car-simulation/Data/IMG/right_2019_03_01_18_33_38_338.jpg, 0, 1, 0, 30.19025
/home/zubin/Desktop/Self-driving-car-simulation/Data/IMG/center_2019_03_01_18_33_38_454.jpg, /home/zubin/Desktop/Self-driving-car-simulation/Data/IMG/left_2019_03_01_18_33_38_454.jpg, /home/zubin/Desktop/Self-driving-car-simulation/Data/IMG/right_2019_03_01_18_33_38_454.jpg, 0, 1, 0, 30.19029
/home/zubin/Desktop/Self-driving-car-simulation/Data/IMG/center_2019_03_01_18_33_38_554.jpg, /home/zubin/Desktop/Self-driving-car-simulation/Data/IMG/left_2019_03_01_18_33_38_554.jpg, /home/zubin/Desktop/Self-driving-car-simulation/Data/IMG/right_2019_03_01_18_33_38_554.jpg, 0, 1, 0, 30.1903
/home/zubin/Desktop/Self-driving-car-simulation/Data/IMG/center_2019_03_01_18_33_38_671.jpg, /home/zubin/Desktop/Self-driving-car-simulation/Data/IMG/left_2019_03_01_18_33_38_671.jpg, /home/zubin/Desktop/Self-driving-car-simulation/Data/IMG/right_2019_03_01_18_33_38_671.jpg, 0, 1, 0, 30.19031
/home/zubin/Desktop/Self-driving-car-simulation/Data/IMG/center_2019_03_01_18_33_38_771.jpg, /home/zubin/Desktop/Self-driving-car-simulation/Data/IMG/left_2019_03_01_18_33_38_771.jpg, /home/zubin/Desktop/Self-driving-car-simulation/Data/IMG/right_2019_03_01_18_33_38_771.jpg, -0.3007715, 1, 0, 30.16838
/home/zubin/Desktop/Self-driving-car-simulation/Data/IMG/center_2019_03_01_18_33_38_887.jpg, /home/zubin/Desktop/Self-driving-car-simulation/Data/IMG/left_2019_03_01_18_33_38_887.jpg, /home/zubin/Desktop/Self-driving-car-simulation/Data/IMG/right_2019_03_01_18_33_38_887.jpg, 0, 1, 0, 30.18884
/home/zubin/Desktop/Self-driving-car-simulation/Data/IMG/center_2019_03_01_18_33_38_987.jpg, /home/zubin/Desktop/Self-driving-car-simulation/Data/IMG/left_2019_03_01_18_33_38_987.jpg, /home/zubin/Desktop/Self-driving-car-simulation/Data/IMG/right_2019_03_01_18_33_38_987.jpg, 0, 1, 0, 30.1901
/home/zubin/Desktop/Self-driving-car-simulation/Data/IMG/center_2019_03_01_18_33_39_088.jpg, /home/zubin/Desktop/Self-driving-car-simulation/Data/IMG/left_2019_03_01_18_33_39_088.jpg, /home/zubin/Desktop/Self-driving-car-simulation/Data/IMG/right_2019_03_01_18_33_39_088.jpg, 0, 1, 0, 30.19028
/home/zubin/Desktop/Self-driving-car-simulation/Data/IMG/center_2019_03_01_18_33_39_203.jpg, /home/zubin/Desktop/Self-driving-car-simulation/Data/IMG/left_2019_03_01_18_33_39_203.jpg, /home/zubin/Desktop/Self-driving-car-simulation/Data/IMG/right_2019_03_01_18_33_39_203.jpg, -0.09491658, 1, 0, 30.18831
/home/zubin/Desktop/Self-driving-car-simulation/Data/IMG/center_2019_03_01_18_33_39_320.jpg, /home/zubin/Desktop/Self-driving-car-simulation/Data/IMG/left_2019_03_01_18_33_39_320.jpg, /home/zubin/Desktop/Self-driving-car-simulation/Data/IMG/right_2019_03_01_18_33_39_320.jpg, -0.1331906, 1, 0, 30.18912
/home/zubin/Desktop/Self-driving-car-simulation/Data/IMG/center_2019_03_01_18_33_39_436.jpg, /home/zubin/Desktop/Self-driving-car-simulation/Data/IMG/left_2019_03_01_18_33_39_436.jpg, /home/zubin/Desktop/Self-driving-car-simulation/Data/IMG/right_2019_03_01_18_33_39_436.jpg, 0, 1, 0, 30.18996
/home/zubin/Desktop/Self-driving-car-simulation/Data/IMG/center_2019_03_01_18_33_39_538.jpg, /home/zubin/Desktop/Self-driving-car-simulation/Data/IMG/left_2019_03_01_18_33_39_538.jpg, /home/zubin/Desktop/Self-driving-car-simulation/Data/IMG/right_2019_03_01_18_33_39_538.jpg, 0, 1, 0, 30.1903
/home/zubin/Desktop/Self-driving-car-simulation/Data/IMG/center_2019_03_01_18_33_39_652.jpg, /home/zubin/Desktop/Self-driving-car-simulation/Data/IMG/left_2019_03_01_18_33_39_652.jpg, /home/zubin/Desktop/Self-driving-car-simulation/Data/IMG/right_2019_03_01_18_33_39_652.jpg, 0, 1, 0, 30.19029
/home/zubin/Desktop/Self-driving-car-simulation/Data/IMG/center_2019_03_01_18_33_39_752.jpg, /home/zubin/Desktop/Self-driving-car-simulation/Data/IMG/left_2019_03_01_18_33_39_752.jpg, /home/zubin/Desktop/Self-driving-car-simulation/Data/IMG/right_2019_03_01_18_33_39_752.jpg, 0, 1, 0, 30.1903
/home/zubin/Desktop/Self-driving-car-simulation/Data/IMG/center_2019_03_01_18_33_39_853.jpg, /home/zubin/Desktop/Self-driving-car-simulation/Data/IMG/left_2019_03_01_18_33_39_853.jpg, /home/zubin/Desktop/Self-driving-car-simulation/Data/IMG/right_2019_03_01_18_33_39_853.jpg, 0, 1, 0, 30.1903
/home/zubin/Desktop/Self-driving-car-simulation/Data/IMG/center_2019_03_01_18_33_39_954.jpg, /home/zubin/Desktop/Self-driving-car-simulation/Data/IMG/left_2019_03_01_18_33_39_954.jpg, /home/zubin/Desktop/Self-driving-car-simulation/Data/IMG/right_2019_03_01_18_33_39_954.jpg, 0, 1, 0, 30.19031
/home/zubin/Desktop/Self-driving-car-simulation/Data/IMG/center_2019_03_01_18_33_40_070.jpg, /home/zubin/Desktop/Self-driving-car-simulation/Data/IMG/left_2019_03_01_18_33_40_070.jpg, /home/zubin/Desktop/Self-driving-car-simulation/Data/IMG/right_2019_03_01_18_33_40_070.jpg, 0, 1, 0, 30.19029
/home/zubin/Desktop/Self-driving-car-simulation/Data/IMG/center_2019_03_01_18_33_40_187.jpg, /home/zubin/Desktop/Self-driving-car-simulation/Data/IMG/left_2019_03_01_18_33_40_187.jpg, /home/zubin/Desktop/Self-driving-car-simulation/Data/IMG/right_2019_03_01_18_33_40_187.jpg, 0.2092917, 1, 0, 30.17751
/home/zubin/Desktop/Self-driving-car-simulation/Data/IMG/center_2019_03_01_18_33_40_302.jpg, /home/zubin/Desktop/Self-driving-car-simulation/Data/IMG/left_2019_03_01_18_33_40_302.jpg, /home/zubin/Desktop/Self-driving-car-simulation/Data/IMG/right_2019_03_01_18_33_40_302.jpg, 0.08280301, 1, 0, 30.19084
/home/zubin/Desktop/Self-driving-car-simulation/Data/IMG/center_2019_03_01_18_33_40_419.jpg, /home/zubin/Desktop/Self-driving-car-simulation/Data/IMG/left_2019_03_01_18_33_40_419.jpg, /home/zubin/Desktop/Self-driving-car-simulation/Data/IMG/right_2019_03_01_18_33_40_419.jpg, 0, 1, 0, 30.18994
/home/zubin/Desktop/Self-driving-car-simulation/Data/IMG/center_2019_03_01_18_33_40_536.jpg, /home/zubin/Desktop/Self-driving-car-simulation/Data/IMG/left_2019_03_01_18_33_40_536.jpg, /home/zubin/Desktop/Self-driving-car-simulation/Data/IMG/right_2019_03_01_18_33_40_536.jpg, 0, 1, 0, 30.19029
/home/zubin/Desktop/Self-driving-car-simulation/Data/IMG/center_2019_03_01_18_33_40_636.jpg, /home/zubin/Desktop/Self-driving-car-simulation/Data/IMG/left_2019_03_01_18_33_40_636.jpg, /home/zubin/Desktop/Self-driving-car-simulation/Data/IMG/right_2019_03_01_18_33_40_636.jpg, 0, 1, 0, 30.19029
/home/zubin/Desktop/Self-driving-car-simulation/Data/IMG/center_2019_03_01_18_33_40_752.jpg, /home/zubin/Desktop/Self-driving-car-simulation/Data/IMG/left_2019_03_01_18_33_40_752.jpg, /home/zubin/Desktop/Self-driving-car-simulation/Data/IMG/right_2019_03_01_18_33_40_752.jpg, 0, 1, 0, 30.19029
/home/zubin/Desktop/Self-driving-car-simulation/Data/IMG/center_2019_03_01_18_33_40_852.jpg, /home/zubin/Desktop/Self-driving-car-simulation/Data/IMG/left_2019_03_01_18_33_40_852.jpg, /home/zubin/Desktop/Self-driving-car-simulation/Data/IMG/right_2019_03_01_18_33_40_852.jpg, 0, 1, 0, 30.19031
/home/zubin/Desktop/Self-driving-car-simulation/Data/IMG/center_2019_03_01_18_33_40_970.jpg, /home/zubin/Desktop/Self-driving-car-simulation/Data/IMG/left_2019_03_01_18_33_40_970.jpg, /home/zubin/Desktop/Self-driving-car-simulation/Data/IMG/right_2019_03_01_18_33_40_970.jpg, -0.05726123, 1, 0, 30.18958
/home/zubin/Desktop/Self-driving-car-simulation/Data/IMG/center_2019_03_01_18_33_41_071.jpg, /home/zubin/Desktop/Self-driving-car-simulation/Data/IMG/left_2019_03_01_18_33_41_071.jpg, /home/zubin/Desktop/Self-driving-car-simulation/Data/IMG/right_2019_03_01_18_33_41_071.jpg, -0.2472625, 1, 0, 30.17676
/home/zubin/Desktop/Self-driving-car-simulation/Data/IMG/center_2019_03_01_18_33_41_186.jpg, /home/zubin/Desktop/Self-driving-car-simulation/Data/IMG/left_2019_03_01_18_33_41_186.jpg, /home/zubin/Desktop/Self-driving-car-simulation/Data/IMG/right_2019_03_01_18_33_41_186.jpg, 0, 1, 0, 30.18888
/home/zubin/Desktop/Self-driving-car-simulation/Data/IMG/center_2019_03_01_18_33_41_301.jpg, /home/zubin/Desktop/Self-driving-car-simulation/Data/IMG/left_2019_03_01_18_33_41_301.jpg, /home/zubin/Desktop/Self-driving-car-simulation/Data/IMG/right_2019_03_01_18_33_41_301.jpg, 0, 1, 0, 30.19019
/home/zubin/Desktop/Self-driving-car-simulation/Data/IMG/center_2019_03_01_18_33_41_418.jpg, /home/zubin/Desktop/Self-driving-car-simulation/Data/IMG/left_2019_03_01_18_33_41_418.jpg, /home/zubin/Desktop/Self-driving-car-simulation/Data/IMG/right_2019_03_01_18_33_41_418.jpg, 0, 1, 0, 30.19027
/home/zubin/Desktop/Self-driving-car-simulation/Data/IMG/center_2019_03_01_18_33_41_520.jpg, /home/zubin/Desktop/Self-driving-car-simulation/Data/IMG/left_2019_03_01_18_33_41_520.jpg, /home/zubin/Desktop/Self-driving-car-simulation/Data/IMG/right_2019_03_01_18_33_41_520.jpg, 0, 1, 0, 30.19032
/home/zubin/Desktop/Self-driving-car-simulation/Data/IMG/center_2019_03_01_18_33_41_636.jpg, /home/zubin/Desktop/Self-driving-car-simulation/Data/IMG/left_2019_03_01_18_33_41_636.jpg, /home/zubin/Desktop/Self-driving-car-simulation/Data/IMG/right_2019_03_01_18_33_41_636.jpg, -0.207741, 1, 0, 30.1791
/home/zubin/Desktop/Self-driving-car-simulation/Data/IMG/center_2019_03_01_18_33_41_751.jpg, /home/zubin/Desktop/Self-driving-car-simulation/Data/IMG/left_2019_03_01_18_33_41_751.jpg, /home/zubin/Desktop/Self-driving-car-simulation/Data/IMG/right_2019_03_01_18_33_41_751.jpg, 0, 1, 0, 30.18992
/home/zubin/Desktop/Self-driving-car-simulation/Data/IMG/center_2019_03_01_18_33_41_869.jpg, /home/zubin/Desktop/Self-driving-car-simulation/Data/IMG/left_2019_03_01_18_33_41_869.jpg, /home/zubin/Desktop/Self-driving-car-simulation/Data/IMG/right_2019_03_01_18_33_41_869.jpg, 0, 1, 0, 30.19025
/home/zubin/Desktop/Self-driving-car-simulation/Data/IMG/center_2019_03_01_18_33_41_983.jpg, /home/zubin/Desktop/Self-driving-car-simulation/Data/IMG/left_2019_03_01_18_33_41_983.jpg, /home/zubin/Desktop/Self-driving-car-simulation/Data/IMG/right_2019_03_01_18_33_41_983.jpg, 0, 1, 0, 30.19031
/home/zubin/Desktop/Self-driving-car-simulation/Data/IMG/center_2019_03_01_18_33_42_084.jpg, /home/zubin/Desktop/Self-driving-car-simulation/Data/IMG/left_2019_03_01_18_33_42_084.jpg, /home/zubin/Desktop/Self-driving-car-simulation/Data/IMG/right_2019_03_01_18_33_42_084.jpg, 0, 1, 0, 30.19029
/home/zubin/Desktop/Self-driving-car-simulation/Data/IMG/center_2019_03_01_18_33_42_188.jpg, /home/zubin/Desktop/Self-driving-car-simulation/Data/IMG/left_2019_03_01_18_33_42_188.jpg, /home/zubin/Desktop/Self-driving-car-simulation/Data/IMG/right_2019_03_01_18_33_42_188.jpg, -0.06083393, 1, 0, 30.18945
/home/zubin/Desktop/Self-driving-car-simulation/Data/IMG/center_2019_03_01_18_33_42_301.jpg, /home/zubin/Desktop/Self-driving-car-simulation/Data/IMG/left_2019_03_01_18_33_42_301.jpg, /home/zubin/Desktop/Self-driving-car-simulation/Data/IMG/right_2019_03_01_18_33_42_301.jpg, -0.09516335, 1, 0, 30.18985
/home/zubin/Desktop/Self-driving-car-simulation/Data/IMG/center_2019_03_01_18_33_42_401.jpg, /home/zubin/Desktop/Self-driving-car-simulation/Data/IMG/left_2019_03_01_18_33_42_401.jpg, /home/zubin/Desktop/Self-driving-car-simulation/Data/IMG/right_2019_03_01_18_33_42_401.jpg, 0, 1, 0, 30.19008
/home/zubin/Desktop/Self-driving-car-simulation/Data/IMG/center_2019_03_01_18_33_42_519.jpg, /home/zubin/Desktop/Self-driving-car-simulation/Data/IMG/left_2019_03_01_18_33_42_519.jpg, /home/zubin/Desktop/Self-driving-car-simulation/Data/IMG/right_2019_03_01_18_33_42_519.jpg, 0, 1, 0, 30.19027
/home/zubin/Desktop/Self-driving-car-simulation/Data/IMG/center_2019_03_01_18_33_42_633.jpg, /home/zubin/Desktop/Self-driving-car-simulation/Data/IMG/left_2019_03_01_18_33_42_633.jpg, /home/zubin/Desktop/Self-driving-car-simulation/Data/IMG/right_2019_03_01_18_33_42_633.jpg, 0, 1, 0, 30.19028
/home/zubin/Desktop/Self-driving-car-simulation/Data/IMG/center_2019_03_01_18_33_42_735.jpg, /home/zubin/Desktop/Self-driving-car-simulation/Data/IMG/left_2019_03_01_18_33_42_735.jpg, /home/zubin/Desktop/Self-driving-car-simulation/Data/IMG/right_2019_03_01_18_33_42_735.jpg, 0, 1, 0, 30.19032
/home/zubin/Desktop/Self-driving-car-simulation/Data/IMG/center_2019_03_01_18_33_42_852.jpg, /home/zubin/Desktop/Self-driving-car-simulation/Data/IMG/left_2019_03_01_18_33_42_852.jpg, /home/zubin/Desktop/Self-driving-car-simulation/Data/IMG/right_2019_03_01_18_33_42_852.jpg, 0, 1, 0, 30.19031
/home/zubin/Desktop/Self-driving-car-simulation/Data/IMG/center_2019_03_01_18_33_42_965.jpg, /home/zubin/Desktop/Self-driving-car-simulation/Data/IMG/left_2019_03_01_18_33_42_965.jpg, /home/zubin/Desktop/Self-driving-car-simulation/Data/IMG/right_2019_03_01_18_33_42_965.jpg, 0, 1, 0, 30.19029
/home/zubin/Desktop/Self-driving-car-simulation/Data/IMG/center_2019_03_01_18_33_43_067.jpg, /home/zubin/Desktop/Self-driving-car-simulation/Data/IMG/left_2019_03_01_18_33_43_067.jpg, /home/zubin/Desktop/Self-driving-car-simulation/Data/IMG/right_2019_03_01_18_33_43_067.jpg, 0, 1, 0, 30.19029
/home/zubin/Desktop/Self-driving-car-simulation/Data/IMG/center_2019_03_01_18_33_43_168.jpg, /home/zubin/Desktop/Self-driving-car-simulation/Data/IMG/left_2019_03_01_18_33_43_168.jpg, /home/zubin/Desktop/Self-driving-car-simulation/Data/IMG/right_2019_03_01_18_33_43_168.jpg, 0, 1, 0, 30.19029
/home/zubin/Desktop/Self-driving-car-simulation/Data/IMG/center_2019_03_01_18_33_43_284.jpg, /home/zubin/Desktop/Self-driving-car-simulation/Data/IMG/left_2019_03_01_18_33_43_284.jpg, /home/zubin/Desktop/Self-driving-car-simulation/Data/IMG/right_2019_03_01_18_33_43_284.jpg, 0, 1, 0, 30.1903
/home/zubin/Desktop/Self-driving-car-simulation/Data/IMG/center_2019_03_01_18_33_43_402.jpg, /home/zubin/Desktop/Self-driving-car-simulation/Data/IMG/left_2019_03_01_18_33_43_402.jpg, /home/zubin/Desktop/Self-driving-car-simulation/Data/IMG/right_2019_03_01_18_33_43_402.jpg, 0, 1, 0, 30.1903
/home/zubin/Desktop/Self-driving-car-simulation/Data/IMG/center_2019_03_01_18_33_43_516.jpg, /home/zubin/Desktop/Self-driving-car-simulation/Data/IMG/left_2019_03_01_18_33_43_516.jpg, /home/zubin/Desktop/Self-driving-car-simulation/Data/IMG/right_2019_03_01_18_33_43_516.jpg, 0, 1, 0, 30.19031
/home/zubin/Desktop/Self-driving-car-simulation/Data/IMG/center_2019_03_01_18_33_43_634.jpg, /home/zubin/Desktop/Self-driving-car-simulation/Data/IMG/left_2019_03_01_18_33_43_634.jpg, /home/zubin/Desktop/Self-driving-car-simulation/Data/IMG/right_2019_03_01_18_33_43_634.jpg, 0, 1, 0, 30.1903
/home/zubin/Desktop/Self-driving-car-simulation/Data/IMG/center_2019_03_01_18_33_43_750.jpg, /home/zubin/Desktop/Self-driving-car-simulation/Data/IMG/left_2019_03_01_18_33_43_750.jpg, /home/zubin/Desktop/Self-driving-car-simulation/Data/IMG/right_2019_03_01_18_33_43_750.jpg, 0, 1, 0, 30.19018
/home/zubin/Desktop/Self-driving-car-simulation/Data/IMG/center_2019_03_01_18_33_43_869.jpg, /home/zubin/Desktop/Self-driving-car-simulation/Data/IMG/left_2019_03_01_18_33_43_869.jpg, /home/zubin/Desktop/Self-driving-car-simulation/Data/IMG/right_2019_03_01_18_33_43_869.jpg, 0, 1, 0, 30.19028
/home/zubin/Desktop/Self-driving-car-simulation/Data/IMG/center_2019_03_01_18_33_43_984.jpg, /home/zubin/Desktop/Self-driving-car-simulation/Data/IMG/left_2019_03_01_18_33_43_984.jpg, /home/zubin/Desktop/Self-driving-car-simulation/Data/IMG/right_2019_03_01_18_33_43_984.jpg, 0, 1, 0, 30.19046
/home/zubin/Desktop/Self-driving-car-simulation/Data/IMG/center_2019_03_01_18_33_44_100.jpg, /home/zubin/Desktop/Self-driving-car-simulation/Data/IMG/left_2019_03_01_18_33_44_100.jpg, /home/zubin/Desktop/Self-driving-car-simulation/Data/IMG/right_2019_03_01_18_33_44_100.jpg, 0, 1, 0, 30.19031
/home/zubin/Desktop/Self-driving-car-simulation/Data/IMG/center_2019_03_01_18_33_44_217.jpg, /home/zubin/Desktop/Self-driving-car-simulation/Data/IMG/left_2019_03_01_18_33_44_217.jpg, /home/zubin/Desktop/Self-driving-car-simulation/Data/IMG/right_2019_03_01_18_33_44_217.jpg, 0, 1, 0, 30.19031
/home/zubin/Desktop/Self-driving-car-simulation/Data/IMG/center_2019_03_01_18_33_44_332.jpg, /home/zubin/Desktop/Self-driving-car-simulation/Data/IMG/left_2019_03_01_18_33_44_332.jpg, /home/zubin/Desktop/Self-driving-car-simulation/Data/IMG/right_2019_03_01_18_33_44_332.jpg, 0, 1, 0, 30.19028
/home/zubin/Desktop/Self-driving-car-simulation/Data/IMG/center_2019_03_01_18_33_44_432.jpg, /home/zubin/Desktop/Self-driving-car-simulation/Data/IMG/left_2019_03_01_18_33_44_432.jpg, /home/zubin/Desktop/Self-driving-car-simulation/Data/IMG/right_2019_03_01_18_33_44_432.jpg, 0, 1, 0, 30.1903
/home/zubin/Desktop/Self-driving-car-simulation/Data/IMG/center_2019_03_01_18_33_44_551.jpg, /home/zubin/Desktop/Self-driving-car-simulation/Data/IMG/left_2019_03_01_18_33_44_551.jpg, /home/zubin/Desktop/Self-driving-car-simulation/Data/IMG/right_2019_03_01_18_33_44_551.jpg, -0.1521692, 1, 0, 30.18417
/home/zubin/Desktop/Self-driving-car-simulation/Data/IMG/center_2019_03_01_18_33_44_667.jpg, /home/zubin/Desktop/Self-driving-car-simulation/Data/IMG/left_2019_03_01_18_33_44_667.jpg, /home/zubin/Desktop/Self-driving-car-simulation/Data/IMG/right_2019_03_01_18_33_44_667.jpg, -0.1074307, 1, 0, 30.19002
/home/zubin/Desktop/Self-driving-car-simulation/Data/IMG/center_2019_03_01_18_33_44_767.jpg, /home/zubin/Desktop/Self-driving-car-simulation/Data/IMG/left_2019_03_01_18_33_44_767.jpg, /home/zubin/Desktop/Self-driving-car-simulation/Data/IMG/right_2019_03_01_18_33_44_767.jpg, 0, 1, 0, 30.1898
/home/zubin/Desktop/Self-driving-car-simulation/Data/IMG/center_2019_03_01_18_33_44_884.jpg, /home/zubin/Desktop/Self-driving-car-simulation/Data/IMG/left_2019_03_01_18_33_44_884.jpg, /home/zubin/Desktop/Self-driving-car-simulation/Data/IMG/right_2019_03_01_18_33_44_884.jpg, 0, 1, 0, 30.19028
/home/zubin/Desktop/Self-driving-car-simulation/Data/IMG/center_2019_03_01_18_33_45_002.jpg, /home/zubin/Desktop/Self-driving-car-simulation/Data/IMG/left_2019_03_01_18_33_45_002.jpg, /home/zubin/Desktop/Self-driving-car-simulation/Data/IMG/right_2019_03_01_18_33_45_002.jpg, 0, 1, 0, 30.19029
/home/zubin/Desktop/Self-driving-car-simulation/Data/IMG/center_2019_03_01_18_33_45_119.jpg, /home/zubin/Desktop/Self-driving-car-simulation/Data/IMG/left_2019_03_01_18_33_45_119.jpg, /home/zubin/Desktop/Self-driving-car-simulation/Data/IMG/right_2019_03_01_18_33_45_119.jpg, 0, 1, 0, 30.1903
/home/zubin/Desktop/Self-driving-car-simulation/Data/IMG/center_2019_03_01_18_33_45_219.jpg, /home/zubin/Desktop/Self-driving-car-simulation/Data/IMG/left_2019_03_01_18_33_45_219.jpg, /home/zubin/Desktop/Self-driving-car-simulation/Data/IMG/right_2019_03_01_18_33_45_219.jpg, 0, 1, 0, 30.19028
/home/zubin/Desktop/Self-driving-car-simulation/Data/IMG/center_2019_03_01_18_33_45_334.jpg, /home/zubin/Desktop/Self-driving-car-simulation/Data/IMG/left_2019_03_01_18_33_45_334.jpg, /home/zubin/Desktop/Self-driving-car-simulation/Data/IMG/right_2019_03_01_18_33_45_334.jpg, -0.05337882, 1, 0, 30.18964
/home/zubin/Desktop/Self-driving-car-simulation/Data/IMG/center_2019_03_01_18_33_45_438.jpg, /home/zubin/Desktop/Self-driving-car-simulation/Data/IMG/left_2019_03_01_18_33_45_438.jpg, /home/zubin/Desktop/Self-driving-car-simulation/Data/IMG/right_2019_03_01_18_33_45_438.jpg, -0.3642004, 1, 0, 30.16038
/home/zubin/Desktop/Self-driving-car-simulation/Data/IMG/center_2019_03_01_18_33_45_551.jpg, /home/zubin/Desktop/Self-driving-car-simulation/Data/IMG/left_2019_03_01_18_33_45_551.jpg, /home/zubin/Desktop/Self-driving-car-simulation/Data/IMG/right_2019_03_01_18_33_45_551.jpg, -0.06911445, 1, 0, 30.19091
/home/zubin/Desktop/Self-driving-car-simulation/Data/IMG/center_2019_03_01_18_33_45_666.jpg, /home/zubin/Desktop/Self-driving-car-simulation/Data/IMG/left_2019_03_01_18_33_45_666.jpg, /home/zubin/Desktop/Self-driving-car-simulation/Data/IMG/right_2019_03_01_18_33_45_666.jpg, 0, 1, 0, 30.18988
/home/zubin/Desktop/Self-driving-car-simulation/Data/IMG/center_2019_03_01_18_33_45_768.jpg, /home/zubin/Desktop/Self-driving-car-simulation/Data/IMG/left_2019_03_01_18_33_45_768.jpg, /home/zubin/Desktop/Self-driving-car-simulation/Data/IMG/right_2019_03_01_18_33_45_768.jpg, 0, 1, 0, 30.19025
/home/zubin/Desktop/Self-driving-car-simulation/Data/IMG/center_2019_03_01_18_33_45_884.jpg, /home/zubin/Desktop/Self-driving-car-simulation/Data/IMG/left_2019_03_01_18_33_45_884.jpg, /home/zubin/Desktop/Self-driving-car-simulation/Data/IMG/right_2019_03_01_18_33_45_884.jpg, 0, 1, 0, 30.19032
/home/zubin/Desktop/Self-driving-car-simulation/Data/IMG/center_2019_03_01_18_33_45_999.jpg, /home/zubin/Desktop/Self-driving-car-simulation/Data/IMG/left_2019_03_01_18_33_45_999.jpg, /home/zubin/Desktop/Self-driving-car-simulation/Data/IMG/right_2019_03_01_18_33_45_999.jpg, 0.05280948, 1, 0, 30.18964
/home/zubin/Desktop/Self-driving-car-simulation/Data/IMG/center_2019_03_01_18_33_46_101.jpg, /home/zubin/Desktop/Self-driving-car-simulation/Data/IMG/left_2019_03_01_18_33_46_101.jpg, /home/zubin/Desktop/Self-driving-car-simulation/Data/IMG/right_2019_03_01_18_33_46_101.jpg, 0.3576937, 1, 0, 30.16031
/home/zubin/Desktop/Self-driving-car-simulation/Data/IMG/center_2019_03_01_18_33_46_202.jpg, /home/zubin/Desktop/Self-driving-car-simulation/Data/IMG/left_2019_03_01_18_33_46_202.jpg, /home/zubin/Desktop/Self-driving-car-simulation/Data/IMG/right_2019_03_01_18_33_46_202.jpg, 0.05522203, 1, 0, 30.19051
/home/zubin/Desktop/Self-driving-car-simulation/Data/IMG/center_2019_03_01_18_33_46_302.jpg, /home/zubin/Desktop/Self-driving-car-simulation/Data/IMG/left_2019_03_01_18_33_46_302.jpg, /home/zubin/Desktop/Self-driving-car-simulation/Data/IMG/right_2019_03_01_18_33_46_302.jpg, 0, 1, 0, 30.18976
/home/zubin/Desktop/Self-driving-car-simulation/Data/IMG/center_2019_03_01_18_33_46_416.jpg, /home/zubin/Desktop/Self-driving-car-simulation/Data/IMG/left_2019_03_01_18_33_46_416.jpg, /home/zubin/Desktop/Self-driving-car-simulation/Data/IMG/right_2019_03_01_18_33_46_416.jpg, 0, 1, 0, 30.19025
/home/zubin/Desktop/Self-driving-car-simulation/Data/IMG/center_2019_03_01_18_33_46_531.jpg, /home/zubin/Desktop/Self-driving-car-simulation/Data/IMG/left_2019_03_01_18_33_46_531.jpg, /home/zubin/Desktop/Self-driving-car-simulation/Data/IMG/right_2019_03_01_18_33_46_531.jpg, 0, 1, 0, 30.19025
/home/zubin/Desktop/Self-driving-car-simulation/Data/IMG/center_2019_03_01_18_33_46_631.jpg, /home/zubin/Desktop/Self-driving-car-simulation/Data/IMG/left_2019_03_01_18_33_46_631.jpg, /home/zubin/Desktop/Self-driving-car-simulation/Data/IMG/right_2019_03_01_18_33_46_631.jpg, 0, 1, 0, 30.1903
/home/zubin/Desktop/Self-driving-car-simulation/Data/IMG/center_2019_03_01_18_33_46_732.jpg, /home/zubin/Desktop/Self-driving-car-simulation/Data/IMG/left_2019_03_01_18_33_46_732.jpg, /home/zubin/Desktop/Self-driving-car-simulation/Data/IMG/right_2019_03_01_18_33_46_732.jpg, -0.04925108, 1, 0, 30.18964
/home/zubin/Desktop/Self-driving-car-simulation/Data/IMG/center_2019_03_01_18_33_46_851.jpg, /home/zubin/Desktop/Self-driving-car-simulation/Data/IMG/left_2019_03_01_18_33_46_851.jpg, /home/zubin/Desktop/Self-driving-car-simulation/Data/IMG/right_2019_03_01_18_33_46_851.jpg, 0, 1, 0, 30.18996
/home/zubin/Desktop/Self-driving-car-simulation/Data/IMG/center_2019_03_01_18_33_46_963.jpg, /home/zubin/Desktop/Self-driving-car-simulation/Data/IMG/left_2019_03_01_18_33_46_963.jpg, /home/zubin/Desktop/Self-driving-car-simulation/Data/IMG/right_2019_03_01_18_33_46_963.jpg, 0, 1, 0, 30.1902
/home/zubin/Desktop/Self-driving-car-simulation/Data/IMG/center_2019_03_01_18_33_47_065.jpg, /home/zubin/Desktop/Self-driving-car-simulation/Data/IMG/left_2019_03_01_18_33_47_065.jpg, /home/zubin/Desktop/Self-driving-car-simulation/Data/IMG/right_2019_03_01_18_33_47_065.jpg, 0, 1, 0, 30.19029
/home/zubin/Desktop/Self-driving-car-simulation/Data/IMG/center_2019_03_01_18_33_47_181.jpg, /home/zubin/Desktop/Self-driving-car-simulation/Data/IMG/left_2019_03_01_18_33_47_181.jpg, /home/zubin/Desktop/Self-driving-car-simulation/Data/IMG/right_2019_03_01_18_33_47_181.jpg, 0, 1, 0, 30.19028
/home/zubin/Desktop/Self-driving-car-simulation/Data/IMG/center_2019_03_01_18_33_47_282.jpg, /home/zubin/Desktop/Self-driving-car-simulation/Data/IMG/left_2019_03_01_18_33_47_282.jpg, /home/zubin/Desktop/Self-driving-car-simulation/Data/IMG/right_2019_03_01_18_33_47_282.jpg, 0, 1, 0, 30.1903
/home/zubin/Desktop/Self-driving-car-simulation/Data/IMG/center_2019_03_01_18_33_47_398.jpg, /home/zubin/Desktop/Self-driving-car-simulation/Data/IMG/left_2019_03_01_18_33_47_398.jpg, /home/zubin/Desktop/Self-driving-car-simulation/Data/IMG/right_2019_03_01_18_33_47_398.jpg, 0, 1, 0, 30.19031
/home/zubin/Desktop/Self-driving-car-simulation/Data/IMG/center_2019_03_01_18_33_47_512.jpg, /home/zubin/Desktop/Self-driving-car-simulation/Data/IMG/left_2019_03_01_18_33_47_512.jpg, /home/zubin/Desktop/Self-driving-car-simulation/Data/IMG/right_2019_03_01_18_33_47_512.jpg, 0, 1, 0, 30.19028
/home/zubin/Desktop/Self-driving-car-simulation/Data/IMG/center_2019_03_01_18_33_47_616.jpg, /home/zubin/Desktop/Self-driving-car-simulation/Data/IMG/left_2019_03_01_18_33_47_616.jpg, /home/zubin/Desktop/Self-driving-car-simulation/Data/IMG/right_2019_03_01_18_33_47_616.jpg, 0, 1, 0, 30.19029
/home/zubin/Desktop/Self-driving-car-simulation/Data/IMG/center_2019_03_01_18_33_47_733.jpg, /home/zubin/Desktop/Self-driving-car-simulation/Data/IMG/left_2019_03_01_18_33_47_733.jpg, /home/zubin/Desktop/Self-driving-car-simulation/Data/IMG/right_2019_03_01_18_33_47_733.jpg, 0, 1, 0, 30.19027
/home/zubin/Desktop/Self-driving-car-simulation/Data/IMG/center_2019_03_01_18_33_47_846.jpg, /home/zubin/Desktop/Self-driving-car-simulation/Data/IMG/left_2019_03_01_18_33_47_846.jpg, /home/zubin/Desktop/Self-driving-car-simulation/Data/IMG/right_2019_03_01_18_33_47_846.jpg, 0, 1, 0, 30.19029
/home/zubin/Desktop/Self-driving-car-simulation/Data/IMG/center_2019_03_01_18_33_47_948.jpg, /home/zubin/Desktop/Self-driving-car-simulation/Data/IMG/left_2019_03_01_18_33_47_948.jpg, /home/zubin/Desktop/Self-driving-car-simulation/Data/IMG/right_2019_03_01_18_33_47_948.jpg, 0, 1, 0, 30.19026
/home/zubin/Desktop/Self-driving-car-simulation/Data/IMG/center_2019_03_01_18_33_48_065.jpg, /home/zubin/Desktop/Self-driving-car-simulation/Data/IMG/left_2019_03_01_18_33_48_065.jpg, /home/zubin/Desktop/Self-driving-car-simulation/Data/IMG/right_2019_03_01_18_33_48_065.jpg, 0, 1, 0, 30.19031
/home/zubin/Desktop/Self-driving-car-simulation/Data/IMG/center_2019_03_01_18_33_48_181.jpg, /home/zubin/Desktop/Self-driving-car-simulation/Data/IMG/left_2019_03_01_18_33_48_181.jpg, /home/zubin/Desktop/Self-driving-car-simulation/Data/IMG/right_2019_03_01_18_33_48_181.jpg, -0.2033279, 1, 0, 30.17912
/home/zubin/Desktop/Self-driving-car-simulation/Data/IMG/center_2019_03_01_18_33_48_295.jpg, /home/zubin/Desktop/Self-driving-car-simulation/Data/IMG/left_2019_03_01_18_33_48_295.jpg, /home/zubin/Desktop/Self-driving-car-simulation/Data/IMG/right_2019_03_01_18_33_48_295.jpg, 0, 1, 0, 30.19013
/home/zubin/Desktop/Self-driving-car-simulation/Data/IMG/center_2019_03_01_18_33_48_398.jpg, /home/zubin/Desktop/Self-driving-car-simulation/Data/IMG/left_2019_03_01_18_33_48_398.jpg, /home/zubin/Desktop/Self-driving-car-simulation/Data/IMG/right_2019_03_01_18_33_48_398.jpg, 0, 1, 0, 30.19025
/home/zubin/Desktop/Self-driving-car-simulation/Data/IMG/center_2019_03_01_18_33_48_512.jpg, /home/zubin/Desktop/Self-driving-car-simulation/Data/IMG/left_2019_03_01_18_33_48_512.jpg, /home/zubin/Desktop/Self-driving-car-simulation/Data/IMG/right_2019_03_01_18_33_48_512.jpg, 0, 1, 0, 30.1903
/home/zubin/Desktop/Self-driving-car-simulation/Data/IMG/center_2019_03_01_18_33_48_630.jpg, /home/zubin/Desktop/Self-driving-car-simulation/Data/IMG/left_2019_03_01_18_33_48_630.jpg, /home/zubin/Desktop/Self-driving-car-simulation/Data/IMG/right_2019_03_01_18_33_48_630.jpg, 0, 1, 0, 30.19031
/home/zubin/Desktop/Self-driving-car-simulation/Data/IMG/center_2019_03_01_18_33_48_745.jpg, /home/zubin/Desktop/Self-driving-car-simulation/Data/IMG/left_2019_03_01_18_33_48_745.jpg, /home/zubin/Desktop/Self-driving-car-simulation/Data/IMG/right_2019_03_01_18_33_48_745.jpg, 0, 1, 0, 30.19028
/home/zubin/Desktop/Self-driving-car-simulation/Data/IMG/center_2019_03_01_18_33_48_848.jpg, /home/zubin/Desktop/Self-driving-car-simulation/Data/IMG/left_2019_03_01_18_33_48_848.jpg, /home/zubin/Desktop/Self-driving-car-simulation/Data/IMG/right_2019_03_01_18_33_48_848.jpg, 0, 1, 0, 30.19032
/home/zubin/Desktop/Self-driving-car-simulation/Data/IMG/center_2019_03_01_18_33_48_963.jpg, /home/zubin/Desktop/Self-driving-car-simulation/Data/IMG/left_2019_03_01_18_33_48_963.jpg, /home/zubin/Desktop/Self-driving-car-simulation/Data/IMG/right_2019_03_01_18_33_48_963.jpg, -0.1567018, 1, 0, 30.18377
/home/zubin/Desktop/Self-driving-car-simulation/Data/IMG/center_2019_03_01_18_33_49_064.jpg, /home/zubin/Desktop/Self-driving-car-simulation/Data/IMG/left_2019_03_01_18_33_49_064.jpg, /home/zubin/Desktop/Self-driving-car-simulation/Data/IMG/right_2019_03_01_18_33_49_064.jpg, -0.1257505, 1, 0, 30.19025
/home/zubin/Desktop/Self-driving-car-simulation/Data/IMG/center_2019_03_01_18_33_49_177.jpg, /home/zubin/Desktop/Self-driving-car-simulation/Data/IMG/left_2019_03_01_18_33_49_177.jpg, /home/zubin/Desktop/Self-driving-car-simulation/Data/IMG/right_2019_03_01_18_33_49_177.jpg, 0, 1, 0, 30.18975
/home/zubin/Desktop/Self-driving-car-simulation/Data/IMG/center_2019_03_01_18_33_49_279.jpg, /home/zubin/Desktop/Self-driving-car-simulation/Data/IMG/left_2019_03_01_18_33_49_279.jpg, /home/zubin/Desktop/Self-driving-car-simulation/Data/IMG/right_2019_03_01_18_33_49_279.jpg, 0, 1, 0, 30.19022
/home/zubin/Desktop/Self-driving-car-simulation/Data/IMG/center_2019_03_01_18_33_49_394.jpg, /home/zubin/Desktop/Self-driving-car-simulation/Data/IMG/left_2019_03_01_18_33_49_394.jpg, /home/zubin/Desktop/Self-driving-car-simulation/Data/IMG/right_2019_03_01_18_33_49_394.jpg, 0, 1, 0, 30.19013
/home/zubin/Desktop/Self-driving-car-simulation/Data/IMG/center_2019_03_01_18_33_49_496.jpg, /home/zubin/Desktop/Self-driving-car-simulation/Data/IMG/left_2019_03_01_18_33_49_496.jpg, /home/zubin/Desktop/Self-driving-car-simulation/Data/IMG/right_2019_03_01_18_33_49_496.jpg, 0, 0.9501016, 0, 30.19027
/home/zubin/Desktop/Self-driving-car-simulation/Data/IMG/center_2019_03_01_18_33_49_610.jpg, /home/zubin/Desktop/Self-driving-car-simulation/Data/IMG/left_2019_03_01_18_33_49_610.jpg, /home/zubin/Desktop/Self-driving-car-simulation/Data/IMG/right_2019_03_01_18_33_49_610.jpg, 0, 0.6526425, 0, 30.11339
/home/zubin/Desktop/Self-driving-car-simulation/Data/IMG/center_2019_03_01_18_33_49_711.jpg, /home/zubin/Desktop/Self-driving-car-simulation/Data/IMG/left_2019_03_01_18_33_49_711.jpg, /home/zubin/Desktop/Self-driving-car-simulation/Data/IMG/right_2019_03_01_18_33_49_711.jpg, 0, 0.8620515, 0, 30.14556
/home/zubin/Desktop/Self-driving-car-simulation/Data/IMG/center_2019_03_01_18_33_49_812.jpg, /home/zubin/Desktop/Self-driving-car-simulation/Data/IMG/left_2019_03_01_18_33_49_812.jpg, /home/zubin/Desktop/Self-driving-car-simulation/Data/IMG/right_2019_03_01_18_33_49_812.jpg, 0.2502029, 1, 0, 30.1748
/home/zubin/Desktop/Self-driving-car-simulation/Data/IMG/center_2019_03_01_18_33_49_930.jpg, /home/zubin/Desktop/Self-driving-car-simulation/Data/IMG/left_2019_03_01_18_33_49_930.jpg, /home/zubin/Desktop/Self-driving-car-simulation/Data/IMG/right_2019_03_01_18_33_49_930.jpg, 0, 0.6488194, 0, 30.12494
/home/zubin/Desktop/Self-driving-car-simulation/Data/IMG/center_2019_03_01_18_33_50_045.jpg, /home/zubin/Desktop/Self-driving-car-simulation/Data/IMG/left_2019_03_01_18_33_50_045.jpg, /home/zubin/Desktop/Self-driving-car-simulation/Data/IMG/right_2019_03_01_18_33_50_045.jpg, 0, 0.9960032, 0, 30.18154
/home/zubin/Desktop/Self-driving-car-simulation/Data/IMG/center_2019_03_01_18_33_50_161.jpg, /home/zubin/Desktop/Self-driving-car-simulation/Data/IMG/left_2019_03_01_18_33_50_161.jpg, /home/zubin/Desktop/Self-driving-car-simulation/Data/IMG/right_2019_03_01_18_33_50_161.jpg, -0.04835701, 1, 0, 30.18935
/home/zubin/Desktop/Self-driving-car-simulation/Data/IMG/center_2019_03_01_18_33_50_278.jpg, /home/zubin/Desktop/Self-driving-car-simulation/Data/IMG/left_2019_03_01_18_33_50_278.jpg, /home/zubin/Desktop/Self-driving-car-simulation/Data/IMG/right_2019_03_01_18_33_50_278.jpg, -0.198153, 1, 0, 30.18466
/home/zubin/Desktop/Self-driving-car-simulation/Data/IMG/center_2019_03_01_18_33_50_395.jpg, /home/zubin/Desktop/Self-driving-car-simulation/Data/IMG/left_2019_03_01_18_33_50_395.jpg, /home/zubin/Desktop/Self-driving-car-simulation/Data/IMG/right_2019_03_01_18_33_50_395.jpg, 0, 1, 0, 30.18929
/home/zubin/Desktop/Self-driving-car-simulation/Data/IMG/center_2019_03_01_18_33_50_512.jpg, /home/zubin/Desktop/Self-driving-car-simulation/Data/IMG/left_2019_03_01_18_33_50_512.jpg, /home/zubin/Desktop/Self-driving-car-simulation/Data/IMG/right_2019_03_01_18_33_50_512.jpg, 0, 1, 0, 30.19004
/home/zubin/Desktop/Self-driving-car-simulation/Data/IMG/center_2019_03_01_18_33_50_628.jpg, /home/zubin/Desktop/Self-driving-car-simulation/Data/IMG/left_2019_03_01_18_33_50_628.jpg, /home/zubin/Desktop/Self-driving-car-simulation/Data/IMG/right_2019_03_01_18_33_50_628.jpg, -0.009804726, 1, 0, 30.19
/home/zubin/Desktop/Self-driving-car-simulation/Data/IMG/center_2019_03_01_18_33_50_745.jpg, /home/zubin/Desktop/Self-driving-car-simulation/Data/IMG/left_2019_03_01_18_33_50_745.jpg, /home/zubin/Desktop/Self-driving-car-simulation/Data/IMG/right_2019_03_01_18_33_50_745.jpg, 0, 1, 0, 30.18978
/home/zubin/Desktop/Self-driving-car-simulation/Data/IMG/center_2019_03_01_18_33_50_845.jpg, /home/zubin/Desktop/Self-driving-car-simulation/Data/IMG/left_2019_03_01_18_33_50_845.jpg, /home/zubin/Desktop/Self-driving-car-simulation/Data/IMG/right_2019_03_01_18_33_50_845.jpg, -0.3018301, 1, 0, 30.16821
/home/zubin/Desktop/Self-driving-car-simulation/Data/IMG/center_2019_03_01_18_33_50_962.jpg, /home/zubin/Desktop/Self-driving-car-simulation/Data/IMG/left_2019_03_01_18_33_50_962.jpg, /home/zubin/Desktop/Self-driving-car-simulation/Data/IMG/right_2019_03_01_18_33_50_962.jpg, -0.2829473, 1, 0, 30.186
/home/zubin/Desktop/Self-driving-car-simulation/Data/IMG/center_2019_03_01_18_33_51_076.jpg, /home/zubin/Desktop/Self-driving-car-simulation/Data/IMG/left_2019_03_01_18_33_51_076.jpg, /home/zubin/Desktop/Self-driving-car-simulation/Data/IMG/right_2019_03_01_18_33_51_076.jpg, -0.2380428, 1, 0, 30.18834
/home/zubin/Desktop/Self-driving-car-simulation/Data/IMG/center_2019_03_01_18_33_51_195.jpg, /home/zubin/Desktop/Self-driving-car-simulation/Data/IMG/left_2019_03_01_18_33_51_195.jpg, /home/zubin/Desktop/Self-driving-car-simulation/Data/IMG/right_2019_03_01_18_33_51_195.jpg, -0.2069921, 1, 0, 30.19254
/home/zubin/Desktop/Self-driving-car-simulation/Data/IMG/center_2019_03_01_18_33_51_309.jpg, /home/zubin/Desktop/Self-driving-car-simulation/Data/IMG/left_2019_03_01_18_33_51_309.jpg, /home/zubin/Desktop/Self-driving-car-simulation/Data/IMG/right_2019_03_01_18_33_51_309.jpg, 0, 1, 0, 30.18696
/home/zubin/Desktop/Self-driving-car-simulation/Data/IMG/center_2019_03_01_18_33_51_411.jpg, /home/zubin/Desktop/Self-driving-car-simulation/Data/IMG/left_2019_03_01_18_33_51_411.jpg, /home/zubin/Desktop/Self-driving-car-simulation/Data/IMG/right_2019_03_01_18_33_51_411.jpg, 0, 1, 0, 30.19027
/home/zubin/Desktop/Self-driving-car-simulation/Data/IMG/center_2019_03_01_18_33_51_528.jpg, /home/zubin/Desktop/Self-driving-car-simulation/Data/IMG/left_2019_03_01_18_33_51_528.jpg, /home/zubin/Desktop/Self-driving-car-simulation/Data/IMG/right_2019_03_01_18_33_51_528.jpg, 0.1017265, 1, 0, 30.1865
/home/zubin/Desktop/Self-driving-car-simulation/Data/IMG/center_2019_03_01_18_33_51_628.jpg, /home/zubin/Desktop/Self-driving-car-simulation/Data/IMG/left_2019_03_01_18_33_51_628.jpg, /home/zubin/Desktop/Self-driving-car-simulation/Data/IMG/right_2019_03_01_18_33_51_628.jpg, 0.2058148, 1, 0, 30.18078
/home/zubin/Desktop/Self-driving-car-simulation/Data/IMG/center_2019_03_01_18_33_51_745.jpg, /home/zubin/Desktop/Self-driving-car-simulation/Data/IMG/left_2019_03_01_18_33_51_745.jpg, /home/zubin/Desktop/Self-driving-car-simulation/Data/IMG/right_2019_03_01_18_33_51_745.jpg, 0, 1, 0, 30.18945
/home/zubin/Desktop/Self-driving-car-simulation/Data/IMG/center_2019_03_01_18_33_51_861.jpg, /home/zubin/Desktop/Self-driving-car-simulation/Data/IMG/left_2019_03_01_18_33_51_861.jpg, /home/zubin/Desktop/Self-driving-car-simulation/Data/IMG/right_2019_03_01_18_33_51_861.jpg, 0, 1, 0, 30.19022
/home/zubin/Desktop/Self-driving-car-simulation/Data/IMG/center_2019_03_01_18_33_51_977.jpg, /home/zubin/Desktop/Self-driving-car-simulation/Data/IMG/left_2019_03_01_18_33_51_977.jpg, /home/zubin/Desktop/Self-driving-car-simulation/Data/IMG/right_2019_03_01_18_33_51_977.jpg, 0, 1, 0, 30.19028
/home/zubin/Desktop/Self-driving-car-simulation/Data/IMG/center_2019_03_01_18_33_52_092.jpg, /home/zubin/Desktop/Self-driving-car-simulation/Data/IMG/left_2019_03_01_18_33_52_092.jpg, /home/zubin/Desktop/Self-driving-car-simulation/Data/IMG/right_2019_03_01_18_33_52_092.jpg, 0, 1, 0, 30.19029
/home/zubin/Desktop/Self-driving-car-simulation/Data/IMG/center_2019_03_01_18_33_52_208.jpg, /home/zubin/Desktop/Self-driving-car-simulation/Data/IMG/left_2019_03_01_18_33_52_208.jpg, /home/zubin/Desktop/Self-driving-car-simulation/Data/IMG/right_2019_03_01_18_33_52_208.jpg, 0, 1, 0, 30.19032
/home/zubin/Desktop/Self-driving-car-simulation/Data/IMG/center_2019_03_01_18_33_52_326.jpg, /home/zubin/Desktop/Self-driving-car-simulation/Data/IMG/left_2019_03_01_18_33_52_326.jpg, /home/zubin/Desktop/Self-driving-car-simulation/Data/IMG/right_2019_03_01_18_33_52_326.jpg, 0, 1, 0, 30.19029
/home/zubin/Desktop/Self-driving-car-simulation/Data/IMG/center_2019_03_01_18_33_52_441.jpg, /home/zubin/Desktop/Self-driving-car-simulation/Data/IMG/left_2019_03_01_18_33_52_441.jpg, /home/zubin/Desktop/Self-driving-car-simulation/Data/IMG/right_2019_03_01_18_33_52_441.jpg, 0, 1, 0, 30.19029
/home/zubin/Desktop/Self-driving-car-simulation/Data/IMG/center_2019_03_01_18_33_52_542.jpg, /home/zubin/Desktop/Self-driving-car-simulation/Data/IMG/left_2019_03_01_18_33_52_542.jpg, /home/zubin/Desktop/Self-driving-car-simulation/Data/IMG/right_2019_03_01_18_33_52_542.jpg, 0, 1, 0, 30.19029
/home/zubin/Desktop/Self-driving-car-simulation/Data/IMG/center_2019_03_01_18_33_52_660.jpg, /home/zubin/Desktop/Self-driving-car-simulation/Data/IMG/left_2019_03_01_18_33_52_660.jpg, /home/zubin/Desktop/Self-driving-car-simulation/Data/IMG/right_2019_03_01_18_33_52_660.jpg, 0, 1, 0, 30.19027
/home/zubin/Desktop/Self-driving-car-simulation/Data/IMG/center_2019_03_01_18_33_52_774.jpg, /home/zubin/Desktop/Self-driving-car-simulation/Data/IMG/left_2019_03_01_18_33_52_774.jpg, /home/zubin/Desktop/Self-driving-car-simulation/Data/IMG/right_2019_03_01_18_33_52_774.jpg, 0, 1, 0, 30.19033
/home/zubin/Desktop/Self-driving-car-simulation/Data/IMG/center_2019_03_01_18_33_52_891.jpg, /home/zubin/Desktop/Self-driving-car-simulation/Data/IMG/left_2019_03_01_18_33_52_891.jpg, /home/zubin/Desktop/Self-driving-car-simulation/Data/IMG/right_2019_03_01_18_33_52_891.jpg, 0, 1, 0, 30.19074
/home/zubin/Desktop/Self-driving-car-simulation/Data/IMG/center_2019_03_01_18_33_53_008.jpg, /home/zubin/Desktop/Self-driving-car-simulation/Data/IMG/left_2019_03_01_18_33_53_008.jpg, /home/zubin/Desktop/Self-driving-car-simulation/Data/IMG/right_2019_03_01_18_33_53_008.jpg, 0, 1, 0, 30.19062
/home/zubin/Desktop/Self-driving-car-simulation/Data/IMG/center_2019_03_01_18_33_53_109.jpg, /home/zubin/Desktop/Self-driving-car-simulation/Data/IMG/left_2019_03_01_18_33_53_109.jpg, /home/zubin/Desktop/Self-driving-car-simulation/Data/IMG/right_2019_03_01_18_33_53_109.jpg, 0.30072, 1, 0, 30.16968
/home/zubin/Desktop/Self-driving-car-simulation/Data/IMG/center_2019_03_01_18_33_53_225.jpg, /home/zubin/Desktop/Self-driving-car-simulation/Data/IMG/left_2019_03_01_18_33_53_225.jpg, /home/zubin/Desktop/Self-driving-car-simulation/Data/IMG/right_2019_03_01_18_33_53_225.jpg, 0, 1, 0, 30.18869
/home/zubin/Desktop/Self-driving-car-simulation/Data/IMG/center_2019_03_01_18_33_53_340.jpg, /home/zubin/Desktop/Self-driving-car-simulation/Data/IMG/left_2019_03_01_18_33_53_340.jpg, /home/zubin/Desktop/Self-driving-car-simulation/Data/IMG/right_2019_03_01_18_33_53_340.jpg, 0, 1, 0, 30.19013
/home/zubin/Desktop/Self-driving-car-simulation/Data/IMG/center_2019_03_01_18_33_53_441.jpg, /home/zubin/Desktop/Self-driving-car-simulation/Data/IMG/left_2019_03_01_18_33_53_441.jpg, /home/zubin/Desktop/Self-driving-car-simulation/Data/IMG/right_2019_03_01_18_33_53_441.jpg, 0, 1, 0, 30.19028
/home/zubin/Desktop/Self-driving-car-simulation/Data/IMG/center_2019_03_01_18_33_53_557.jpg, /home/zubin/Desktop/Self-driving-car-simulation/Data/IMG/left_2019_03_01_18_33_53_557.jpg, /home/zubin/Desktop/Self-driving-car-simulation/Data/IMG/right_2019_03_01_18_33_53_557.jpg, -0.1453071, 1, 0, 30.18744
/home/zubin/Desktop/Self-driving-car-simulation/Data/IMG/center_2019_03_01_18_33_53_657.jpg, /home/zubin/Desktop/Self-driving-car-simulation/Data/IMG/left_2019_03_01_18_33_53_657.jpg, /home/zubin/Desktop/Self-driving-car-simulation/Data/IMG/right_2019_03_01_18_33_53_657.jpg, 0, 1, 0, 30.18995
/home/zubin/Desktop/Self-driving-car-simulation/Data/IMG/center_2019_03_01_18_33_53_774.jpg, /home/zubin/Desktop/Self-driving-car-simulation/Data/IMG/left_2019_03_01_18_33_53_774.jpg, /home/zubin/Desktop/Self-driving-car-simulation/Data/IMG/right_2019_03_01_18_33_53_774.jpg, 0, 1, 0, 30.19029
/home/zubin/Desktop/Self-driving-car-simulation/Data/IMG/center_2019_03_01_18_33_53_874.jpg, /home/zubin/Desktop/Self-driving-car-simulation/Data/IMG/left_2019_03_01_18_33_53_874.jpg, /home/zubin/Desktop/Self-driving-car-simulation/Data/IMG/right_2019_03_01_18_33_53_874.jpg, 0, 1, 0, 30.19028
/home/zubin/Desktop/Self-driving-car-simulation/Data/IMG/center_2019_03_01_18_33_53_975.jpg, /home/zubin/Desktop/Self-driving-car-simulation/Data/IMG/left_2019_03_01_18_33_53_975.jpg, /home/zubin/Desktop/Self-driving-car-simulation/Data/IMG/right_2019_03_01_18_33_53_975.jpg, 0, 1, 0, 30.19071
/home/zubin/Desktop/Self-driving-car-simulation/Data/IMG/center_2019_03_01_18_33_54_090.jpg, /home/zubin/Desktop/Self-driving-car-simulation/Data/IMG/left_2019_03_01_18_33_54_090.jpg, /home/zubin/Desktop/Self-driving-car-simulation/Data/IMG/right_2019_03_01_18_33_54_090.jpg, -0.3429844, 1, 0, 30.16286
/home/zubin/Desktop/Self-driving-car-simulation/Data/IMG/center_2019_03_01_18_33_54_208.jpg, /home/zubin/Desktop/Self-driving-car-simulation/Data/IMG/left_2019_03_01_18_33_54_208.jpg, /home/zubin/Desktop/Self-driving-car-simulation/Data/IMG/right_2019_03_01_18_33_54_208.jpg, 0, 1, 0, 30.18917
/home/zubin/Desktop/Self-driving-car-simulation/Data/IMG/center_2019_03_01_18_33_54_323.jpg, /home/zubin/Desktop/Self-driving-car-simulation/Data/IMG/left_2019_03_01_18_33_54_323.jpg, /home/zubin/Desktop/Self-driving-car-simulation/Data/IMG/right_2019_03_01_18_33_54_323.jpg, 0, 1, 0, 30.19009
/home/zubin/Desktop/Self-driving-car-simulation/Data/IMG/center_2019_03_01_18_33_54_441.jpg, /home/zubin/Desktop/Self-driving-car-simulation/Data/IMG/left_2019_03_01_18_33_54_441.jpg, /home/zubin/Desktop/Self-driving-car-simulation/Data/IMG/right_2019_03_01_18_33_54_441.jpg, 0, 1, 0, 30.19028
/home/zubin/Desktop/Self-driving-car-simulation/Data/IMG/center_2019_03_01_18_33_54_555.jpg, /home/zubin/Desktop/Self-driving-car-simulation/Data/IMG/left_2019_03_01_18_33_54_555.jpg, /home/zubin/Desktop/Self-driving-car-simulation/Data/IMG/right_2019_03_01_18_33_54_555.jpg, 0, 1, 0, 30.19028
/home/zubin/Desktop/Self-driving-car-simulation/Data/IMG/center_2019_03_01_18_33_54_657.jpg, /home/zubin/Desktop/Self-driving-car-simulation/Data/IMG/left_2019_03_01_18_33_54_657.jpg, /home/zubin/Desktop/Self-driving-car-simulation/Data/IMG/right_2019_03_01_18_33_54_657.jpg, 0, 1, 0, 30.19032
/home/zubin/Desktop/Self-driving-car-simulation/Data/IMG/center_2019_03_01_18_33_54_774.jpg, /home/zubin/Desktop/Self-driving-car-simulation/Data/IMG/left_2019_03_01_18_33_54_774.jpg, /home/zubin/Desktop/Self-driving-car-simulation/Data/IMG/right_2019_03_01_18_33_54_774.jpg, -0.3521039, 1, 0, 30.16272
/home/zubin/Desktop/Self-driving-car-simulation/Data/IMG/center_2019_03_01_18_33_54_888.jpg, /home/zubin/Desktop/Self-driving-car-simulation/Data/IMG/left_2019_03_01_18_33_54_888.jpg, /home/zubin/Desktop/Self-driving-car-simulation/Data/IMG/right_2019_03_01_18_33_54_888.jpg, -0.01123238, 1, 0, 30.18958
/home/zubin/Desktop/Self-driving-car-simulation/Data/IMG/center_2019_03_01_18_33_54_991.jpg, /home/zubin/Desktop/Self-driving-car-simulation/Data/IMG/left_2019_03_01_18_33_54_991.jpg, /home/zubin/Desktop/Self-driving-car-simulation/Data/IMG/right_2019_03_01_18_33_54_991.jpg, 0, 1, 0, 30.18991
/home/zubin/Desktop/Self-driving-car-simulation/Data/IMG/center_2019_03_01_18_33_55_104.jpg, /home/zubin/Desktop/Self-driving-car-simulation/Data/IMG/left_2019_03_01_18_33_55_104.jpg, /home/zubin/Desktop/Self-driving-car-simulation/Data/IMG/right_2019_03_01_18_33_55_104.jpg, 0, 1, 0, 30.19022
/home/zubin/Desktop/Self-driving-car-simulation/Data/IMG/center_2019_03_01_18_33_55_205.jpg, /home/zubin/Desktop/Self-driving-car-simulation/Data/IMG/left_2019_03_01_18_33_55_205.jpg, /home/zubin/Desktop/Self-driving-car-simulation/Data/IMG/right_2019_03_01_18_33_55_205.jpg, -0.1006086, 1, 0, 30.18897
/home/zubin/Desktop/Self-driving-car-simulation/Data/IMG/center_2019_03_01_18_33_55_305.jpg, /home/zubin/Desktop/Self-driving-car-simulation/Data/IMG/left_2019_03_01_18_33_55_305.jpg, /home/zubin/Desktop/Self-driving-car-simulation/Data/IMG/right_2019_03_01_18_33_55_305.jpg, 0, 1, 0, 30.19018
/home/zubin/Desktop/Self-driving-car-simulation/Data/IMG/center_2019_03_01_18_33_55_421.jpg, /home/zubin/Desktop/Self-driving-car-simulation/Data/IMG/left_2019_03_01_18_33_55_421.jpg, /home/zubin/Desktop/Self-driving-car-simulation/Data/IMG/right_2019_03_01_18_33_55_421.jpg, 0, 1, 0, 30.1903
/home/zubin/Desktop/Self-driving-car-simulation/Data/IMG/center_2019_03_01_18_33_55_521.jpg, /home/zubin/Desktop/Self-driving-car-simulation/Data/IMG/left_2019_03_01_18_33_55_521.jpg, /home/zubin/Desktop/Self-driving-car-simulation/Data/IMG/right_2019_03_01_18_33_55_521.jpg, 0, 1, 0, 30.19025
/home/zubin/Desktop/Self-driving-car-simulation/Data/IMG/center_2019_03_01_18_33_55_621.jpg, /home/zubin/Desktop/Self-driving-car-simulation/Data/IMG/left_2019_03_01_18_33_55_621.jpg, /home/zubin/Desktop/Self-driving-car-simulation/Data/IMG/right_2019_03_01_18_33_55_621.jpg, -0.3011134, 1, 0, 30.16831
/home/zubin/Desktop/Self-driving-car-simulation/Data/IMG/center_2019_03_01_18_33_55_722.jpg, /home/zubin/Desktop/Self-driving-car-simulation/Data/IMG/left_2019_03_01_18_33_55_722.jpg, /home/zubin/Desktop/Self-driving-car-simulation/Data/IMG/right_2019_03_01_18_33_55_722.jpg, 0, 0.943954, 0, 30.18921
/home/zubin/Desktop/Self-driving-car-simulation/Data/IMG/center_2019_03_01_18_33_55_823.jpg, /home/zubin/Desktop/Self-driving-car-simulation/Data/IMG/left_2019_03_01_18_33_55_823.jpg, /home/zubin/Desktop/Self-driving-car-simulation/Data/IMG/right_2019_03_01_18_33_55_823.jpg, 0, 0.856509, 0, 30.14156
/home/zubin/Desktop/Self-driving-car-simulation/Data/IMG/center_2019_03_01_18_33_55_938.jpg, /home/zubin/Desktop/Self-driving-car-simulation/Data/IMG/left_2019_03_01_18_33_55_938.jpg, /home/zubin/Desktop/Self-driving-car-simulation/Data/IMG/right_2019_03_01_18_33_55_938.jpg, -0.2437892, 1, 0, 30.17908
/home/zubin/Desktop/Self-driving-car-simulation/Data/IMG/center_2019_03_01_18_33_56_039.jpg, /home/zubin/Desktop/Self-driving-car-simulation/Data/IMG/left_2019_03_01_18_33_56_039.jpg, /home/zubin/Desktop/Self-driving-car-simulation/Data/IMG/right_2019_03_01_18_33_56_039.jpg, 0, 1, 0, 30.18856
/home/zubin/Desktop/Self-driving-car-simulation/Data/IMG/center_2019_03_01_18_33_56_152.jpg, /home/zubin/Desktop/Self-driving-car-simulation/Data/IMG/left_2019_03_01_18_33_56_152.jpg, /home/zubin/Desktop/Self-driving-car-simulation/Data/IMG/right_2019_03_01_18_33_56_152.jpg, 0, 1, 0, 30.19017
/home/zubin/Desktop/Self-driving-car-simulation/Data/IMG/center_2019_03_01_18_33_56_252.jpg, /home/zubin/Desktop/Self-driving-car-simulation/Data/IMG/left_2019_03_01_18_33_56_252.jpg, /home/zubin/Desktop/Self-driving-car-simulation/Data/IMG/right_2019_03_01_18_33_56_252.jpg, 0, 1, 0, 30.19028
/home/zubin/Desktop/Self-driving-car-simulation/Data/IMG/center_2019_03_01_18_33_56_352.jpg, /home/zubin/Desktop/Self-driving-car-simulation/Data/IMG/left_2019_03_01_18_33_56_352.jpg, /home/zubin/Desktop/Self-driving-car-simulation/Data/IMG/right_2019_03_01_18_33_56_352.jpg, 0, 1, 0, 30.1903
/home/zubin/Desktop/Self-driving-car-simulation/Data/IMG/center_2019_03_01_18_33_56_454.jpg, /home/zubin/Desktop/Self-driving-car-simulation/Data/IMG/left_2019_03_01_18_33_56_454.jpg, /home/zubin/Desktop/Self-driving-car-simulation/Data/IMG/right_2019_03_01_18_33_56_454.jpg, 0, 1, 0, 30.19031
/home/zubin/Desktop/Self-driving-car-simulation/Data/IMG/center_2019_03_01_18_33_56_555.jpg, /home/zubin/Desktop/Self-driving-car-simulation/Data/IMG/left_2019_03_01_18_33_56_555.jpg, /home/zubin/Desktop/Self-driving-car-simulation/Data/IMG/right_2019_03_01_18_33_56_555.jpg, 0, 1, 0, 30.19035
/home/zubin/Desktop/Self-driving-car-simulation/Data/IMG/center_2019_03_01_18_33_56_670.jpg, /home/zubin/Desktop/Self-driving-car-simulation/Data/IMG/left_2019_03_01_18_33_56_670.jpg, /home/zubin/Desktop/Self-driving-car-simulation/Data/IMG/right_2019_03_01_18_33_56_670.jpg, -0.2954822, 1, 0, 30.16916
/home/zubin/Desktop/Self-driving-car-simulation/Data/IMG/center_2019_03_01_18_33_56_788.jpg, /home/zubin/Desktop/Self-driving-car-simulation/Data/IMG/left_2019_03_01_18_33_56_788.jpg, /home/zubin/Desktop/Self-driving-car-simulation/Data/IMG/right_2019_03_01_18_33_56_788.jpg, 0, 1, 0, 30.18923
/home/zubin/Desktop/Self-driving-car-simulation/Data/IMG/center_2019_03_01_18_33_56_903.jpg, /home/zubin/Desktop/Self-driving-car-simulation/Data/IMG/left_2019_03_01_18_33_56_903.jpg, /home/zubin/Desktop/Self-driving-car-simulation/Data/IMG/right_2019_03_01_18_33_56_903.jpg, 0, 1, 0, 30.18999
/home/zubin/Desktop/Self-driving-car-simulation/Data/IMG/center_2019_03_01_18_33_57_020.jpg, /home/zubin/Desktop/Self-driving-car-simulation/Data/IMG/left_2019_03_01_18_33_57_020.jpg, /home/zubin/Desktop/Self-driving-car-simulation/Data/IMG/right_2019_03_01_18_33_57_020.jpg, -0.1523674, 1, 0, 30.18499
/home/zubin/Desktop/Self-driving-car-simulation/Data/IMG/center_2019_03_01_18_33_57_137.jpg, /home/zubin/Desktop/Self-driving-car-simulation/Data/IMG/left_2019_03_01_18_33_57_137.jpg, /home/zubin/Desktop/Self-driving-car-simulation/Data/IMG/right_2019_03_01_18_33_57_137.jpg, 0, 1, 0, 30.19044
/home/zubin/Desktop/Self-driving-car-simulation/Data/IMG/center_2019_03_01_18_33_57_254.jpg, /home/zubin/Desktop/Self-driving-car-simulation/Data/IMG/left_2019_03_01_18_33_57_254.jpg, /home/zubin/Desktop/Self-driving-car-simulation/Data/IMG/right_2019_03_01_18_33_57_254.jpg, 0, 1, 0, 30.19034
/home/zubin/Desktop/Self-driving-car-simulation/Data/IMG/center_2019_03_01_18_33_57_368.jpg, /home/zubin/Desktop/Self-driving-car-simulation/Data/IMG/left_2019_03_01_18_33_57_368.jpg, /home/zubin/Desktop/Self-driving-car-simulation/Data/IMG/right_2019_03_01_18_33_57_368.jpg, 0, 1, 0, 30.19033
/home/zubin/Desktop/Self-driving-car-simulation/Data/IMG/center_2019_03_01_18_33_57_468.jpg, /home/zubin/Desktop/Self-driving-car-simulation/Data/IMG/left_2019_03_01_18_33_57_468.jpg, /home/zubin/Desktop/Self-driving-car-simulation/Data/IMG/right_2019_03_01_18_33_57_468.jpg, 0, 1, 0, 30.19032
/home/zubin/Desktop/Self-driving-car-simulation/Data/IMG/center_2019_03_01_18_33_57_587.jpg, /home/zubin/Desktop/Self-driving-car-simulation/Data/IMG/left_2019_03_01_18_33_57_587.jpg, /home/zubin/Desktop/Self-driving-car-simulation/Data/IMG/right_2019_03_01_18_33_57_587.jpg, -0.06158066, 1, 0, 30.18941
/home/zubin/Desktop/Self-driving-car-simulation/Data/IMG/center_2019_03_01_18_33_57_701.jpg, /home/zubin/Desktop/Self-driving-car-simulation/Data/IMG/left_2019_03_01_18_33_57_701.jpg, /home/zubin/Desktop/Self-driving-car-simulation/Data/IMG/right_2019_03_01_18_33_57_701.jpg, -0.1995206, 1, 0, 30.18567
/home/zubin/Desktop/Self-driving-car-simulation/Data/IMG/center_2019_03_01_18_33_57_819.jpg, /home/zubin/Desktop/Self-driving-car-simulation/Data/IMG/left_2019_03_01_18_33_57_819.jpg, /home/zubin/Desktop/Self-driving-car-simulation/Data/IMG/right_2019_03_01_18_33_57_819.jpg, 0, 1, 0, 30.18962
/home/zubin/Desktop/Self-driving-car-simulation/Data/IMG/center_2019_03_01_18_33_57_932.jpg, /home/zubin/Desktop/Self-driving-car-simulation/Data/IMG/left_2019_03_01_18_33_57_932.jpg, /home/zubin/Desktop/Self-driving-car-simulation/Data/IMG/right_2019_03_01_18_33_57_932.jpg, 0, 1, 0, 30.19025
/home/zubin/Desktop/Self-driving-car-simulation/Data/IMG/center_2019_03_01_18_33_58_034.jpg, /home/zubin/Desktop/Self-driving-car-simulation/Data/IMG/left_2019_03_01_18_33_58_034.jpg, /home/zubin/Desktop/Self-driving-car-simulation/Data/IMG/right_2019_03_01_18_33_58_034.jpg, -0.04301763, 1, 0, 30.18998
/home/zubin/Desktop/Self-driving-car-simulation/Data/IMG/center_2019_03_01_18_33_58_134.jpg, /home/zubin/Desktop/Self-driving-car-simulation/Data/IMG/left_2019_03_01_18_33_58_134.jpg, /home/zubin/Desktop/Self-driving-car-simulation/Data/IMG/right_2019_03_01_18_33_58_134.jpg, -0.2443871, 1, 0, 30.17676
/home/zubin/Desktop/Self-driving-car-simulation/Data/IMG/center_2019_03_01_18_33_58_251.jpg, /home/zubin/Desktop/Self-driving-car-simulation/Data/IMG/left_2019_03_01_18_33_58_251.jpg, /home/zubin/Desktop/Self-driving-car-simulation/Data/IMG/right_2019_03_01_18_33_58_251.jpg, 0, 1, 0, 30.18904
/home/zubin/Desktop/Self-driving-car-simulation/Data/IMG/center_2019_03_01_18_33_58_367.jpg, /home/zubin/Desktop/Self-driving-car-simulation/Data/IMG/left_2019_03_01_18_33_58_367.jpg, /home/zubin/Desktop/Self-driving-car-simulation/Data/IMG/right_2019_03_01_18_33_58_367.jpg, 0, 1, 0, 30.19021
/home/zubin/Desktop/Self-driving-car-simulation/Data/IMG/center_2019_03_01_18_33_58_467.jpg, /home/zubin/Desktop/Self-driving-car-simulation/Data/IMG/left_2019_03_01_18_33_58_467.jpg, /home/zubin/Desktop/Self-driving-car-simulation/Data/IMG/right_2019_03_01_18_33_58_467.jpg, 0, 1, 0, 30.19031
/home/zubin/Desktop/Self-driving-car-simulation/Data/IMG/center_2019_03_01_18_33_58_570.jpg, /home/zubin/Desktop/Self-driving-car-simulation/Data/IMG/left_2019_03_01_18_33_58_570.jpg, /home/zubin/Desktop/Self-driving-car-simulation/Data/IMG/right_2019_03_01_18_33_58_570.jpg, -0.3070471, 1, 0, 30.16658
/home/zubin/Desktop/Self-driving-car-simulation/Data/IMG/center_2019_03_01_18_33_58_683.jpg, /home/zubin/Desktop/Self-driving-car-simulation/Data/IMG/left_2019_03_01_18_33_58_683.jpg, /home/zubin/Desktop/Self-driving-car-simulation/Data/IMG/right_2019_03_01_18_33_58_683.jpg, 0, 1, 0, 30.18907
/home/zubin/Desktop/Self-driving-car-simulation/Data/IMG/center_2019_03_01_18_33_58_784.jpg, /home/zubin/Desktop/Self-driving-car-simulation/Data/IMG/left_2019_03_01_18_33_58_784.jpg, /home/zubin/Desktop/Self-driving-car-simulation/Data/IMG/right_2019_03_01_18_33_58_784.jpg, 0, 1, 0, 30.19008
/home/zubin/Desktop/Self-driving-car-simulation/Data/IMG/center_2019_03_01_18_33_58_900.jpg, /home/zubin/Desktop/Self-driving-car-simulation/Data/IMG/left_2019_03_01_18_33_58_900.jpg, /home/zubin/Desktop/Self-driving-car-simulation/Data/IMG/right_2019_03_01_18_33_58_900.jpg, -0.1969406, 1, 0, 30.18138
/home/zubin/Desktop/Self-driving-car-simulation/Data/IMG/center_2019_03_01_18_33_59_016.jpg, /home/zubin/Desktop/Self-driving-car-simulation/Data/IMG/left_2019_03_01_18_33_59_016.jpg, /home/zubin/Desktop/Self-driving-car-simulation/Data/IMG/right_2019_03_01_18_33_59_016.jpg, 0, 1, 0, 30.1902
/home/zubin/Desktop/Self-driving-car-simulation/Data/IMG/center_2019_03_01_18_33_59_118.jpg, /home/zubin/Desktop/Self-driving-car-simulation/Data/IMG/left_2019_03_01_18_33_59_118.jpg, /home/zubin/Desktop/Self-driving-car-simulation/Data/IMG/right_2019_03_01_18_33_59_118.jpg, 0, 1, 0, 30.19027
/home/zubin/Desktop/Self-driving-car-simulation/Data/IMG/center_2019_03_01_18_33_59_218.jpg, /home/zubin/Desktop/Self-driving-car-simulation/Data/IMG/left_2019_03_01_18_33_59_218.jpg, /home/zubin/Desktop/Self-driving-car-simulation/Data/IMG/right_2019_03_01_18_33_59_218.jpg, 0, 0.6989353, 0, 30.12625
/home/zubin/Desktop/Self-driving-car-simulation/Data/IMG/center_2019_03_01_18_33_59_334.jpg, /home/zubin/Desktop/Self-driving-car-simulation/Data/IMG/left_2019_03_01_18_33_59_334.jpg, /home/zubin/Desktop/Self-driving-car-simulation/Data/IMG/right_2019_03_01_18_33_59_334.jpg, -0.05184603, 0.6649842, 0, 30.09281
/home/zubin/Desktop/Self-driving-car-simulation/Data/IMG/center_2019_03_01_18_33_59_448.jpg, /home/zubin/Desktop/Self-driving-car-simulation/Data/IMG/left_2019_03_01_18_33_59_448.jpg, /home/zubin/Desktop/Self-driving-car-simulation/Data/IMG/right_2019_03_01_18_33_59_448.jpg, -0.1028845, 0.3229153, 0, 30.04161
/home/zubin/Desktop/Self-driving-car-simulation/Data/IMG/center_2019_03_01_18_33_59_565.jpg, /home/zubin/Desktop/Self-driving-car-simulation/Data/IMG/left_2019_03_01_18_33_59_565.jpg, /home/zubin/Desktop/Self-driving-car-simulation/Data/IMG/right_2019_03_01_18_33_59_565.jpg, -0.1477382, 0.3749745, 0, 29.97989
/home/zubin/Desktop/Self-driving-car-simulation/Data/IMG/center_2019_03_01_18_33_59_667.jpg, /home/zubin/Desktop/Self-driving-car-simulation/Data/IMG/left_2019_03_01_18_33_59_667.jpg, /home/zubin/Desktop/Self-driving-car-simulation/Data/IMG/right_2019_03_01_18_33_59_667.jpg, -0.452724, 0.6799603, 0, 30.06051
/home/zubin/Desktop/Self-driving-car-simulation/Data/IMG/center_2019_03_01_18_33_59_783.jpg, /home/zubin/Desktop/Self-driving-car-simulation/Data/IMG/left_2019_03_01_18_33_59_783.jpg, /home/zubin/Desktop/Self-driving-car-simulation/Data/IMG/right_2019_03_01_18_33_59_783.jpg, -0.6993842, 1, 0, 30.12274
/home/zubin/Desktop/Self-driving-car-simulation/Data/IMG/center_2019_03_01_18_33_59_884.jpg, /home/zubin/Desktop/Self-driving-car-simulation/Data/IMG/left_2019_03_01_18_33_59_884.jpg, /home/zubin/Desktop/Self-driving-car-simulation/Data/IMG/right_2019_03_01_18_33_59_884.jpg, -0.3972545, 1, 0, 30.19463
/home/zubin/Desktop/Self-driving-car-simulation/Data/IMG/center_2019_03_01_18_34_00_002.jpg, /home/zubin/Desktop/Self-driving-car-simulation/Data/IMG/left_2019_03_01_18_34_00_002.jpg, /home/zubin/Desktop/Self-driving-car-simulation/Data/IMG/right_2019_03_01_18_34_00_002.jpg, -0.04287028, 1, 0, 30.18763
/home/zubin/Desktop/Self-driving-car-simulation/Data/IMG/center_2019_03_01_18_34_00_114.jpg, /home/zubin/Desktop/Self-driving-car-simulation/Data/IMG/left_2019_03_01_18_34_00_114.jpg, /home/zubin/Desktop/Self-driving-car-simulation/Data/IMG/right_2019_03_01_18_34_00_114.jpg, 0, 1, 0, 30.18957
/home/zubin/Desktop/Self-driving-car-simulation/Data/IMG/center_2019_03_01_18_34_00_234.jpg, /home/zubin/Desktop/Self-driving-car-simulation/Data/IMG/left_2019_03_01_18_34_00_234.jpg, /home/zubin/Desktop/Self-driving-car-simulation/Data/IMG/right_2019_03_01_18_34_00_234.jpg, 0, 1, 0, 30.19043
/home/zubin/Desktop/Self-driving-car-simulation/Data/IMG/center_2019_03_01_18_34_00_349.jpg, /home/zubin/Desktop/Self-driving-car-simulation/Data/IMG/left_2019_03_01_18_34_00_349.jpg, /home/zubin/Desktop/Self-driving-car-simulation/Data/IMG/right_2019_03_01_18_34_00_349.jpg, 0, 1, 0, 30.19033
/home/zubin/Desktop/Self-driving-car-simulation/Data/IMG/center_2019_03_01_18_34_00_465.jpg, /home/zubin/Desktop/Self-driving-car-simulation/Data/IMG/left_2019_03_01_18_34_00_465.jpg, /home/zubin/Desktop/Self-driving-car-simulation/Data/IMG/right_2019_03_01_18_34_00_465.jpg, 0, 1, 0, 30.19031
/home/zubin/Desktop/Self-driving-car-simulation/Data/IMG/center_2019_03_01_18_34_00_566.jpg, /home/zubin/Desktop/Self-driving-car-simulation/Data/IMG/left_2019_03_01_18_34_00_566.jpg, /home/zubin/Desktop/Self-driving-car-simulation/Data/IMG/right_2019_03_01_18_34_00_566.jpg, 0, 1, 0, 30.19033
/home/zubin/Desktop/Self-driving-car-simulation/Data/IMG/center_2019_03_01_18_34_00_682.jpg, /home/zubin/Desktop/Self-driving-car-simulation/Data/IMG/left_2019_03_01_18_34_00_682.jpg, /home/zubin/Desktop/Self-driving-car-simulation/Data/IMG/right_2019_03_01_18_34_00_682.jpg, 0, 1, 0, 30.18785
/home/zubin/Desktop/Self-driving-car-simulation/Data/IMG/center_2019_03_01_18_34_00_782.jpg, /home/zubin/Desktop/Self-driving-car-simulation/Data/IMG/left_2019_03_01_18_34_00_782.jpg, /home/zubin/Desktop/Self-driving-car-simulation/Data/IMG/right_2019_03_01_18_34_00_782.jpg, -0.1589913, 1, 0, 30.18345
/home/zubin/Desktop/Self-driving-car-simulation/Data/IMG/center_2019_03_01_18_34_00_897.jpg, /home/zubin/Desktop/Self-driving-car-simulation/Data/IMG/left_2019_03_01_18_34_00_897.jpg, /home/zubin/Desktop/Self-driving-car-simulation/Data/IMG/right_2019_03_01_18_34_00_897.jpg, -0.1154158, 1, 0, 30.18866
/home/zubin/Desktop/Self-driving-car-simulation/Data/IMG/center_2019_03_01_18_34_01_000.jpg, /home/zubin/Desktop/Self-driving-car-simulation/Data/IMG/left_2019_03_01_18_34_01_000.jpg, /home/zubin/Desktop/Self-driving-car-simulation/Data/IMG/right_2019_03_01_18_34_01_000.jpg, 0, 1, 0, 30.18982
/home/zubin/Desktop/Self-driving-car-simulation/Data/IMG/center_2019_03_01_18_34_01_113.jpg, /home/zubin/Desktop/Self-driving-car-simulation/Data/IMG/left_2019_03_01_18_34_01_113.jpg, /home/zubin/Desktop/Self-driving-car-simulation/Data/IMG/right_2019_03_01_18_34_01_113.jpg, 0, 1, 0, 30.19006
/home/zubin/Desktop/Self-driving-car-simulation/Data/IMG/center_2019_03_01_18_34_01_216.jpg, /home/zubin/Desktop/Self-driving-car-simulation/Data/IMG/left_2019_03_01_18_34_01_216.jpg, /home/zubin/Desktop/Self-driving-car-simulation/Data/IMG/right_2019_03_01_18_34_01_216.jpg, 0, 1, 0, 30.19011
/home/zubin/Desktop/Self-driving-car-simulation/Data/IMG/center_2019_03_01_18_34_01_332.jpg, /home/zubin/Desktop/Self-driving-car-simulation/Data/IMG/left_2019_03_01_18_34_01_332.jpg, /home/zubin/Desktop/Self-driving-car-simulation/Data/IMG/right_2019_03_01_18_34_01_332.jpg, 0, 1, 0, 30.18862
/home/zubin/Desktop/Self-driving-car-simulation/Data/IMG/center_2019_03_01_18_34_01_448.jpg, /home/zubin/Desktop/Self-driving-car-simulation/Data/IMG/left_2019_03_01_18_34_01_448.jpg, /home/zubin/Desktop/Self-driving-car-simulation/Data/IMG/right_2019_03_01_18_34_01_448.jpg, -0.2084999, 1, 0, 30.1786
/home/zubin/Desktop/Self-driving-car-simulation/Data/IMG/center_2019_03_01_18_34_01_565.jpg, /home/zubin/Desktop/Self-driving-car-simulation/Data/IMG/left_2019_03_01_18_34_01_565.jpg, /home/zubin/Desktop/Self-driving-car-simulation/Data/IMG/right_2019_03_01_18_34_01_565.jpg, -0.2451275, 1, 0, 30.18604
/home/zubin/Desktop/Self-driving-car-simulation/Data/IMG/center_2019_03_01_18_34_01_683.jpg, /home/zubin/Desktop/Self-driving-car-simulation/Data/IMG/left_2019_03_01_18_34_01_683.jpg, /home/zubin/Desktop/Self-driving-car-simulation/Data/IMG/right_2019_03_01_18_34_01_683.jpg, 0, 1, 0, 30.18926
/home/zubin/Desktop/Self-driving-car-simulation/Data/IMG/center_2019_03_01_18_34_01_795.jpg, /home/zubin/Desktop/Self-driving-car-simulation/Data/IMG/left_2019_03_01_18_34_01_795.jpg, /home/zubin/Desktop/Self-driving-car-simulation/Data/IMG/right_2019_03_01_18_34_01_795.jpg, 0, 1, 0, 30.19012
/home/zubin/Desktop/Self-driving-car-simulation/Data/IMG/center_2019_03_01_18_34_01_898.jpg, /home/zubin/Desktop/Self-driving-car-simulation/Data/IMG/left_2019_03_01_18_34_01_898.jpg, /home/zubin/Desktop/Self-driving-car-simulation/Data/IMG/right_2019_03_01_18_34_01_898.jpg, 0, 1, 0, 30.1902
/home/zubin/Desktop/Self-driving-car-simulation/Data/IMG/center_2019_03_01_18_34_02_013.jpg, /home/zubin/Desktop/Self-driving-car-simulation/Data/IMG/left_2019_03_01_18_34_02_013.jpg, /home/zubin/Desktop/Self-driving-car-simulation/Data/IMG/right_2019_03_01_18_34_02_013.jpg, 0, 1, 0, 30.19189
/home/zubin/Desktop/Self-driving-car-simulation/Data/IMG/center_2019_03_01_18_34_02_116.jpg, /home/zubin/Desktop/Self-driving-car-simulation/Data/IMG/left_2019_03_01_18_34_02_116.jpg, /home/zubin/Desktop/Self-driving-car-simulation/Data/IMG/right_2019_03_01_18_34_02_116.jpg, -0.3086672, 1, 0, 30.16851
/home/zubin/Desktop/Self-driving-car-simulation/Data/IMG/center_2019_03_01_18_34_02_231.jpg, /home/zubin/Desktop/Self-driving-car-simulation/Data/IMG/left_2019_03_01_18_34_02_231.jpg, /home/zubin/Desktop/Self-driving-car-simulation/Data/IMG/right_2019_03_01_18_34_02_231.jpg, -0.6540599, 1, 0, 30.11891
/home/zubin/Desktop/Self-driving-car-simulation/Data/IMG/center_2019_03_01_18_34_02_331.jpg, /home/zubin/Desktop/Self-driving-car-simulation/Data/IMG/left_2019_03_01_18_34_02_331.jpg, /home/zubin/Desktop/Self-driving-car-simulation/Data/IMG/right_2019_03_01_18_34_02_331.jpg, -0.4066651, 1, 0, 30.18597
/home/zubin/Desktop/Self-driving-car-simulation/Data/IMG/center_2019_03_01_18_34_02_432.jpg, /home/zubin/Desktop/Self-driving-car-simulation/Data/IMG/left_2019_03_01_18_34_02_432.jpg, /home/zubin/Desktop/Self-driving-car-simulation/Data/IMG/right_2019_03_01_18_34_02_432.jpg, -0.1021621, 1, 0, 30.19172
/home/zubin/Desktop/Self-driving-car-simulation/Data/IMG/center_2019_03_01_18_34_02_547.jpg, /home/zubin/Desktop/Self-driving-car-simulation/Data/IMG/left_2019_03_01_18_34_02_547.jpg, /home/zubin/Desktop/Self-driving-car-simulation/Data/IMG/right_2019_03_01_18_34_02_547.jpg, 0, 1, 0, 30.18873
/home/zubin/Desktop/Self-driving-car-simulation/Data/IMG/center_2019_03_01_18_34_02_665.jpg, /home/zubin/Desktop/Self-driving-car-simulation/Data/IMG/left_2019_03_01_18_34_02_665.jpg, /home/zubin/Desktop/Self-driving-car-simulation/Data/IMG/right_2019_03_01_18_34_02_665.jpg, 0, 1, 0, 30.18873
/home/zubin/Desktop/Self-driving-car-simulation/Data/IMG/center_2019_03_01_18_34_02_780.jpg, /home/zubin/Desktop/Self-driving-car-simulation/Data/IMG/left_2019_03_01_18_34_02_780.jpg, /home/zubin/Desktop/Self-driving-car-simulation/Data/IMG/right_2019_03_01_18_34_02_780.jpg, 0.2410498, 1, 0, 30.1737
/home/zubin/Desktop/Self-driving-car-simulation/Data/IMG/center_2019_03_01_18_34_02_899.jpg, /home/zubin/Desktop/Self-driving-car-simulation/Data/IMG/left_2019_03_01_18_34_02_899.jpg, /home/zubin/Desktop/Self-driving-car-simulation/Data/IMG/right_2019_03_01_18_34_02_899.jpg, 0.14118, 1, 0, 30.19103
/home/zubin/Desktop/Self-driving-car-simulation/Data/IMG/center_2019_03_01_18_34_03_016.jpg, /home/zubin/Desktop/Self-driving-car-simulation/Data/IMG/left_2019_03_01_18_34_03_016.jpg, /home/zubin/Desktop/Self-driving-car-simulation/Data/IMG/right_2019_03_01_18_34_03_016.jpg, 0, 1, 0, 30.18948
/home/zubin/Desktop/Self-driving-car-simulation/Data/IMG/center_2019_03_01_18_34_03_130.jpg, /home/zubin/Desktop/Self-driving-car-simulation/Data/IMG/left_2019_03_01_18_34_03_130.jpg, /home/zubin/Desktop/Self-driving-car-simulation/Data/IMG/right_2019_03_01_18_34_03_130.jpg, 0, 1, 0, 30.1902
/home/zubin/Desktop/Self-driving-car-simulation/Data/IMG/center_2019_03_01_18_34_03_232.jpg, /home/zubin/Desktop/Self-driving-car-simulation/Data/IMG/left_2019_03_01_18_34_03_232.jpg, /home/zubin/Desktop/Self-driving-car-simulation/Data/IMG/right_2019_03_01_18_34_03_232.jpg, 0, 1, 0, 30.19025
/home/zubin/Desktop/Self-driving-car-simulation/Data/IMG/center_2019_03_01_18_34_03_348.jpg, /home/zubin/Desktop/Self-driving-car-simulation/Data/IMG/left_2019_03_01_18_34_03_348.jpg, /home/zubin/Desktop/Self-driving-car-simulation/Data/IMG/right_2019_03_01_18_34_03_348.jpg, 0, 1, 0, 30.19029
/home/zubin/Desktop/Self-driving-car-simulation/Data/IMG/center_2019_03_01_18_34_03_449.jpg, /home/zubin/Desktop/Self-driving-car-simulation/Data/IMG/left_2019_03_01_18_34_03_449.jpg, /home/zubin/Desktop/Self-driving-car-simulation/Data/IMG/right_2019_03_01_18_34_03_449.jpg, -0.3010561, 1, 0, 30.1683
/home/zubin/Desktop/Self-driving-car-simulation/Data/IMG/center_2019_03_01_18_34_03_565.jpg, /home/zubin/Desktop/Self-driving-car-simulation/Data/IMG/left_2019_03_01_18_34_03_565.jpg, /home/zubin/Desktop/Self-driving-car-simulation/Data/IMG/right_2019_03_01_18_34_03_565.jpg, 0, 1, 0, 30.18928
/home/zubin/Desktop/Self-driving-car-simulation/Data/IMG/center_2019_03_01_18_34_03_665.jpg, /home/zubin/Desktop/Self-driving-car-simulation/Data/IMG/left_2019_03_01_18_34_03_665.jpg, /home/zubin/Desktop/Self-driving-car-simulation/Data/IMG/right_2019_03_01_18_34_03_665.jpg, 0, 1, 0, 30.19042
/home/zubin/Desktop/Self-driving-car-simulation/Data/IMG/center_2019_03_01_18_34_03_781.jpg, /home/zubin/Desktop/Self-driving-car-simulation/Data/IMG/left_2019_03_01_18_34_03_781.jpg, /home/zubin/Desktop/Self-driving-car-simulation/Data/IMG/right_2019_03_01_18_34_03_781.jpg, 0, 1, 0, 30.19048
/home/zubin/Desktop/Self-driving-car-simulation/Data/IMG/center_2019_03_01_18_34_03_895.jpg, /home/zubin/Desktop/Self-driving-car-simulation/Data/IMG/left_2019_03_01_18_34_03_895.jpg, /home/zubin/Desktop/Self-driving-car-simulation/Data/IMG/right_2019_03_01_18_34_03_895.jpg, 0, 1, 0, 30.19044
/home/zubin/Desktop/Self-driving-car-simulation/Data/IMG/center_2019_03_01_18_34_03_996.jpg, /home/zubin/Desktop/Self-driving-car-simulation/Data/IMG/left_2019_03_01_18_34_03_996.jpg, /home/zubin/Desktop/Self-driving-car-simulation/Data/IMG/right_2019_03_01_18_34_03_996.jpg, 0, 1, 0, 30.19047
/home/zubin/Desktop/Self-driving-car-simulation/Data/IMG/center_2019_03_01_18_34_04_113.jpg, /home/zubin/Desktop/Self-driving-car-simulation/Data/IMG/left_2019_03_01_18_34_04_113.jpg, /home/zubin/Desktop/Self-driving-car-simulation/Data/IMG/right_2019_03_01_18_34_04_113.jpg, 0, 1, 0, 30.19084
/home/zubin/Desktop/Self-driving-car-simulation/Data/IMG/center_2019_03_01_18_34_04_213.jpg, /home/zubin/Desktop/Self-driving-car-simulation/Data/IMG/left_2019_03_01_18_34_04_213.jpg, /home/zubin/Desktop/Self-driving-car-simulation/Data/IMG/right_2019_03_01_18_34_04_213.jpg, 0, 1, 0, 30.19061
/home/zubin/Desktop/Self-driving-car-simulation/Data/IMG/center_2019_03_01_18_34_04_332.jpg, /home/zubin/Desktop/Self-driving-car-simulation/Data/IMG/left_2019_03_01_18_34_04_332.jpg, /home/zubin/Desktop/Self-driving-car-simulation/Data/IMG/right_2019_03_01_18_34_04_332.jpg, -0.2395399, 1, 0, 30.17636
/home/zubin/Desktop/Self-driving-car-simulation/Data/IMG/center_2019_03_01_18_34_04_449.jpg, /home/zubin/Desktop/Self-driving-car-simulation/Data/IMG/left_2019_03_01_18_34_04_449.jpg, /home/zubin/Desktop/Self-driving-car-simulation/Data/IMG/right_2019_03_01_18_34_04_449.jpg, 0, 1, 0, 30.18934
/home/zubin/Desktop/Self-driving-car-simulation/Data/IMG/center_2019_03_01_18_34_04_563.jpg, /home/zubin/Desktop/Self-driving-car-simulation/Data/IMG/left_2019_03_01_18_34_04_563.jpg, /home/zubin/Desktop/Self-driving-car-simulation/Data/IMG/right_2019_03_01_18_34_04_563.jpg, 0, 1, 0, 30.19036
/home/zubin/Desktop/Self-driving-car-simulation/Data/IMG/center_2019_03_01_18_34_04_680.jpg, /home/zubin/Desktop/Self-driving-car-simulation/Data/IMG/left_2019_03_01_18_34_04_680.jpg, /home/zubin/Desktop/Self-driving-car-simulation/Data/IMG/right_2019_03_01_18_34_04_680.jpg, -0.09703231, 1, 0, 30.18816
/home/zubin/Desktop/Self-driving-car-simulation/Data/IMG/center_2019_03_01_18_34_04_780.jpg, /home/zubin/Desktop/Self-driving-car-simulation/Data/IMG/left_2019_03_01_18_34_04_780.jpg, /home/zubin/Desktop/Self-driving-car-simulation/Data/IMG/right_2019_03_01_18_34_04_780.jpg, -0.1938879, 1, 0, 30.18496
/home/zubin/Desktop/Self-driving-car-simulation/Data/IMG/center_2019_03_01_18_34_04_881.jpg, /home/zubin/Desktop/Self-driving-car-simulation/Data/IMG/left_2019_03_01_18_34_04_881.jpg, /home/zubin/Desktop/Self-driving-car-simulation/Data/IMG/right_2019_03_01_18_34_04_881.jpg, 0, 1, 0, 30.18972
/home/zubin/Desktop/Self-driving-car-simulation/Data/IMG/center_2019_03_01_18_34_04_996.jpg, /home/zubin/Desktop/Self-driving-car-simulation/Data/IMG/left_2019_03_01_18_34_04_996.jpg, /home/zubin/Desktop/Self-driving-car-simulation/Data/IMG/right_2019_03_01_18_34_04_996.jpg, -0.2366796, 1, 0, 30.18059
/home/zubin/Desktop/Self-driving-car-simulation/Data/IMG/center_2019_03_01_18_34_05_115.jpg, /home/zubin/Desktop/Self-driving-car-simulation/Data/IMG/left_2019_03_01_18_34_05_115.jpg, /home/zubin/Desktop/Self-driving-car-simulation/Data/IMG/right_2019_03_01_18_34_05_115.jpg, -0.0628767, 1, 0, 30.1901
/home/zubin/Desktop/Self-driving-car-simulation/Data/IMG/center_2019_03_01_18_34_05_229.jpg, /home/zubin/Desktop/Self-driving-car-simulation/Data/IMG/left_2019_03_01_18_34_05_229.jpg, /home/zubin/Desktop/Self-driving-car-simulation/Data/IMG/right_2019_03_01_18_34_05_229.jpg, -0.05084968, 1, 0, 30.19112
/home/zubin/Desktop/Self-driving-car-simulation/Data/IMG/center_2019_03_01_18_34_05_347.jpg, /home/zubin/Desktop/Self-driving-car-simulation/Data/IMG/left_2019_03_01_18_34_05_347.jpg, /home/zubin/Desktop/Self-driving-car-simulation/Data/IMG/right_2019_03_01_18_34_05_347.jpg, 0, 1, 0, 30.19014
/home/zubin/Desktop/Self-driving-car-simulation/Data/IMG/center_2019_03_01_18_34_05_460.jpg, /home/zubin/Desktop/Self-driving-car-simulation/Data/IMG/left_2019_03_01_18_34_05_460.jpg, /home/zubin/Desktop/Self-driving-car-simulation/Data/IMG/right_2019_03_01_18_34_05_460.jpg, 0, 1, 0, 30.19028
/home/zubin/Desktop/Self-driving-car-simulation/Data/IMG/center_2019_03_01_18_34_05_578.jpg, /home/zubin/Desktop/Self-driving-car-simulation/Data/IMG/left_2019_03_01_18_34_05_578.jpg, /home/zubin/Desktop/Self-driving-car-simulation/Data/IMG/right_2019_03_01_18_34_05_578.jpg, 0, 1, 0, 30.19028
/home/zubin/Desktop/Self-driving-car-simulation/Data/IMG/center_2019_03_01_18_34_05_696.jpg, /home/zubin/Desktop/Self-driving-car-simulation/Data/IMG/left_2019_03_01_18_34_05_696.jpg, /home/zubin/Desktop/Self-driving-car-simulation/Data/IMG/right_2019_03_01_18_34_05_696.jpg, 0, 1, 0, 30.19031
/home/zubin/Desktop/Self-driving-car-simulation/Data/IMG/center_2019_03_01_18_34_05_811.jpg, /home/zubin/Desktop/Self-driving-car-simulation/Data/IMG/left_2019_03_01_18_34_05_811.jpg, /home/zubin/Desktop/Self-driving-car-simulation/Data/IMG/right_2019_03_01_18_34_05_811.jpg, -0.1855381, 1, 0, 30.18117
/home/zubin/Desktop/Self-driving-car-simulation/Data/IMG/center_2019_03_01_18_34_05_913.jpg, /home/zubin/Desktop/Self-driving-car-simulation/Data/IMG/left_2019_03_01_18_34_05_913.jpg, /home/zubin/Desktop/Self-driving-car-simulation/Data/IMG/right_2019_03_01_18_34_05_913.jpg, 0, 1, 0, 30.18998
/home/zubin/Desktop/Self-driving-car-simulation/Data/IMG/center_2019_03_01_18_34_06_027.jpg, /home/zubin/Desktop/Self-driving-car-simulation/Data/IMG/left_2019_03_01_18_34_06_027.jpg, /home/zubin/Desktop/Self-driving-car-simulation/Data/IMG/right_2019_03_01_18_34_06_027.jpg, 0, 1, 0, 30.19024
/home/zubin/Desktop/Self-driving-car-simulation/Data/IMG/center_2019_03_01_18_34_06_129.jpg, /home/zubin/Desktop/Self-driving-car-simulation/Data/IMG/left_2019_03_01_18_34_06_129.jpg, /home/zubin/Desktop/Self-driving-car-simulation/Data/IMG/right_2019_03_01_18_34_06_129.jpg, 0, 1, 0, 30.19032
/home/zubin/Desktop/Self-driving-car-simulation/Data/IMG/center_2019_03_01_18_34_06_243.jpg, /home/zubin/Desktop/Self-driving-car-simulation/Data/IMG/left_2019_03_01_18_34_06_243.jpg, /home/zubin/Desktop/Self-driving-car-simulation/Data/IMG/right_2019_03_01_18_34_06_243.jpg, 0, 1, 0, 30.19027
/home/zubin/Desktop/Self-driving-car-simulation/Data/IMG/center_2019_03_01_18_34_06_344.jpg, /home/zubin/Desktop/Self-driving-car-simulation/Data/IMG/left_2019_03_01_18_34_06_344.jpg, /home/zubin/Desktop/Self-driving-car-simulation/Data/IMG/right_2019_03_01_18_34_06_344.jpg, -0.1072741, 1, 0, 30.18714
/home/zubin/Desktop/Self-driving-car-simulation/Data/IMG/center_2019_03_01_18_34_06_461.jpg, /home/zubin/Desktop/Self-driving-car-simulation/Data/IMG/left_2019_03_01_18_34_06_461.jpg, /home/zubin/Desktop/Self-driving-car-simulation/Data/IMG/right_2019_03_01_18_34_06_461.jpg, -0.09422493, 1, 0, 30.18996
/home/zubin/Desktop/Self-driving-car-simulation/Data/IMG/center_2019_03_01_18_34_06_578.jpg, /home/zubin/Desktop/Self-driving-car-simulation/Data/IMG/left_2019_03_01_18_34_06_578.jpg, /home/zubin/Desktop/Self-driving-car-simulation/Data/IMG/right_2019_03_01_18_34_06_578.jpg, 0, 1, 0, 30.19012
/home/zubin/Desktop/Self-driving-car-simulation/Data/IMG/center_2019_03_01_18_34_06_695.jpg, /home/zubin/Desktop/Self-driving-car-simulation/Data/IMG/left_2019_03_01_18_34_06_695.jpg, /home/zubin/Desktop/Self-driving-car-simulation/Data/IMG/right_2019_03_01_18_34_06_695.jpg, 0, 1, 0, 30.19027
/home/zubin/Desktop/Self-driving-car-simulation/Data/IMG/center_2019_03_01_18_34_06_809.jpg, /home/zubin/Desktop/Self-driving-car-simulation/Data/IMG/left_2019_03_01_18_34_06_809.jpg, /home/zubin/Desktop/Self-driving-car-simulation/Data/IMG/right_2019_03_01_18_34_06_809.jpg, 0, 1, 0, 30.19031
/home/zubin/Desktop/Self-driving-car-simulation/Data/IMG/center_2019_03_01_18_34_06_929.jpg, /home/zubin/Desktop/Self-driving-car-simulation/Data/IMG/left_2019_03_01_18_34_06_929.jpg, /home/zubin/Desktop/Self-driving-car-simulation/Data/IMG/right_2019_03_01_18_34_06_929.jpg, 0, 1, 0, 30.19029
/home/zubin/Desktop/Self-driving-car-simulation/Data/IMG/center_2019_03_01_18_34_07_042.jpg, /home/zubin/Desktop/Self-driving-car-simulation/Data/IMG/left_2019_03_01_18_34_07_042.jpg, /home/zubin/Desktop/Self-driving-car-simulation/Data/IMG/right_2019_03_01_18_34_07_042.jpg, 0, 1, 0, 30.19033
/home/zubin/Desktop/Self-driving-car-simulation/Data/IMG/center_2019_03_01_18_34_07_143.jpg, /home/zubin/Desktop/Self-driving-car-simulation/Data/IMG/left_2019_03_01_18_34_07_143.jpg, /home/zubin/Desktop/Self-driving-car-simulation/Data/IMG/right_2019_03_01_18_34_07_143.jpg, 0, 1, 0, 30.19027
/home/zubin/Desktop/Self-driving-car-simulation/Data/IMG/center_2019_03_01_18_34_07_245.jpg, /home/zubin/Desktop/Self-driving-car-simulation/Data/IMG/left_2019_03_01_18_34_07_245.jpg, /home/zubin/Desktop/Self-driving-car-simulation/Data/IMG/right_2019_03_01_18_34_07_245.jpg, -0.2061696, 1, 0, 30.17875
/home/zubin/Desktop/Self-driving-car-simulation/Data/IMG/center_2019_03_01_18_34_07_360.jpg, /home/zubin/Desktop/Self-driving-car-simulation/Data/IMG/left_2019_03_01_18_34_07_360.jpg, /home/zubin/Desktop/Self-driving-car-simulation/Data/IMG/right_2019_03_01_18_34_07_360.jpg, -0.05965233, 1, 0, 30.19082
/home/zubin/Desktop/Self-driving-car-simulation/Data/IMG/center_2019_03_01_18_34_07_477.jpg, /home/zubin/Desktop/Self-driving-car-simulation/Data/IMG/left_2019_03_01_18_34_07_477.jpg, /home/zubin/Desktop/Self-driving-car-simulation/Data/IMG/right_2019_03_01_18_34_07_477.jpg, 0, 1, 0, 30.19004
/home/zubin/Desktop/Self-driving-car-simulation/Data/IMG/center_2019_03_01_18_34_07_592.jpg, /home/zubin/Desktop/Self-driving-car-simulation/Data/IMG/left_2019_03_01_18_34_07_592.jpg, /home/zubin/Desktop/Self-driving-car-simulation/Data/IMG/right_2019_03_01_18_34_07_592.jpg, 0, 1, 0, 30.19025
/home/zubin/Desktop/Self-driving-car-simulation/Data/IMG/center_2019_03_01_18_34_07_694.jpg, /home/zubin/Desktop/Self-driving-car-simulation/Data/IMG/left_2019_03_01_18_34_07_694.jpg, /home/zubin/Desktop/Self-driving-car-simulation/Data/IMG/right_2019_03_01_18_34_07_694.jpg, 0, 1, 0, 30.19029
/home/zubin/Desktop/Self-driving-car-simulation/Data/IMG/center_2019_03_01_18_34_07_808.jpg, /home/zubin/Desktop/Self-driving-car-simulation/Data/IMG/left_2019_03_01_18_34_07_808.jpg, /home/zubin/Desktop/Self-driving-car-simulation/Data/IMG/right_2019_03_01_18_34_07_808.jpg, 0, 1, 0, 30.19026
/home/zubin/Desktop/Self-driving-car-simulation/Data/IMG/center_2019_03_01_18_34_07_924.jpg, /home/zubin/Desktop/Self-driving-car-simulation/Data/IMG/left_2019_03_01_18_34_07_924.jpg, /home/zubin/Desktop/Self-driving-car-simulation/Data/IMG/right_2019_03_01_18_34_07_924.jpg, 0, 1, 0, 30.19028
/home/zubin/Desktop/Self-driving-car-simulation/Data/IMG/center_2019_03_01_18_34_08_025.jpg, /home/zubin/Desktop/Self-driving-car-simulation/Data/IMG/left_2019_03_01_18_34_08_025.jpg, /home/zubin/Desktop/Self-driving-car-simulation/Data/IMG/right_2019_03_01_18_34_08_025.jpg, 0, 1, 0, 30.19016
/home/zubin/Desktop/Self-driving-car-simulation/Data/IMG/center_2019_03_01_18_34_08_143.jpg, /home/zubin/Desktop/Self-driving-car-simulation/Data/IMG/left_2019_03_01_18_34_08_143.jpg, /home/zubin/Desktop/Self-driving-car-simulation/Data/IMG/right_2019_03_01_18_34_08_143.jpg, 0, 1, 0, 30.19031
/home/zubin/Desktop/Self-driving-car-simulation/Data/IMG/center_2019_03_01_18_34_08_260.jpg, /home/zubin/Desktop/Self-driving-car-simulation/Data/IMG/left_2019_03_01_18_34_08_260.jpg, /home/zubin/Desktop/Self-driving-car-simulation/Data/IMG/right_2019_03_01_18_34_08_260.jpg, 0, 1, 0, 30.19032
/home/zubin/Desktop/Self-driving-car-simulation/Data/IMG/center_2019_03_01_18_34_08_376.jpg, /home/zubin/Desktop/Self-driving-car-simulation/Data/IMG/left_2019_03_01_18_34_08_376.jpg, /home/zubin/Desktop/Self-driving-car-simulation/Data/IMG/right_2019_03_01_18_34_08_376.jpg, 0, 1, 0, 30.19031
/home/zubin/Desktop/Self-driving-car-simulation/Data/IMG/center_2019_03_01_18_34_08_491.jpg, /home/zubin/Desktop/Self-driving-car-simulation/Data/IMG/left_2019_03_01_18_34_08_491.jpg, /home/zubin/Desktop/Self-driving-car-simulation/Data/IMG/right_2019_03_01_18_34_08_491.jpg, 0, 1, 0, 30.1903
/home/zubin/Desktop/Self-driving-car-simulation/Data/IMG/center_2019_03_01_18_34_08_592.jpg, /home/zubin/Desktop/Self-driving-car-simulation/Data/IMG/left_2019_03_01_18_34_08_592.jpg, /home/zubin/Desktop/Self-driving-car-simulation/Data/IMG/right_2019_03_01_18_34_08_592.jpg, 0, 1, 0, 30.19029
/home/zubin/Desktop/Self-driving-car-simulation/Data/IMG/center_2019_03_01_18_34_08_709.jpg, /home/zubin/Desktop/Self-driving-car-simulation/Data/IMG/left_2019_03_01_18_34_08_709.jpg, /home/zubin/Desktop/Self-driving-car-simulation/Data/IMG/right_2019_03_01_18_34_08_709.jpg, 0, 1, 0, 30.19031
/home/zubin/Desktop/Self-driving-car-simulation/Data/IMG/center_2019_03_01_18_34_08_824.jpg, /home/zubin/Desktop/Self-driving-car-simulation/Data/IMG/left_2019_03_01_18_34_08_824.jpg, /home/zubin/Desktop/Self-driving-car-simulation/Data/IMG/right_2019_03_01_18_34_08_824.jpg, 0, 1, 0, 30.19029
/home/zubin/Desktop/Self-driving-car-simulation/Data/IMG/center_2019_03_01_18_34_08_942.jpg, /home/zubin/Desktop/Self-driving-car-simulation/Data/IMG/left_2019_03_01_18_34_08_942.jpg, /home/zubin/Desktop/Self-driving-car-simulation/Data/IMG/right_2019_03_01_18_34_08_942.jpg, 0, 1, 0, 30.19031
/home/zubin/Desktop/Self-driving-car-simulation/Data/IMG/center_2019_03_01_18_34_09_058.jpg, /home/zubin/Desktop/Self-driving-car-simulation/Data/IMG/left_2019_03_01_18_34_09_058.jpg, /home/zubin/Desktop/Self-driving-car-simulation/Data/IMG/right_2019_03_01_18_34_09_058.jpg, 0, 1, 0, 30.1903
/home/zubin/Desktop/Self-driving-car-simulation/Data/IMG/center_2019_03_01_18_34_09_172.jpg, /home/zubin/Desktop/Self-driving-car-simulation/Data/IMG/left_2019_03_01_18_34_09_172.jpg, /home/zubin/Desktop/Self-driving-car-simulation/Data/IMG/right_2019_03_01_18_34_09_172.jpg, 0, 1, 0, 30.19029
/home/zubin/Desktop/Self-driving-car-simulation/Data/IMG/center_2019_03_01_18_34_09_292.jpg, /home/zubin/Desktop/Self-driving-car-simulation/Data/IMG/left_2019_03_01_18_34_09_292.jpg, /home/zubin/Desktop/Self-driving-car-simulation/Data/IMG/right_2019_03_01_18_34_09_292.jpg, 0, 1, 0, 30.1903
/home/zubin/Desktop/Self-driving-car-simulation/Data/IMG/center_2019_03_01_18_34_09_406.jpg, /home/zubin/Desktop/Self-driving-car-simulation/Data/IMG/left_2019_03_01_18_34_09_406.jpg, /home/zubin/Desktop/Self-driving-car-simulation/Data/IMG/right_2019_03_01_18_34_09_406.jpg, 0, 1, 0, 30.19033
/home/zubin/Desktop/Self-driving-car-simulation/Data/IMG/center_2019_03_01_18_34_09_507.jpg, /home/zubin/Desktop/Self-driving-car-simulation/Data/IMG/left_2019_03_01_18_34_09_507.jpg, /home/zubin/Desktop/Self-driving-car-simulation/Data/IMG/right_2019_03_01_18_34_09_507.jpg, 0, 1, 0, 30.19028
/home/zubin/Desktop/Self-driving-car-simulation/Data/IMG/center_2019_03_01_18_34_09_607.jpg, /home/zubin/Desktop/Self-driving-car-simulation/Data/IMG/left_2019_03_01_18_34_09_607.jpg, /home/zubin/Desktop/Self-driving-car-simulation/Data/IMG/right_2019_03_01_18_34_09_607.jpg, 0, 1, 0, 30.19032
/home/zubin/Desktop/Self-driving-car-simulation/Data/IMG/center_2019_03_01_18_34_09_723.jpg, /home/zubin/Desktop/Self-driving-car-simulation/Data/IMG/left_2019_03_01_18_34_09_723.jpg, /home/zubin/Desktop/Self-driving-car-simulation/Data/IMG/right_2019_03_01_18_34_09_723.jpg, 0, 1, 0, 30.19029
/home/zubin/Desktop/Self-driving-car-simulation/Data/IMG/center_2019_03_01_18_34_09_824.jpg, /home/zubin/Desktop/Self-driving-car-simulation/Data/IMG/left_2019_03_01_18_34_09_824.jpg, /home/zubin/Desktop/Self-driving-car-simulation/Data/IMG/right_2019_03_01_18_34_09_824.jpg, 0, 1, 0, 30.1903
/home/zubin/Desktop/Self-driving-car-simulation/Data/IMG/center_2019_03_01_18_34_09_942.jpg, /home/zubin/Desktop/Self-driving-car-simulation/Data/IMG/left_2019_03_01_18_34_09_942.jpg, /home/zubin/Desktop/Self-driving-car-simulation/Data/IMG/right_2019_03_01_18_34_09_942.jpg, -0.1623659, 1, 0, 30.18329
/home/zubin/Desktop/Self-driving-car-simulation/Data/IMG/center_2019_03_01_18_34_10_056.jpg, /home/zubin/Desktop/Self-driving-car-simulation/Data/IMG/left_2019_03_01_18_34_10_056.jpg, /home/zubin/Desktop/Self-driving-car-simulation/Data/IMG/right_2019_03_01_18_34_10_056.jpg, -0.1390014, 1, 0, 30.18949
/home/zubin/Desktop/Self-driving-car-simulation/Data/IMG/center_2019_03_01_18_34_10_174.jpg, /home/zubin/Desktop/Self-driving-car-simulation/Data/IMG/left_2019_03_01_18_34_10_174.jpg, /home/zubin/Desktop/Self-driving-car-simulation/Data/IMG/right_2019_03_01_18_34_10_174.jpg, 0, 1, 0, 30.18982
/home/zubin/Desktop/Self-driving-car-simulation/Data/IMG/center_2019_03_01_18_34_10_275.jpg, /home/zubin/Desktop/Self-driving-car-simulation/Data/IMG/left_2019_03_01_18_34_10_275.jpg, /home/zubin/Desktop/Self-driving-car-simulation/Data/IMG/right_2019_03_01_18_34_10_275.jpg, 0, 1, 0, 30.19024
/home/zubin/Desktop/Self-driving-car-simulation/Data/IMG/center_2019_03_01_18_34_10_389.jpg, /home/zubin/Desktop/Self-driving-car-simulation/Data/IMG/left_2019_03_01_18_34_10_389.jpg, /home/zubin/Desktop/Self-driving-car-simulation/Data/IMG/right_2019_03_01_18_34_10_389.jpg, 0, 1, 0, 30.19029
/home/zubin/Desktop/Self-driving-car-simulation/Data/IMG/center_2019_03_01_18_34_10_492.jpg, /home/zubin/Desktop/Self-driving-car-simulation/Data/IMG/left_2019_03_01_18_34_10_492.jpg, /home/zubin/Desktop/Self-driving-car-simulation/Data/IMG/right_2019_03_01_18_34_10_492.jpg, 0, 1, 0, 30.07592
/home/zubin/Desktop/Self-driving-car-simulation/Data/IMG/center_2019_03_01_18_34_10_608.jpg, /home/zubin/Desktop/Self-driving-car-simulation/Data/IMG/left_2019_03_01_18_34_10_608.jpg, /home/zubin/Desktop/Self-driving-car-simulation/Data/IMG/right_2019_03_01_18_34_10_608.jpg, 0, 1, 0, 30.16697
/home/zubin/Desktop/Self-driving-car-simulation/Data/IMG/center_2019_03_01_18_34_10_725.jpg, /home/zubin/Desktop/Self-driving-car-simulation/Data/IMG/left_2019_03_01_18_34_10_725.jpg, /home/zubin/Desktop/Self-driving-car-simulation/Data/IMG/right_2019_03_01_18_34_10_725.jpg, 0, 1, 0, 30.41955
/home/zubin/Desktop/Self-driving-car-simulation/Data/IMG/center_2019_03_01_18_34_10_841.jpg, /home/zubin/Desktop/Self-driving-car-simulation/Data/IMG/left_2019_03_01_18_34_10_841.jpg, /home/zubin/Desktop/Self-driving-car-simulation/Data/IMG/right_2019_03_01_18_34_10_841.jpg, 0, 1, 0, 30.18833
/home/zubin/Desktop/Self-driving-car-simulation/Data/IMG/center_2019_03_01_18_34_10_955.jpg, /home/zubin/Desktop/Self-driving-car-simulation/Data/IMG/left_2019_03_01_18_34_10_955.jpg, /home/zubin/Desktop/Self-driving-car-simulation/Data/IMG/right_2019_03_01_18_34_10_955.jpg, 0, 1, 0, 30.18977
/home/zubin/Desktop/Self-driving-car-simulation/Data/IMG/center_2019_03_01_18_34_11_058.jpg, /home/zubin/Desktop/Self-driving-car-simulation/Data/IMG/left_2019_03_01_18_34_11_058.jpg, /home/zubin/Desktop/Self-driving-car-simulation/Data/IMG/right_2019_03_01_18_34_11_058.jpg, 0, 1, 0, 30.18999
/home/zubin/Desktop/Self-driving-car-simulation/Data/IMG/center_2019_03_01_18_34_11_172.jpg, /home/zubin/Desktop/Self-driving-car-simulation/Data/IMG/left_2019_03_01_18_34_11_172.jpg, /home/zubin/Desktop/Self-driving-car-simulation/Data/IMG/right_2019_03_01_18_34_11_172.jpg, 0, 1, 0, 30.18993
/home/zubin/Desktop/Self-driving-car-simulation/Data/IMG/center_2019_03_01_18_34_11_275.jpg, /home/zubin/Desktop/Self-driving-car-simulation/Data/IMG/left_2019_03_01_18_34_11_275.jpg, /home/zubin/Desktop/Self-driving-car-simulation/Data/IMG/right_2019_03_01_18_34_11_275.jpg, 0, 1, 0, 30.18986
/home/zubin/Desktop/Self-driving-car-simulation/Data/IMG/center_2019_03_01_18_34_11_389.jpg, /home/zubin/Desktop/Self-driving-car-simulation/Data/IMG/left_2019_03_01_18_34_11_389.jpg, /home/zubin/Desktop/Self-driving-car-simulation/Data/IMG/right_2019_03_01_18_34_11_389.jpg, 0, 1, 0, 30.18986
/home/zubin/Desktop/Self-driving-car-simulation/Data/IMG/center_2019_03_01_18_34_11_507.jpg, /home/zubin/Desktop/Self-driving-car-simulation/Data/IMG/left_2019_03_01_18_34_11_507.jpg, /home/zubin/Desktop/Self-driving-car-simulation/Data/IMG/right_2019_03_01_18_34_11_507.jpg, 0, 1, 0, 30.18985
/home/zubin/Desktop/Self-driving-car-simulation/Data/IMG/center_2019_03_01_18_34_11_623.jpg, /home/zubin/Desktop/Self-driving-car-simulation/Data/IMG/left_2019_03_01_18_34_11_623.jpg, /home/zubin/Desktop/Self-driving-car-simulation/Data/IMG/right_2019_03_01_18_34_11_623.jpg, 0, 1, 0, 30.18986
/home/zubin/Desktop/Self-driving-car-simulation/Data/IMG/center_2019_03_01_18_34_11_741.jpg, /home/zubin/Desktop/Self-driving-car-simulation/Data/IMG/left_2019_03_01_18_34_11_741.jpg, /home/zubin/Desktop/Self-driving-car-simulation/Data/IMG/right_2019_03_01_18_34_11_741.jpg, 0, 1, 0, 30.18984
/home/zubin/Desktop/Self-driving-car-simulation/Data/IMG/center_2019_03_01_18_34_11_855.jpg, /home/zubin/Desktop/Self-driving-car-simulation/Data/IMG/left_2019_03_01_18_34_11_855.jpg, /home/zubin/Desktop/Self-driving-car-simulation/Data/IMG/right_2019_03_01_18_34_11_855.jpg, 0, 1, 0, 30.18985
/home/zubin/Desktop/Self-driving-car-simulation/Data/IMG/center_2019_03_01_18_34_11_955.jpg, /home/zubin/Desktop/Self-driving-car-simulation/Data/IMG/left_2019_03_01_18_34_11_955.jpg, /home/zubin/Desktop/Self-driving-car-simulation/Data/IMG/right_2019_03_01_18_34_11_955.jpg, 0, 1, 0, 30.18986
/home/zubin/Desktop/Self-driving-car-simulation/Data/IMG/center_2019_03_01_18_34_12_057.jpg, /home/zubin/Desktop/Self-driving-car-simulation/Data/IMG/left_2019_03_01_18_34_12_057.jpg, /home/zubin/Desktop/Self-driving-car-simulation/Data/IMG/right_2019_03_01_18_34_12_057.jpg, 0, 1, 0, 30.18984
/home/zubin/Desktop/Self-driving-car-simulation/Data/IMG/center_2019_03_01_18_34_12_175.jpg, /home/zubin/Desktop/Self-driving-car-simulation/Data/IMG/left_2019_03_01_18_34_12_175.jpg, /home/zubin/Desktop/Self-driving-car-simulation/Data/IMG/right_2019_03_01_18_34_12_175.jpg, 0, 1, 0, 30.18984
/home/zubin/Desktop/Self-driving-car-simulation/Data/IMG/center_2019_03_01_18_34_12_276.jpg, /home/zubin/Desktop/Self-driving-car-simulation/Data/IMG/left_2019_03_01_18_34_12_276.jpg, /home/zubin/Desktop/Self-driving-car-simulation/Data/IMG/right_2019_03_01_18_34_12_276.jpg, 0, 1, 0, 30.18984
/home/zubin/Desktop/Self-driving-car-simulation/Data/IMG/center_2019_03_01_18_34_12_389.jpg, /home/zubin/Desktop/Self-driving-car-simulation/Data/IMG/left_2019_03_01_18_34_12_389.jpg, /home/zubin/Desktop/Self-driving-car-simulation/Data/IMG/right_2019_03_01_18_34_12_389.jpg, 0, 1, 0, 30.18986
/home/zubin/Desktop/Self-driving-car-simulation/Data/IMG/center_2019_03_01_18_34_12_490.jpg, /home/zubin/Desktop/Self-driving-car-simulation/Data/IMG/left_2019_03_01_18_34_12_490.jpg, /home/zubin/Desktop/Self-driving-car-simulation/Data/IMG/right_2019_03_01_18_34_12_490.jpg, -0.008568764, 1, 0, 30.18858
/home/zubin/Desktop/Self-driving-car-simulation/Data/IMG/center_2019_03_01_18_34_12_608.jpg, /home/zubin/Desktop/Self-driving-car-simulation/Data/IMG/left_2019_03_01_18_34_12_608.jpg, /home/zubin/Desktop/Self-driving-car-simulation/Data/IMG/right_2019_03_01_18_34_12_608.jpg, 0, 1, 0, 30.18987
/home/zubin/Desktop/Self-driving-car-simulation/Data/IMG/center_2019_03_01_18_34_12_723.jpg, /home/zubin/Desktop/Self-driving-car-simulation/Data/IMG/left_2019_03_01_18_34_12_723.jpg, /home/zubin/Desktop/Self-driving-car-simulation/Data/IMG/right_2019_03_01_18_34_12_723.jpg, 0, 1, 0, 30.18987
/home/zubin/Desktop/Self-driving-car-simulation/Data/IMG/center_2019_03_01_18_34_12_838.jpg, /home/zubin/Desktop/Self-driving-car-simulation/Data/IMG/left_2019_03_01_18_34_12_838.jpg, /home/zubin/Desktop/Self-driving-car-simulation/Data/IMG/right_2019_03_01_18_34_12_838.jpg, 0, 1, 0, 30.18985
/home/zubin/Desktop/Self-driving-car-simulation/Data/IMG/center_2019_03_01_18_34_12_941.jpg, /home/zubin/Desktop/Self-driving-car-simulation/Data/IMG/left_2019_03_01_18_34_12_941.jpg, /home/zubin/Desktop/Self-driving-car-simulation/Data/IMG/right_2019_03_01_18_34_12_941.jpg, -0.2050166, 1, 0, 30.17827
/home/zubin/Desktop/Self-driving-car-simulation/Data/IMG/center_2019_03_01_18_34_13_054.jpg, /home/zubin/Desktop/Self-driving-car-simulation/Data/IMG/left_2019_03_01_18_34_13_054.jpg, /home/zubin/Desktop/Self-driving-car-simulation/Data/IMG/right_2019_03_01_18_34_13_054.jpg, 0, 1, 0, 30.1897
/home/zubin/Desktop/Self-driving-car-simulation/Data/IMG/center_2019_03_01_18_34_13_157.jpg, /home/zubin/Desktop/Self-driving-car-simulation/Data/IMG/left_2019_03_01_18_34_13_157.jpg, /home/zubin/Desktop/Self-driving-car-simulation/Data/IMG/right_2019_03_01_18_34_13_157.jpg, 0, 1, 0, 30.18983
/home/zubin/Desktop/Self-driving-car-simulation/Data/IMG/center_2019_03_01_18_34_13_273.jpg, /home/zubin/Desktop/Self-driving-car-simulation/Data/IMG/left_2019_03_01_18_34_13_273.jpg, /home/zubin/Desktop/Self-driving-car-simulation/Data/IMG/right_2019_03_01_18_34_13_273.jpg, 0, 1, 0, 30.1899
/home/zubin/Desktop/Self-driving-car-simulation/Data/IMG/center_2019_03_01_18_34_13_374.jpg, /home/zubin/Desktop/Self-driving-car-simulation/Data/IMG/left_2019_03_01_18_34_13_374.jpg, /home/zubin/Desktop/Self-driving-car-simulation/Data/IMG/right_2019_03_01_18_34_13_374.jpg, -0.1691666, 0.9463358, 0, 30.18253
/home/zubin/Desktop/Self-driving-car-simulation/Data/IMG/center_2019_03_01_18_34_13_488.jpg, /home/zubin/Desktop/Self-driving-car-simulation/Data/IMG/left_2019_03_01_18_34_13_488.jpg, /home/zubin/Desktop/Self-driving-car-simulation/Data/IMG/right_2019_03_01_18_34_13_488.jpg, -0.1346548, 0.9808476, 0, 30.16153
/home/zubin/Desktop/Self-driving-car-simulation/Data/IMG/center_2019_03_01_18_34_13_591.jpg, /home/zubin/Desktop/Self-driving-car-simulation/Data/IMG/left_2019_03_01_18_34_13_591.jpg, /home/zubin/Desktop/Self-driving-car-simulation/Data/IMG/right_2019_03_01_18_34_13_591.jpg, 0, 1, 0, 30.18942
/home/zubin/Desktop/Self-driving-car-simulation/Data/IMG/center_2019_03_01_18_34_13_705.jpg, /home/zubin/Desktop/Self-driving-car-simulation/Data/IMG/left_2019_03_01_18_34_13_705.jpg, /home/zubin/Desktop/Self-driving-car-simulation/Data/IMG/right_2019_03_01_18_34_13_705.jpg, 0, 1, 0, 30.18993
/home/zubin/Desktop/Self-driving-car-simulation/Data/IMG/center_2019_03_01_18_34_13_821.jpg, /home/zubin/Desktop/Self-driving-car-simulation/Data/IMG/left_2019_03_01_18_34_13_821.jpg, /home/zubin/Desktop/Self-driving-car-simulation/Data/IMG/right_2019_03_01_18_34_13_821.jpg, 0, 1, 0, 30.19002
/home/zubin/Desktop/Self-driving-car-simulation/Data/IMG/center_2019_03_01_18_34_13_940.jpg, /home/zubin/Desktop/Self-driving-car-simulation/Data/IMG/left_2019_03_01_18_34_13_940.jpg, /home/zubin/Desktop/Self-driving-car-simulation/Data/IMG/right_2019_03_01_18_34_13_940.jpg, 0, 1, 0, 30.19001
/home/zubin/Desktop/Self-driving-car-simulation/Data/IMG/center_2019_03_01_18_34_14_054.jpg, /home/zubin/Desktop/Self-driving-car-simulation/Data/IMG/left_2019_03_01_18_34_14_054.jpg, /home/zubin/Desktop/Self-driving-car-simulation/Data/IMG/right_2019_03_01_18_34_14_054.jpg, 0, 1, 0, 30.19004
/home/zubin/Desktop/Self-driving-car-simulation/Data/IMG/center_2019_03_01_18_34_14_155.jpg, /home/zubin/Desktop/Self-driving-car-simulation/Data/IMG/left_2019_03_01_18_34_14_155.jpg, /home/zubin/Desktop/Self-driving-car-simulation/Data/IMG/right_2019_03_01_18_34_14_155.jpg, 0, 1, 0, 30.19001
/home/zubin/Desktop/Self-driving-car-simulation/Data/IMG/center_2019_03_01_18_34_14_270.jpg, /home/zubin/Desktop/Self-driving-car-simulation/Data/IMG/left_2019_03_01_18_34_14_270.jpg, /home/zubin/Desktop/Self-driving-car-simulation/Data/IMG/right_2019_03_01_18_34_14_270.jpg, 0, 1, 0, 30.19004
/home/zubin/Desktop/Self-driving-car-simulation/Data/IMG/center_2019_03_01_18_34_14_388.jpg, /home/zubin/Desktop/Self-driving-car-simulation/Data/IMG/left_2019_03_01_18_34_14_388.jpg, /home/zubin/Desktop/Self-driving-car-simulation/Data/IMG/right_2019_03_01_18_34_14_388.jpg, 0, 1, 0, 30.19003
/home/zubin/Desktop/Self-driving-car-simulation/Data/IMG/center_2019_03_01_18_34_14_488.jpg, /home/zubin/Desktop/Self-driving-car-simulation/Data/IMG/left_2019_03_01_18_34_14_488.jpg, /home/zubin/Desktop/Self-driving-car-simulation/Data/IMG/right_2019_03_01_18_34_14_488.jpg, 0, 1, 0, 30.19003
/home/zubin/Desktop/Self-driving-car-simulation/Data/IMG/center_2019_03_01_18_34_14_603.jpg, /home/zubin/Desktop/Self-driving-car-simulation/Data/IMG/left_2019_03_01_18_34_14_603.jpg, /home/zubin/Desktop/Self-driving-car-simulation/Data/IMG/right_2019_03_01_18_34_14_603.jpg, 0, 1, 0, 30.19002
/home/zubin/Desktop/Self-driving-car-simulation/Data/IMG/center_2019_03_01_18_34_14_704.jpg, /home/zubin/Desktop/Self-driving-car-simulation/Data/IMG/left_2019_03_01_18_34_14_704.jpg, /home/zubin/Desktop/Self-driving-car-simulation/Data/IMG/right_2019_03_01_18_34_14_704.jpg, 0, 1, 0, 30.19004
/home/zubin/Desktop/Self-driving-car-simulation/Data/IMG/center_2019_03_01_18_34_14_805.jpg, /home/zubin/Desktop/Self-driving-car-simulation/Data/IMG/left_2019_03_01_18_34_14_805.jpg, /home/zubin/Desktop/Self-driving-car-simulation/Data/IMG/right_2019_03_01_18_34_14_805.jpg, 0, 1, 0, 30.19
/home/zubin/Desktop/Self-driving-car-simulation/Data/IMG/center_2019_03_01_18_34_14_920.jpg, /home/zubin/Desktop/Self-driving-car-simulation/Data/IMG/left_2019_03_01_18_34_14_920.jpg, /home/zubin/Desktop/Self-driving-car-simulation/Data/IMG/right_2019_03_01_18_34_14_920.jpg, 0, 1, 0, 30.19002
/home/zubin/Desktop/Self-driving-car-simulation/Data/IMG/center_2019_03_01_18_34_15_037.jpg, /home/zubin/Desktop/Self-driving-car-simulation/Data/IMG/left_2019_03_01_18_34_15_037.jpg, /home/zubin/Desktop/Self-driving-car-simulation/Data/IMG/right_2019_03_01_18_34_15_037.jpg, 0, 1, 0, 30.19002
/home/zubin/Desktop/Self-driving-car-simulation/Data/IMG/center_2019_03_01_18_34_15_138.jpg, /home/zubin/Desktop/Self-driving-car-simulation/Data/IMG/left_2019_03_01_18_34_15_138.jpg, /home/zubin/Desktop/Self-driving-car-simulation/Data/IMG/right_2019_03_01_18_34_15_138.jpg, 0, 1, 0, 30.19004
/home/zubin/Desktop/Self-driving-car-simulation/Data/IMG/center_2019_03_01_18_34_15_253.jpg, /home/zubin/Desktop/Self-driving-car-simulation/Data/IMG/left_2019_03_01_18_34_15_253.jpg, /home/zubin/Desktop/Self-driving-car-simulation/Data/IMG/right_2019_03_01_18_34_15_253.jpg, 0, 1, 0, 30.19004
/home/zubin/Desktop/Self-driving-car-simulation/Data/IMG/center_2019_03_01_18_34_15_354.jpg, /home/zubin/Desktop/Self-driving-car-simulation/Data/IMG/left_2019_03_01_18_34_15_354.jpg, /home/zubin/Desktop/Self-driving-car-simulation/Data/IMG/right_2019_03_01_18_34_15_354.jpg, 0, 1, 0, 30.19001
/home/zubin/Desktop/Self-driving-car-simulation/Data/IMG/center_2019_03_01_18_34_15_454.jpg, /home/zubin/Desktop/Self-driving-car-simulation/Data/IMG/left_2019_03_01_18_34_15_454.jpg, /home/zubin/Desktop/Self-driving-car-simulation/Data/IMG/right_2019_03_01_18_34_15_454.jpg, 0, 1, 0, 30.19001
/home/zubin/Desktop/Self-driving-car-simulation/Data/IMG/center_2019_03_01_18_34_15_569.jpg, /home/zubin/Desktop/Self-driving-car-simulation/Data/IMG/left_2019_03_01_18_34_15_569.jpg, /home/zubin/Desktop/Self-driving-car-simulation/Data/IMG/right_2019_03_01_18_34_15_569.jpg, 0, 1, 0, 30.19001
/home/zubin/Desktop/Self-driving-car-simulation/Data/IMG/center_2019_03_01_18_34_15_670.jpg, /home/zubin/Desktop/Self-driving-car-simulation/Data/IMG/left_2019_03_01_18_34_15_670.jpg, /home/zubin/Desktop/Self-driving-car-simulation/Data/IMG/right_2019_03_01_18_34_15_670.jpg, 0, 1, 0, 30.19001
/home/zubin/Desktop/Self-driving-car-simulation/Data/IMG/center_2019_03_01_18_34_15_787.jpg, /home/zubin/Desktop/Self-driving-car-simulation/Data/IMG/left_2019_03_01_18_34_15_787.jpg, /home/zubin/Desktop/Self-driving-car-simulation/Data/IMG/right_2019_03_01_18_34_15_787.jpg, 0, 1, 0, 30.19002
/home/zubin/Desktop/Self-driving-car-simulation/Data/IMG/center_2019_03_01_18_34_15_888.jpg, /home/zubin/Desktop/Self-driving-car-simulation/Data/IMG/left_2019_03_01_18_34_15_888.jpg, /home/zubin/Desktop/Self-driving-car-simulation/Data/IMG/right_2019_03_01_18_34_15_888.jpg, 0, 1, 0, 30.19
/home/zubin/Desktop/Self-driving-car-simulation/Data/IMG/center_2019_03_01_18_34_16_005.jpg, /home/zubin/Desktop/Self-driving-car-simulation/Data/IMG/left_2019_03_01_18_34_16_005.jpg, /home/zubin/Desktop/Self-driving-car-simulation/Data/IMG/right_2019_03_01_18_34_16_005.jpg, 0, 1, 0, 30.19004
/home/zubin/Desktop/Self-driving-car-simulation/Data/IMG/center_2019_03_01_18_34_16_121.jpg, /home/zubin/Desktop/Self-driving-car-simulation/Data/IMG/left_2019_03_01_18_34_16_121.jpg, /home/zubin/Desktop/Self-driving-car-simulation/Data/IMG/right_2019_03_01_18_34_16_121.jpg, 0, 1, 0, 30.19005
/home/zubin/Desktop/Self-driving-car-simulation/Data/IMG/center_2019_03_01_18_34_16_222.jpg, /home/zubin/Desktop/Self-driving-car-simulation/Data/IMG/left_2019_03_01_18_34_16_222.jpg, /home/zubin/Desktop/Self-driving-car-simulation/Data/IMG/right_2019_03_01_18_34_16_222.jpg, 0, 1, 0, 30.19001
/home/zubin/Desktop/Self-driving-car-simulation/Data/IMG/center_2019_03_01_18_34_16_339.jpg, /home/zubin/Desktop/Self-driving-car-simulation/Data/IMG/left_2019_03_01_18_34_16_339.jpg, /home/zubin/Desktop/Self-driving-car-simulation/Data/IMG/right_2019_03_01_18_34_16_339.jpg, 0, 1, 0, 30.19001
/home/zubin/Desktop/Self-driving-car-simulation/Data/IMG/center_2019_03_01_18_34_16_457.jpg, /home/zubin/Desktop/Self-driving-car-simulation/Data/IMG/left_2019_03_01_18_34_16_457.jpg, /home/zubin/Desktop/Self-driving-car-simulation/Data/IMG/right_2019_03_01_18_34_16_457.jpg, 0, 1, 0, 30.19001
/home/zubin/Desktop/Self-driving-car-simulation/Data/IMG/center_2019_03_01_18_34_16_571.jpg, /home/zubin/Desktop/Self-driving-car-simulation/Data/IMG/left_2019_03_01_18_34_16_571.jpg, /home/zubin/Desktop/Self-driving-car-simulation/Data/IMG/right_2019_03_01_18_34_16_571.jpg, 0, 1, 0, 30.19002
/home/zubin/Desktop/Self-driving-car-simulation/Data/IMG/center_2019_03_01_18_34_16_672.jpg, /home/zubin/Desktop/Self-driving-car-simulation/Data/IMG/left_2019_03_01_18_34_16_672.jpg, /home/zubin/Desktop/Self-driving-car-simulation/Data/IMG/right_2019_03_01_18_34_16_672.jpg, 0, 1, 0, 30.19002
/home/zubin/Desktop/Self-driving-car-simulation/Data/IMG/center_2019_03_01_18_34_16_787.jpg, /home/zubin/Desktop/Self-driving-car-simulation/Data/IMG/left_2019_03_01_18_34_16_787.jpg, /home/zubin/Desktop/Self-driving-car-simulation/Data/IMG/right_2019_03_01_18_34_16_787.jpg, 0, 1, 0, 30.19003
/home/zubin/Desktop/Self-driving-car-simulation/Data/IMG/center_2019_03_01_18_34_16_903.jpg, /home/zubin/Desktop/Self-driving-car-simulation/Data/IMG/left_2019_03_01_18_34_16_903.jpg, /home/zubin/Desktop/Self-driving-car-simulation/Data/IMG/right_2019_03_01_18_34_16_903.jpg, 0, 1, 0, 30.19003
/home/zubin/Desktop/Self-driving-car-simulation/Data/IMG/center_2019_03_01_18_34_17_004.jpg, /home/zubin/Desktop/Self-driving-car-simulation/Data/IMG/left_2019_03_01_18_34_17_004.jpg, /home/zubin/Desktop/Self-driving-car-simulation/Data/IMG/right_2019_03_01_18_34_17_004.jpg, 0, 1, 0, 30.19004
/home/zubin/Desktop/Self-driving-car-simulation/Data/IMG/center_2019_03_01_18_34_17_122.jpg, /home/zubin/Desktop/Self-driving-car-simulation/Data/IMG/left_2019_03_01_18_34_17_122.jpg, /home/zubin/Desktop/Self-driving-car-simulation/Data/IMG/right_2019_03_01_18_34_17_122.jpg, 0, 1, 0, 30.19003
/home/zubin/Desktop/Self-driving-car-simulation/Data/IMG/center_2019_03_01_18_34_17_237.jpg, /home/zubin/Desktop/Self-driving-car-simulation/Data/IMG/left_2019_03_01_18_34_17_237.jpg, /home/zubin/Desktop/Self-driving-car-simulation/Data/IMG/right_2019_03_01_18_34_17_237.jpg, 0, 1, 0, 30.19003
/home/zubin/Desktop/Self-driving-car-simulation/Data/IMG/center_2019_03_01_18_34_17_337.jpg, /home/zubin/Desktop/Self-driving-car-simulation/Data/IMG/left_2019_03_01_18_34_17_337.jpg, /home/zubin/Desktop/Self-driving-car-simulation/Data/IMG/right_2019_03_01_18_34_17_337.jpg, 0, 1, 0, 30.19002
/home/zubin/Desktop/Self-driving-car-simulation/Data/IMG/center_2019_03_01_18_34_17_437.jpg, /home/zubin/Desktop/Self-driving-car-simulation/Data/IMG/left_2019_03_01_18_34_17_437.jpg, /home/zubin/Desktop/Self-driving-car-simulation/Data/IMG/right_2019_03_01_18_34_17_437.jpg, 0, 1, 0, 30.19002
/home/zubin/Desktop/Self-driving-car-simulation/Data/IMG/center_2019_03_01_18_34_17_555.jpg, /home/zubin/Desktop/Self-driving-car-simulation/Data/IMG/left_2019_03_01_18_34_17_555.jpg, /home/zubin/Desktop/Self-driving-car-simulation/Data/IMG/right_2019_03_01_18_34_17_555.jpg, 0, 1, 0, 30.19002
/home/zubin/Desktop/Self-driving-car-simulation/Data/IMG/center_2019_03_01_18_34_17_671.jpg, /home/zubin/Desktop/Self-driving-car-simulation/Data/IMG/left_2019_03_01_18_34_17_671.jpg, /home/zubin/Desktop/Self-driving-car-simulation/Data/IMG/right_2019_03_01_18_34_17_671.jpg, 0, 1, 0, 30.19002
/home/zubin/Desktop/Self-driving-car-simulation/Data/IMG/center_2019_03_01_18_34_17_788.jpg, /home/zubin/Desktop/Self-driving-car-simulation/Data/IMG/left_2019_03_01_18_34_17_788.jpg, /home/zubin/Desktop/Self-driving-car-simulation/Data/IMG/right_2019_03_01_18_34_17_788.jpg, 0, 1, 0, 30.19004
/home/zubin/Desktop/Self-driving-car-simulation/Data/IMG/center_2019_03_01_18_34_17_905.jpg, /home/zubin/Desktop/Self-driving-car-simulation/Data/IMG/left_2019_03_01_18_34_17_905.jpg, /home/zubin/Desktop/Self-driving-car-simulation/Data/IMG/right_2019_03_01_18_34_17_905.jpg, 0, 1, 0, 30.19003
/home/zubin/Desktop/Self-driving-car-simulation/Data/IMG/center_2019_03_01_18_34_18_020.jpg, /home/zubin/Desktop/Self-driving-car-simulation/Data/IMG/left_2019_03_01_18_34_18_020.jpg, /home/zubin/Desktop/Self-driving-car-simulation/Data/IMG/right_2019_03_01_18_34_18_020.jpg, 0, 1, 0, 30.19003
/home/zubin/Desktop/Self-driving-car-simulation/Data/IMG/center_2019_03_01_18_34_18_120.jpg, /home/zubin/Desktop/Self-driving-car-simulation/Data/IMG/left_2019_03_01_18_34_18_120.jpg, /home/zubin/Desktop/Self-driving-car-simulation/Data/IMG/right_2019_03_01_18_34_18_120.jpg, 0, 1, 0, 30.19002
/home/zubin/Desktop/Self-driving-car-simulation/Data/IMG/center_2019_03_01_18_34_18_237.jpg, /home/zubin/Desktop/Self-driving-car-simulation/Data/IMG/left_2019_03_01_18_34_18_237.jpg, /home/zubin/Desktop/Self-driving-car-simulation/Data/IMG/right_2019_03_01_18_34_18_237.jpg, 0, 1, 0, 30.19002
/home/zubin/Desktop/Self-driving-car-simulation/Data/IMG/center_2019_03_01_18_34_18_354.jpg, /home/zubin/Desktop/Self-driving-car-simulation/Data/IMG/left_2019_03_01_18_34_18_354.jpg, /home/zubin/Desktop/Self-driving-car-simulation/Data/IMG/right_2019_03_01_18_34_18_354.jpg, 0, 1, 0, 30.19003
/home/zubin/Desktop/Self-driving-car-simulation/Data/IMG/center_2019_03_01_18_34_18_471.jpg, /home/zubin/Desktop/Self-driving-car-simulation/Data/IMG/left_2019_03_01_18_34_18_471.jpg, /home/zubin/Desktop/Self-driving-car-simulation/Data/IMG/right_2019_03_01_18_34_18_471.jpg, 0, 1, 0, 30.19004
/home/zubin/Desktop/Self-driving-car-simulation/Data/IMG/center_2019_03_01_18_34_18_572.jpg, /home/zubin/Desktop/Self-driving-car-simulation/Data/IMG/left_2019_03_01_18_34_18_572.jpg, /home/zubin/Desktop/Self-driving-car-simulation/Data/IMG/right_2019_03_01_18_34_18_572.jpg, 0, 1, 0, 30.06219
/home/zubin/Desktop/Self-driving-car-simulation/Data/IMG/center_2019_03_01_18_34_18_689.jpg, /home/zubin/Desktop/Self-driving-car-simulation/Data/IMG/left_2019_03_01_18_34_18_689.jpg, /home/zubin/Desktop/Self-driving-car-simulation/Data/IMG/right_2019_03_01_18_34_18_689.jpg, 0, 1, 0, 30.35918
/home/zubin/Desktop/Self-driving-car-simulation/Data/IMG/center_2019_03_01_18_34_18_805.jpg, /home/zubin/Desktop/Self-driving-car-simulation/Data/IMG/left_2019_03_01_18_34_18_805.jpg, /home/zubin/Desktop/Self-driving-car-simulation/Data/IMG/right_2019_03_01_18_34_18_805.jpg, 0, 1, 0, 30.08329
/home/zubin/Desktop/Self-driving-car-simulation/Data/IMG/center_2019_03_01_18_34_18_907.jpg, /home/zubin/Desktop/Self-driving-car-simulation/Data/IMG/left_2019_03_01_18_34_18_907.jpg, /home/zubin/Desktop/Self-driving-car-simulation/Data/IMG/right_2019_03_01_18_34_18_907.jpg, 0, 1, 0, 30.29023
/home/zubin/Desktop/Self-driving-car-simulation/Data/IMG/center_2019_03_01_18_34_19_010.jpg, /home/zubin/Desktop/Self-driving-car-simulation/Data/IMG/left_2019_03_01_18_34_19_010.jpg, /home/zubin/Desktop/Self-driving-car-simulation/Data/IMG/right_2019_03_01_18_34_19_010.jpg, 0, 1, 0, 30.18758
/home/zubin/Desktop/Self-driving-car-simulation/Data/IMG/center_2019_03_01_18_34_19_122.jpg, /home/zubin/Desktop/Self-driving-car-simulation/Data/IMG/left_2019_03_01_18_34_19_122.jpg, /home/zubin/Desktop/Self-driving-car-simulation/Data/IMG/right_2019_03_01_18_34_19_122.jpg, 0, 1, 0, 30.19058
/home/zubin/Desktop/Self-driving-car-simulation/Data/IMG/center_2019_03_01_18_34_19_239.jpg, /home/zubin/Desktop/Self-driving-car-simulation/Data/IMG/left_2019_03_01_18_34_19_239.jpg, /home/zubin/Desktop/Self-driving-car-simulation/Data/IMG/right_2019_03_01_18_34_19_239.jpg, 0, 1, 0, 30.1905
/home/zubin/Desktop/Self-driving-car-simulation/Data/IMG/center_2019_03_01_18_34_19_339.jpg, /home/zubin/Desktop/Self-driving-car-simulation/Data/IMG/left_2019_03_01_18_34_19_339.jpg, /home/zubin/Desktop/Self-driving-car-simulation/Data/IMG/right_2019_03_01_18_34_19_339.jpg, -0.09425426, 1, 0, 30.18806
/home/zubin/Desktop/Self-driving-car-simulation/Data/IMG/center_2019_03_01_18_34_19_453.jpg, /home/zubin/Desktop/Self-driving-car-simulation/Data/IMG/left_2019_03_01_18_34_19_453.jpg, /home/zubin/Desktop/Self-driving-car-simulation/Data/IMG/right_2019_03_01_18_34_19_453.jpg, -0.1295128, 1, 0, 30.18984
/home/zubin/Desktop/Self-driving-car-simulation/Data/IMG/center_2019_03_01_18_34_19_567.jpg, /home/zubin/Desktop/Self-driving-car-simulation/Data/IMG/left_2019_03_01_18_34_19_567.jpg, /home/zubin/Desktop/Self-driving-car-simulation/Data/IMG/right_2019_03_01_18_34_19_567.jpg, 0, 1, 0, 30.19007
/home/zubin/Desktop/Self-driving-car-simulation/Data/IMG/center_2019_03_01_18_34_19_684.jpg, /home/zubin/Desktop/Self-driving-car-simulation/Data/IMG/left_2019_03_01_18_34_19_684.jpg, /home/zubin/Desktop/Self-driving-car-simulation/Data/IMG/right_2019_03_01_18_34_19_684.jpg, 0, 1, 0, 30.19028
/home/zubin/Desktop/Self-driving-car-simulation/Data/IMG/center_2019_03_01_18_34_19_802.jpg, /home/zubin/Desktop/Self-driving-car-simulation/Data/IMG/left_2019_03_01_18_34_19_802.jpg, /home/zubin/Desktop/Self-driving-car-simulation/Data/IMG/right_2019_03_01_18_34_19_802.jpg, 0, 1, 0, 30.19029
/home/zubin/Desktop/Self-driving-car-simulation/Data/IMG/center_2019_03_01_18_34_19_902.jpg, /home/zubin/Desktop/Self-driving-car-simulation/Data/IMG/left_2019_03_01_18_34_19_902.jpg, /home/zubin/Desktop/Self-driving-car-simulation/Data/IMG/right_2019_03_01_18_34_19_902.jpg, 0, 1, 0, 30.19029
/home/zubin/Desktop/Self-driving-car-simulation/Data/IMG/center_2019_03_01_18_34_20_018.jpg, /home/zubin/Desktop/Self-driving-car-simulation/Data/IMG/left_2019_03_01_18_34_20_018.jpg, /home/zubin/Desktop/Self-driving-car-simulation/Data/IMG/right_2019_03_01_18_34_20_018.jpg, 0, 1, 0, 30.19028
/home/zubin/Desktop/Self-driving-car-simulation/Data/IMG/center_2019_03_01_18_34_20_132.jpg, /home/zubin/Desktop/Self-driving-car-simulation/Data/IMG/left_2019_03_01_18_34_20_132.jpg, /home/zubin/Desktop/Self-driving-car-simulation/Data/IMG/right_2019_03_01_18_34_20_132.jpg, -0.2941682, 1, 0, 30.16855
/home/zubin/Desktop/Self-driving-car-simulation/Data/IMG/center_2019_03_01_18_34_20_242.jpg, /home/zubin/Desktop/Self-driving-car-simulation/Data/IMG/left_2019_03_01_18_34_20_242.jpg, /home/zubin/Desktop/Self-driving-car-simulation/Data/IMG/right_2019_03_01_18_34_20_242.jpg, 0, 1, 0, 30.18946
/home/zubin/Desktop/Self-driving-car-simulation/Data/IMG/center_2019_03_01_18_34_20_350.jpg, /home/zubin/Desktop/Self-driving-car-simulation/Data/IMG/left_2019_03_01_18_34_20_350.jpg, /home/zubin/Desktop/Self-driving-car-simulation/Data/IMG/right_2019_03_01_18_34_20_350.jpg, 0, 1, 0, 30.19021
/home/zubin/Desktop/Self-driving-car-simulation/Data/IMG/center_2019_03_01_18_34_20_467.jpg, /home/zubin/Desktop/Self-driving-car-simulation/Data/IMG/left_2019_03_01_18_34_20_467.jpg, /home/zubin/Desktop/Self-driving-car-simulation/Data/IMG/right_2019_03_01_18_34_20_467.jpg, 0, 1, 0, 30.19038
/home/zubin/Desktop/Self-driving-car-simulation/Data/IMG/center_2019_03_01_18_34_20_586.jpg, /home/zubin/Desktop/Self-driving-car-simulation/Data/IMG/left_2019_03_01_18_34_20_586.jpg, /home/zubin/Desktop/Self-driving-car-simulation/Data/IMG/right_2019_03_01_18_34_20_586.jpg, -0.3567896, 1, 0, 30.15987
/home/zubin/Desktop/Self-driving-car-simulation/Data/IMG/center_2019_03_01_18_34_20_688.jpg, /home/zubin/Desktop/Self-driving-car-simulation/Data/IMG/left_2019_03_01_18_34_20_688.jpg, /home/zubin/Desktop/Self-driving-car-simulation/Data/IMG/right_2019_03_01_18_34_20_688.jpg, -0.05287099, 1, 0, 30.19072
/home/zubin/Desktop/Self-driving-car-simulation/Data/IMG/center_2019_03_01_18_34_20_801.jpg, /home/zubin/Desktop/Self-driving-car-simulation/Data/IMG/left_2019_03_01_18_34_20_801.jpg, /home/zubin/Desktop/Self-driving-car-simulation/Data/IMG/right_2019_03_01_18_34_20_801.jpg, 0, 1, 0, 30.18992
/home/zubin/Desktop/Self-driving-car-simulation/Data/IMG/center_2019_03_01_18_34_20_916.jpg, /home/zubin/Desktop/Self-driving-car-simulation/Data/IMG/left_2019_03_01_18_34_20_916.jpg, /home/zubin/Desktop/Self-driving-car-simulation/Data/IMG/right_2019_03_01_18_34_20_916.jpg, 0, 1, 0, 30.19032
/home/zubin/Desktop/Self-driving-car-simulation/Data/IMG/center_2019_03_01_18_34_21_032.jpg, /home/zubin/Desktop/Self-driving-car-simulation/Data/IMG/left_2019_03_01_18_34_21_032.jpg, /home/zubin/Desktop/Self-driving-car-simulation/Data/IMG/right_2019_03_01_18_34_21_032.jpg, 0, 1, 0, 30.19073
/home/zubin/Desktop/Self-driving-car-simulation/Data/IMG/center_2019_03_01_18_34_21_139.jpg, /home/zubin/Desktop/Self-driving-car-simulation/Data/IMG/left_2019_03_01_18_34_21_139.jpg, /home/zubin/Desktop/Self-driving-car-simulation/Data/IMG/right_2019_03_01_18_34_21_139.jpg, 0, 1, 0, 30.1905
/home/zubin/Desktop/Self-driving-car-simulation/Data/IMG/center_2019_03_01_18_34_21_249.jpg, /home/zubin/Desktop/Self-driving-car-simulation/Data/IMG/left_2019_03_01_18_34_21_249.jpg, /home/zubin/Desktop/Self-driving-car-simulation/Data/IMG/right_2019_03_01_18_34_21_249.jpg, 0, 1, 0, 30.19053
/home/zubin/Desktop/Self-driving-car-simulation/Data/IMG/center_2019_03_01_18_34_21_365.jpg, /home/zubin/Desktop/Self-driving-car-simulation/Data/IMG/left_2019_03_01_18_34_21_365.jpg, /home/zubin/Desktop/Self-driving-car-simulation/Data/IMG/right_2019_03_01_18_34_21_365.jpg, 0, 1, 0, 30.19021
/home/zubin/Desktop/Self-driving-car-simulation/Data/IMG/center_2019_03_01_18_34_21_467.jpg, /home/zubin/Desktop/Self-driving-car-simulation/Data/IMG/left_2019_03_01_18_34_21_467.jpg, /home/zubin/Desktop/Self-driving-car-simulation/Data/IMG/right_2019_03_01_18_34_21_467.jpg, -0.1338508, 1, 0, 30.18485
/home/zubin/Desktop/Self-driving-car-simulation/Data/IMG/center_2019_03_01_18_34_21_580.jpg, /home/zubin/Desktop/Self-driving-car-simulation/Data/IMG/left_2019_03_01_18_34_21_580.jpg, /home/zubin/Desktop/Self-driving-car-simulation/Data/IMG/right_2019_03_01_18_34_21_580.jpg, -0.03596663, 1, 0, 30.19086
/home/zubin/Desktop/Self-driving-car-simulation/Data/IMG/center_2019_03_01_18_34_21_683.jpg, /home/zubin/Desktop/Self-driving-car-simulation/Data/IMG/left_2019_03_01_18_34_21_683.jpg, /home/zubin/Desktop/Self-driving-car-simulation/Data/IMG/right_2019_03_01_18_34_21_683.jpg, 0, 1, 0, 30.19005
/home/zubin/Desktop/Self-driving-car-simulation/Data/IMG/center_2019_03_01_18_34_21_798.jpg, /home/zubin/Desktop/Self-driving-car-simulation/Data/IMG/left_2019_03_01_18_34_21_798.jpg, /home/zubin/Desktop/Self-driving-car-simulation/Data/IMG/right_2019_03_01_18_34_21_798.jpg, 0, 1, 0, 30.19044
/home/zubin/Desktop/Self-driving-car-simulation/Data/IMG/center_2019_03_01_18_34_21_898.jpg, /home/zubin/Desktop/Self-driving-car-simulation/Data/IMG/left_2019_03_01_18_34_21_898.jpg, /home/zubin/Desktop/Self-driving-car-simulation/Data/IMG/right_2019_03_01_18_34_21_898.jpg, 0, 1, 0, 30.19033
/home/zubin/Desktop/Self-driving-car-simulation/Data/IMG/center_2019_03_01_18_34_22_014.jpg, /home/zubin/Desktop/Self-driving-car-simulation/Data/IMG/left_2019_03_01_18_34_22_014.jpg, /home/zubin/Desktop/Self-driving-car-simulation/Data/IMG/right_2019_03_01_18_34_22_014.jpg, 0, 1, 0, 30.19069
/home/zubin/Desktop/Self-driving-car-simulation/Data/IMG/center_2019_03_01_18_34_22_131.jpg, /home/zubin/Desktop/Self-driving-car-simulation/Data/IMG/left_2019_03_01_18_34_22_131.jpg, /home/zubin/Desktop/Self-driving-car-simulation/Data/IMG/right_2019_03_01_18_34_22_131.jpg, 0, 1, 0, 30.19034
/home/zubin/Desktop/Self-driving-car-simulation/Data/IMG/center_2019_03_01_18_34_22_231.jpg, /home/zubin/Desktop/Self-driving-car-simulation/Data/IMG/left_2019_03_01_18_34_22_231.jpg, /home/zubin/Desktop/Self-driving-car-simulation/Data/IMG/right_2019_03_01_18_34_22_231.jpg, 0, 1, 0, 30.19067
/home/zubin/Desktop/Self-driving-car-simulation/Data/IMG/center_2019_03_01_18_34_22_348.jpg, /home/zubin/Desktop/Self-driving-car-simulation/Data/IMG/left_2019_03_01_18_34_22_348.jpg, /home/zubin/Desktop/Self-driving-car-simulation/Data/IMG/right_2019_03_01_18_34_22_348.jpg, 0, 1, 0, 30.19092
/home/zubin/Desktop/Self-driving-car-simulation/Data/IMG/center_2019_03_01_18_34_22_465.jpg, /home/zubin/Desktop/Self-driving-car-simulation/Data/IMG/left_2019_03_01_18_34_22_465.jpg, /home/zubin/Desktop/Self-driving-car-simulation/Data/IMG/right_2019_03_01_18_34_22_465.jpg, 0, 1, 0, 30.1902
/home/zubin/Desktop/Self-driving-car-simulation/Data/IMG/center_2019_03_01_18_34_22_565.jpg, /home/zubin/Desktop/Self-driving-car-simulation/Data/IMG/left_2019_03_01_18_34_22_565.jpg, /home/zubin/Desktop/Self-driving-car-simulation/Data/IMG/right_2019_03_01_18_34_22_565.jpg, 0, 1, 0, 30.18988
/home/zubin/Desktop/Self-driving-car-simulation/Data/IMG/center_2019_03_01_18_34_22_680.jpg, /home/zubin/Desktop/Self-driving-car-simulation/Data/IMG/left_2019_03_01_18_34_22_680.jpg, /home/zubin/Desktop/Self-driving-car-simulation/Data/IMG/right_2019_03_01_18_34_22_680.jpg, 0, 1, 0, 30.19025
/home/zubin/Desktop/Self-driving-car-simulation/Data/IMG/center_2019_03_01_18_34_22_799.jpg, /home/zubin/Desktop/Self-driving-car-simulation/Data/IMG/left_2019_03_01_18_34_22_799.jpg, /home/zubin/Desktop/Self-driving-car-simulation/Data/IMG/right_2019_03_01_18_34_22_799.jpg, 0, 1, 0, 30.19077
/home/zubin/Desktop/Self-driving-car-simulation/Data/IMG/center_2019_03_01_18_34_22_913.jpg, /home/zubin/Desktop/Self-driving-car-simulation/Data/IMG/left_2019_03_01_18_34_22_913.jpg, /home/zubin/Desktop/Self-driving-car-simulation/Data/IMG/right_2019_03_01_18_34_22_913.jpg, 0, 1, 0, 30.18895
/home/zubin/Desktop/Self-driving-car-simulation/Data/IMG/center_2019_03_01_18_34_23_016.jpg, /home/zubin/Desktop/Self-driving-car-simulation/Data/IMG/left_2019_03_01_18_34_23_016.jpg, /home/zubin/Desktop/Self-driving-car-simulation/Data/IMG/right_2019_03_01_18_34_23_016.jpg, 0, 1, 0, 30.18971
/home/zubin/Desktop/Self-driving-car-simulation/Data/IMG/center_2019_03_01_18_34_23_132.jpg, /home/zubin/Desktop/Self-driving-car-simulation/Data/IMG/left_2019_03_01_18_34_23_132.jpg, /home/zubin/Desktop/Self-driving-car-simulation/Data/IMG/right_2019_03_01_18_34_23_132.jpg, 0, 1, 0, 30.18803
/home/zubin/Desktop/Self-driving-car-simulation/Data/IMG/center_2019_03_01_18_34_23_247.jpg, /home/zubin/Desktop/Self-driving-car-simulation/Data/IMG/left_2019_03_01_18_34_23_247.jpg, /home/zubin/Desktop/Self-driving-car-simulation/Data/IMG/right_2019_03_01_18_34_23_247.jpg, 0, 1, 0, 30.19585
/home/zubin/Desktop/Self-driving-car-simulation/Data/IMG/center_2019_03_01_18_34_23_349.jpg, /home/zubin/Desktop/Self-driving-car-simulation/Data/IMG/left_2019_03_01_18_34_23_349.jpg, /home/zubin/Desktop/Self-driving-car-simulation/Data/IMG/right_2019_03_01_18_34_23_349.jpg, 0, 1, 0, 30.18951
/home/zubin/Desktop/Self-driving-car-simulation/Data/IMG/center_2019_03_01_18_34_23_464.jpg, /home/zubin/Desktop/Self-driving-car-simulation/Data/IMG/left_2019_03_01_18_34_23_464.jpg, /home/zubin/Desktop/Self-driving-car-simulation/Data/IMG/right_2019_03_01_18_34_23_464.jpg, 0, 1, 0, 30.20016
/home/zubin/Desktop/Self-driving-car-simulation/Data/IMG/center_2019_03_01_18_34_23_578.jpg, /home/zubin/Desktop/Self-driving-car-simulation/Data/IMG/left_2019_03_01_18_34_23_578.jpg, /home/zubin/Desktop/Self-driving-car-simulation/Data/IMG/right_2019_03_01_18_34_23_578.jpg, 0, 1, 0, 30.19269
/home/zubin/Desktop/Self-driving-car-simulation/Data/IMG/center_2019_03_01_18_34_23_697.jpg, /home/zubin/Desktop/Self-driving-car-simulation/Data/IMG/left_2019_03_01_18_34_23_697.jpg, /home/zubin/Desktop/Self-driving-car-simulation/Data/IMG/right_2019_03_01_18_34_23_697.jpg, 0, 1, 0, 30.15208
/home/zubin/Desktop/Self-driving-car-simulation/Data/IMG/center_2019_03_01_18_34_23_797.jpg, /home/zubin/Desktop/Self-driving-car-simulation/Data/IMG/left_2019_03_01_18_34_23_797.jpg, /home/zubin/Desktop/Self-driving-car-simulation/Data/IMG/right_2019_03_01_18_34_23_797.jpg, -0.3005304, 1, 0, 30.17207
/home/zubin/Desktop/Self-driving-car-simulation/Data/IMG/center_2019_03_01_18_34_23_913.jpg, /home/zubin/Desktop/Self-driving-car-simulation/Data/IMG/left_2019_03_01_18_34_23_913.jpg, /home/zubin/Desktop/Self-driving-car-simulation/Data/IMG/right_2019_03_01_18_34_23_913.jpg, -0.3419402, 1, 0, 30.19226
/home/zubin/Desktop/Self-driving-car-simulation/Data/IMG/center_2019_03_01_18_34_24_030.jpg, /home/zubin/Desktop/Self-driving-car-simulation/Data/IMG/left_2019_03_01_18_34_24_030.jpg, /home/zubin/Desktop/Self-driving-car-simulation/Data/IMG/right_2019_03_01_18_34_24_030.jpg, 0, 1, 0, 30.18699
/home/zubin/Desktop/Self-driving-car-simulation/Data/IMG/center_2019_03_01_18_34_24_146.jpg, /home/zubin/Desktop/Self-driving-car-simulation/Data/IMG/left_2019_03_01_18_34_24_146.jpg, /home/zubin/Desktop/Self-driving-car-simulation/Data/IMG/right_2019_03_01_18_34_24_146.jpg, 0, 1, 0, 30.19009
/home/zubin/Desktop/Self-driving-car-simulation/Data/IMG/center_2019_03_01_18_34_24_261.jpg, /home/zubin/Desktop/Self-driving-car-simulation/Data/IMG/left_2019_03_01_18_34_24_261.jpg, /home/zubin/Desktop/Self-driving-car-simulation/Data/IMG/right_2019_03_01_18_34_24_261.jpg, 0, 1, 0, 30.19036
/home/zubin/Desktop/Self-driving-car-simulation/Data/IMG/center_2019_03_01_18_34_24_362.jpg, /home/zubin/Desktop/Self-driving-car-simulation/Data/IMG/left_2019_03_01_18_34_24_362.jpg, /home/zubin/Desktop/Self-driving-car-simulation/Data/IMG/right_2019_03_01_18_34_24_362.jpg, 0, 1, 0, 30.19032
/home/zubin/Desktop/Self-driving-car-simulation/Data/IMG/center_2019_03_01_18_34_24_478.jpg, /home/zubin/Desktop/Self-driving-car-simulation/Data/IMG/left_2019_03_01_18_34_24_478.jpg, /home/zubin/Desktop/Self-driving-car-simulation/Data/IMG/right_2019_03_01_18_34_24_478.jpg, -0.04639506, 1, 0, 30.18981
/home/zubin/Desktop/Self-driving-car-simulation/Data/IMG/center_2019_03_01_18_34_24_594.jpg, /home/zubin/Desktop/Self-driving-car-simulation/Data/IMG/left_2019_03_01_18_34_24_594.jpg, /home/zubin/Desktop/Self-driving-car-simulation/Data/IMG/right_2019_03_01_18_34_24_594.jpg, -0.3952596, 1, 0, 30.15694
/home/zubin/Desktop/Self-driving-car-simulation/Data/IMG/center_2019_03_01_18_34_24_696.jpg, /home/zubin/Desktop/Self-driving-car-simulation/Data/IMG/left_2019_03_01_18_34_24_696.jpg, /home/zubin/Desktop/Self-driving-car-simulation/Data/IMG/right_2019_03_01_18_34_24_696.jpg, -0.08912158, 1, 0, 30.19138
/home/zubin/Desktop/Self-driving-car-simulation/Data/IMG/center_2019_03_01_18_34_24_796.jpg, /home/zubin/Desktop/Self-driving-car-simulation/Data/IMG/left_2019_03_01_18_34_24_796.jpg, /home/zubin/Desktop/Self-driving-car-simulation/Data/IMG/right_2019_03_01_18_34_24_796.jpg, 0, 1, 0, 30.18962
/home/zubin/Desktop/Self-driving-car-simulation/Data/IMG/center_2019_03_01_18_34_24_911.jpg, /home/zubin/Desktop/Self-driving-car-simulation/Data/IMG/left_2019_03_01_18_34_24_911.jpg, /home/zubin/Desktop/Self-driving-car-simulation/Data/IMG/right_2019_03_01_18_34_24_911.jpg, 0, 1, 0, 30.19021
/home/zubin/Desktop/Self-driving-car-simulation/Data/IMG/center_2019_03_01_18_34_25_011.jpg, /home/zubin/Desktop/Self-driving-car-simulation/Data/IMG/left_2019_03_01_18_34_25_011.jpg, /home/zubin/Desktop/Self-driving-car-simulation/Data/IMG/right_2019_03_01_18_34_25_011.jpg, 0, 1, 0, 30.19029
/home/zubin/Desktop/Self-driving-car-simulation/Data/IMG/center_2019_03_01_18_34_25_129.jpg, /home/zubin/Desktop/Self-driving-car-simulation/Data/IMG/left_2019_03_01_18_34_25_129.jpg, /home/zubin/Desktop/Self-driving-car-simulation/Data/IMG/right_2019_03_01_18_34_25_129.jpg, -0.155787, 1, 0, 30.18419
/home/zubin/Desktop/Self-driving-car-simulation/Data/IMG/center_2019_03_01_18_34_25_229.jpg, /home/zubin/Desktop/Self-driving-car-simulation/Data/IMG/left_2019_03_01_18_34_25_229.jpg, /home/zubin/Desktop/Self-driving-car-simulation/Data/IMG/right_2019_03_01_18_34_25_229.jpg, -0.3469355, 1, 0, 30.1672
/home/zubin/Desktop/Self-driving-car-simulation/Data/IMG/center_2019_03_01_18_34_25_344.jpg, /home/zubin/Desktop/Self-driving-car-simulation/Data/IMG/left_2019_03_01_18_34_25_344.jpg, /home/zubin/Desktop/Self-driving-car-simulation/Data/IMG/right_2019_03_01_18_34_25_344.jpg, -0.001809597, 1, 0, 30.18818
/home/zubin/Desktop/Self-driving-car-simulation/Data/IMG/center_2019_03_01_18_34_25_446.jpg, /home/zubin/Desktop/Self-driving-car-simulation/Data/IMG/left_2019_03_01_18_34_25_446.jpg, /home/zubin/Desktop/Self-driving-car-simulation/Data/IMG/right_2019_03_01_18_34_25_446.jpg, 0, 1, 0, 30.18989
/home/zubin/Desktop/Self-driving-car-simulation/Data/IMG/center_2019_03_01_18_34_25_559.jpg, /home/zubin/Desktop/Self-driving-car-simulation/Data/IMG/left_2019_03_01_18_34_25_559.jpg, /home/zubin/Desktop/Self-driving-car-simulation/Data/IMG/right_2019_03_01_18_34_25_559.jpg, 0, 1, 0, 30.19028
/home/zubin/Desktop/Self-driving-car-simulation/Data/IMG/center_2019_03_01_18_34_25_661.jpg, /home/zubin/Desktop/Self-driving-car-simulation/Data/IMG/left_2019_03_01_18_34_25_661.jpg, /home/zubin/Desktop/Self-driving-car-simulation/Data/IMG/right_2019_03_01_18_34_25_661.jpg, 0, 1, 0, 30.1903
/home/zubin/Desktop/Self-driving-car-simulation/Data/IMG/center_2019_03_01_18_34_25_777.jpg, /home/zubin/Desktop/Self-driving-car-simulation/Data/IMG/left_2019_03_01_18_34_25_777.jpg, /home/zubin/Desktop/Self-driving-car-simulation/Data/IMG/right_2019_03_01_18_34_25_777.jpg, 0, 1, 0, 30.1903
/home/zubin/Desktop/Self-driving-car-simulation/Data/IMG/center_2019_03_01_18_34_25_894.jpg, /home/zubin/Desktop/Self-driving-car-simulation/Data/IMG/left_2019_03_01_18_34_25_894.jpg, /home/zubin/Desktop/Self-driving-car-simulation/Data/IMG/right_2019_03_01_18_34_25_894.jpg, -0.1569085, 1, 0, 30.18373
/home/zubin/Desktop/Self-driving-car-simulation/Data/IMG/center_2019_03_01_18_34_26_009.jpg, /home/zubin/Desktop/Self-driving-car-simulation/Data/IMG/left_2019_03_01_18_34_26_009.jpg, /home/zubin/Desktop/Self-driving-car-simulation/Data/IMG/right_2019_03_01_18_34_26_009.jpg, -0.2020011, 1, 0, 30.18657
/home/zubin/Desktop/Self-driving-car-simulation/Data/IMG/center_2019_03_01_18_34_26_110.jpg, /home/zubin/Desktop/Self-driving-car-simulation/Data/IMG/left_2019_03_01_18_34_26_110.jpg, /home/zubin/Desktop/Self-driving-car-simulation/Data/IMG/right_2019_03_01_18_34_26_110.jpg, 0, 1, 0, 30.18872
/home/zubin/Desktop/Self-driving-car-simulation/Data/IMG/center_2019_03_01_18_34_26_226.jpg, /home/zubin/Desktop/Self-driving-car-simulation/Data/IMG/left_2019_03_01_18_34_26_226.jpg, /home/zubin/Desktop/Self-driving-car-simulation/Data/IMG/right_2019_03_01_18_34_26_226.jpg, 0, 1, 0, 30.19017
/home/zubin/Desktop/Self-driving-car-simulation/Data/IMG/center_2019_03_01_18_34_26_327.jpg, /home/zubin/Desktop/Self-driving-car-simulation/Data/IMG/left_2019_03_01_18_34_26_327.jpg, /home/zubin/Desktop/Self-driving-car-simulation/Data/IMG/right_2019_03_01_18_34_26_327.jpg, 0, 1, 0, 30.19029
/home/zubin/Desktop/Self-driving-car-simulation/Data/IMG/center_2019_03_01_18_34_26_443.jpg, /home/zubin/Desktop/Self-driving-car-simulation/Data/IMG/left_2019_03_01_18_34_26_443.jpg, /home/zubin/Desktop/Self-driving-car-simulation/Data/IMG/right_2019_03_01_18_34_26_443.jpg, 0, 1, 0, 30.1903
/home/zubin/Desktop/Self-driving-car-simulation/Data/IMG/center_2019_03_01_18_34_26_544.jpg, /home/zubin/Desktop/Self-driving-car-simulation/Data/IMG/left_2019_03_01_18_34_26_544.jpg, /home/zubin/Desktop/Self-driving-car-simulation/Data/IMG/right_2019_03_01_18_34_26_544.jpg, -0.1474349, 1, 0, 30.18413
/home/zubin/Desktop/Self-driving-car-simulation/Data/IMG/center_2019_03_01_18_34_26_659.jpg, /home/zubin/Desktop/Self-driving-car-simulation/Data/IMG/left_2019_03_01_18_34_26_659.jpg, /home/zubin/Desktop/Self-driving-car-simulation/Data/IMG/right_2019_03_01_18_34_26_659.jpg, -0.1048021, 1, 0, 30.19014
/home/zubin/Desktop/Self-driving-car-simulation/Data/IMG/center_2019_03_01_18_34_26_760.jpg, /home/zubin/Desktop/Self-driving-car-simulation/Data/IMG/left_2019_03_01_18_34_26_760.jpg, /home/zubin/Desktop/Self-driving-car-simulation/Data/IMG/right_2019_03_01_18_34_26_760.jpg, 0, 1, 0, 30.18987
/home/zubin/Desktop/Self-driving-car-simulation/Data/IMG/center_2019_03_01_18_34_26_874.jpg, /home/zubin/Desktop/Self-driving-car-simulation/Data/IMG/left_2019_03_01_18_34_26_874.jpg, /home/zubin/Desktop/Self-driving-car-simulation/Data/IMG/right_2019_03_01_18_34_26_874.jpg, 0, 1, 0, 30.19027
/home/zubin/Desktop/Self-driving-car-simulation/Data/IMG/center_2019_03_01_18_34_26_975.jpg, /home/zubin/Desktop/Self-driving-car-simulation/Data/IMG/left_2019_03_01_18_34_26_975.jpg, /home/zubin/Desktop/Self-driving-car-simulation/Data/IMG/right_2019_03_01_18_34_26_975.jpg, 0, 1, 0, 30.1903
/home/zubin/Desktop/Self-driving-car-simulation/Data/IMG/center_2019_03_01_18_34_27_075.jpg, /home/zubin/Desktop/Self-driving-car-simulation/Data/IMG/left_2019_03_01_18_34_27_075.jpg, /home/zubin/Desktop/Self-driving-car-simulation/Data/IMG/right_2019_03_01_18_34_27_075.jpg, 0, 1, 0, 30.1903
/home/zubin/Desktop/Self-driving-car-simulation/Data/IMG/center_2019_03_01_18_34_27_193.jpg, /home/zubin/Desktop/Self-driving-car-simulation/Data/IMG/left_2019_03_01_18_34_27_193.jpg, /home/zubin/Desktop/Self-driving-car-simulation/Data/IMG/right_2019_03_01_18_34_27_193.jpg, 0, 1, 0, 30.19029
/home/zubin/Desktop/Self-driving-car-simulation/Data/IMG/center_2019_03_01_18_34_27_308.jpg, /home/zubin/Desktop/Self-driving-car-simulation/Data/IMG/left_2019_03_01_18_34_27_308.jpg, /home/zubin/Desktop/Self-driving-car-simulation/Data/IMG/right_2019_03_01_18_34_27_308.jpg, 0, 1, 0, 30.1903
/home/zubin/Desktop/Self-driving-car-simulation/Data/IMG/center_2019_03_01_18_34_27_408.jpg, /home/zubin/Desktop/Self-driving-car-simulation/Data/IMG/left_2019_03_01_18_34_27_408.jpg, /home/zubin/Desktop/Self-driving-car-simulation/Data/IMG/right_2019_03_01_18_34_27_408.jpg, 0, 1, 0, 30.1903
/home/zubin/Desktop/Self-driving-car-simulation/Data/IMG/center_2019_03_01_18_34_27_526.jpg, /home/zubin/Desktop/Self-driving-car-simulation/Data/IMG/left_2019_03_01_18_34_27_526.jpg, /home/zubin/Desktop/Self-driving-car-simulation/Data/IMG/right_2019_03_01_18_34_27_526.jpg, 0, 1, 0, 30.19029
/home/zubin/Desktop/Self-driving-car-simulation/Data/IMG/center_2019_03_01_18_34_27_640.jpg, /home/zubin/Desktop/Self-driving-car-simulation/Data/IMG/left_2019_03_01_18_34_27_640.jpg, /home/zubin/Desktop/Self-driving-car-simulation/Data/IMG/right_2019_03_01_18_34_27_640.jpg, 0, 1, 0, 30.1903
/home/zubin/Desktop/Self-driving-car-simulation/Data/IMG/center_2019_03_01_18_34_27_759.jpg, /home/zubin/Desktop/Self-driving-car-simulation/Data/IMG/left_2019_03_01_18_34_27_759.jpg, /home/zubin/Desktop/Self-driving-car-simulation/Data/IMG/right_2019_03_01_18_34_27_759.jpg, 0, 1, 0, 30.1903
/home/zubin/Desktop/Self-driving-car-simulation/Data/IMG/center_2019_03_01_18_34_27_874.jpg, /home/zubin/Desktop/Self-driving-car-simulation/Data/IMG/left_2019_03_01_18_34_27_874.jpg, /home/zubin/Desktop/Self-driving-car-simulation/Data/IMG/right_2019_03_01_18_34_27_874.jpg, 0, 0.653626, 0, 30.11504
/home/zubin/Desktop/Self-driving-car-simulation/Data/IMG/center_2019_03_01_18_34_27_990.jpg, /home/zubin/Desktop/Self-driving-car-simulation/Data/IMG/left_2019_03_01_18_34_27_990.jpg, /home/zubin/Desktop/Self-driving-car-simulation/Data/IMG/right_2019_03_01_18_34_27_990.jpg, 0, 0.3549609, 0, 30.04887
/home/zubin/Desktop/Self-driving-car-simulation/Data/IMG/center_2019_03_01_18_34_28_090.jpg, /home/zubin/Desktop/Self-driving-car-simulation/Data/IMG/left_2019_03_01_18_34_28_090.jpg, /home/zubin/Desktop/Self-driving-car-simulation/Data/IMG/right_2019_03_01_18_34_28_090.jpg, 0, 0.05027199, 0, 29.8977
/home/zubin/Desktop/Self-driving-car-simulation/Data/IMG/center_2019_03_01_18_34_28_208.jpg, /home/zubin/Desktop/Self-driving-car-simulation/Data/IMG/left_2019_03_01_18_34_28_208.jpg, /home/zubin/Desktop/Self-driving-car-simulation/Data/IMG/right_2019_03_01_18_34_28_208.jpg, 0, 0, 0, 29.54123
/home/zubin/Desktop/Self-driving-car-simulation/Data/IMG/center_2019_03_01_18_34_28_324.jpg, /home/zubin/Desktop/Self-driving-car-simulation/Data/IMG/left_2019_03_01_18_34_28_324.jpg, /home/zubin/Desktop/Self-driving-car-simulation/Data/IMG/right_2019_03_01_18_34_28_324.jpg, 0, 0, 0, 29.18523
/home/zubin/Desktop/Self-driving-car-simulation/Data/IMG/center_2019_03_01_18_34_28_440.jpg, /home/zubin/Desktop/Self-driving-car-simulation/Data/IMG/left_2019_03_01_18_34_28_440.jpg, /home/zubin/Desktop/Self-driving-car-simulation/Data/IMG/right_2019_03_01_18_34_28_440.jpg, -0.154737, 0, 0, 28.82434
/home/zubin/Desktop/Self-driving-car-simulation/Data/IMG/center_2019_03_01_18_34_28_556.jpg, /home/zubin/Desktop/Self-driving-car-simulation/Data/IMG/left_2019_03_01_18_34_28_556.jpg, /home/zubin/Desktop/Self-driving-car-simulation/Data/IMG/right_2019_03_01_18_34_28_556.jpg, -0.294297, 0.05010653, 0, 28.35714
/home/zubin/Desktop/Self-driving-car-simulation/Data/IMG/center_2019_03_01_18_34_28_657.jpg, /home/zubin/Desktop/Self-driving-car-simulation/Data/IMG/left_2019_03_01_18_34_28_657.jpg, /home/zubin/Desktop/Self-driving-car-simulation/Data/IMG/right_2019_03_01_18_34_28_657.jpg, 0, 0.3533435, 0, 28.32153
/home/zubin/Desktop/Self-driving-car-simulation/Data/IMG/center_2019_03_01_18_34_28_774.jpg, /home/zubin/Desktop/Self-driving-car-simulation/Data/IMG/left_2019_03_01_18_34_28_774.jpg, /home/zubin/Desktop/Self-driving-car-simulation/Data/IMG/right_2019_03_01_18_34_28_774.jpg, -0.05530787, 0.7050304, 0, 28.75197
/home/zubin/Desktop/Self-driving-car-simulation/Data/IMG/center_2019_03_01_18_34_28_891.jpg, /home/zubin/Desktop/Self-driving-car-simulation/Data/IMG/left_2019_03_01_18_34_28_891.jpg, /home/zubin/Desktop/Self-driving-car-simulation/Data/IMG/right_2019_03_01_18_34_28_891.jpg, -0.1925576, 0.5363038, 0, 29.28256
/home/zubin/Desktop/Self-driving-car-simulation/Data/IMG/center_2019_03_01_18_34_29_007.jpg, /home/zubin/Desktop/Self-driving-car-simulation/Data/IMG/left_2019_03_01_18_34_29_007.jpg, /home/zubin/Desktop/Self-driving-car-simulation/Data/IMG/right_2019_03_01_18_34_29_007.jpg, 0, 0.1873498, 0, 29.49234
/home/zubin/Desktop/Self-driving-car-simulation/Data/IMG/center_2019_03_01_18_34_29_124.jpg, /home/zubin/Desktop/Self-driving-car-simulation/Data/IMG/left_2019_03_01_18_34_29_124.jpg, /home/zubin/Desktop/Self-driving-car-simulation/Data/IMG/right_2019_03_01_18_34_29_124.jpg, 0, 0, 0, 29.21299
/home/zubin/Desktop/Self-driving-car-simulation/Data/IMG/center_2019_03_01_18_34_29_238.jpg, /home/zubin/Desktop/Self-driving-car-simulation/Data/IMG/left_2019_03_01_18_34_29_238.jpg, /home/zubin/Desktop/Self-driving-car-simulation/Data/IMG/right_2019_03_01_18_34_29_238.jpg, 0, 0, 0, 28.86127
/home/zubin/Desktop/Self-driving-car-simulation/Data/IMG/center_2019_03_01_18_34_29_357.jpg, /home/zubin/Desktop/Self-driving-car-simulation/Data/IMG/left_2019_03_01_18_34_29_357.jpg, /home/zubin/Desktop/Self-driving-car-simulation/Data/IMG/right_2019_03_01_18_34_29_357.jpg, 0, 0, 0, 28.51385
/home/zubin/Desktop/Self-driving-car-simulation/Data/IMG/center_2019_03_01_18_34_29_472.jpg, /home/zubin/Desktop/Self-driving-car-simulation/Data/IMG/left_2019_03_01_18_34_29_472.jpg, /home/zubin/Desktop/Self-driving-car-simulation/Data/IMG/right_2019_03_01_18_34_29_472.jpg, 0, 0, 0, 28.22754
/home/zubin/Desktop/Self-driving-car-simulation/Data/IMG/center_2019_03_01_18_34_29_574.jpg, /home/zubin/Desktop/Self-driving-car-simulation/Data/IMG/left_2019_03_01_18_34_29_574.jpg, /home/zubin/Desktop/Self-driving-car-simulation/Data/IMG/right_2019_03_01_18_34_29_574.jpg, 0, 0, 0, 27.88776
/home/zubin/Desktop/Self-driving-car-simulation/Data/IMG/center_2019_03_01_18_34_29_689.jpg, /home/zubin/Desktop/Self-driving-car-simulation/Data/IMG/left_2019_03_01_18_34_29_689.jpg, /home/zubin/Desktop/Self-driving-car-simulation/Data/IMG/right_2019_03_01_18_34_29_689.jpg, 0, 0, 0, 27.60773
/home/zubin/Desktop/Self-driving-car-simulation/Data/IMG/center_2019_03_01_18_34_29_803.jpg, /home/zubin/Desktop/Self-driving-car-simulation/Data/IMG/left_2019_03_01_18_34_29_803.jpg, /home/zubin/Desktop/Self-driving-car-simulation/Data/IMG/right_2019_03_01_18_34_29_803.jpg, -0.2110384, 0, 0, 27.25482
/home/zubin/Desktop/Self-driving-car-simulation/Data/IMG/center_2019_03_01_18_34_29_905.jpg, /home/zubin/Desktop/Self-driving-car-simulation/Data/IMG/left_2019_03_01_18_34_29_905.jpg, /home/zubin/Desktop/Self-driving-car-simulation/Data/IMG/right_2019_03_01_18_34_29_905.jpg, -0.2273455, 0.1445975, 0, 26.93058
/home/zubin/Desktop/Self-driving-car-simulation/Data/IMG/center_2019_03_01_18_34_30_006.jpg, /home/zubin/Desktop/Self-driving-car-simulation/Data/IMG/left_2019_03_01_18_34_30_006.jpg, /home/zubin/Desktop/Self-driving-car-simulation/Data/IMG/right_2019_03_01_18_34_30_006.jpg, 0, 0.1615462, 0, 26.9348
/home/zubin/Desktop/Self-driving-car-simulation/Data/IMG/center_2019_03_01_18_34_30_122.jpg, /home/zubin/Desktop/Self-driving-car-simulation/Data/IMG/left_2019_03_01_18_34_30_122.jpg, /home/zubin/Desktop/Self-driving-car-simulation/Data/IMG/right_2019_03_01_18_34_30_122.jpg, 0, 0.5107913, 0, 27.09446
/home/zubin/Desktop/Self-driving-car-simulation/Data/IMG/center_2019_03_01_18_34_30_238.jpg, /home/zubin/Desktop/Self-driving-car-simulation/Data/IMG/left_2019_03_01_18_34_30_238.jpg, /home/zubin/Desktop/Self-driving-car-simulation/Data/IMG/right_2019_03_01_18_34_30_238.jpg, -0.3461723, 0.164619, 0, 27.20029
/home/zubin/Desktop/Self-driving-car-simulation/Data/IMG/center_2019_03_01_18_34_30_338.jpg, /home/zubin/Desktop/Self-driving-car-simulation/Data/IMG/left_2019_03_01_18_34_30_338.jpg, /home/zubin/Desktop/Self-driving-car-simulation/Data/IMG/right_2019_03_01_18_34_30_338.jpg, -0.04461479, 0, 0, 26.96627
/home/zubin/Desktop/Self-driving-car-simulation/Data/IMG/center_2019_03_01_18_34_30_440.jpg, /home/zubin/Desktop/Self-driving-car-simulation/Data/IMG/left_2019_03_01_18_34_30_440.jpg, /home/zubin/Desktop/Self-driving-car-simulation/Data/IMG/right_2019_03_01_18_34_30_440.jpg, 0, 0.05387664, 0, 26.68948
/home/zubin/Desktop/Self-driving-car-simulation/Data/IMG/center_2019_03_01_18_34_30_555.jpg, /home/zubin/Desktop/Self-driving-car-simulation/Data/IMG/left_2019_03_01_18_34_30_555.jpg, /home/zubin/Desktop/Self-driving-car-simulation/Data/IMG/right_2019_03_01_18_34_30_555.jpg, 0, 0.3995461, 0, 26.7011
/home/zubin/Desktop/Self-driving-car-simulation/Data/IMG/center_2019_03_01_18_34_30_670.jpg, /home/zubin/Desktop/Self-driving-car-simulation/Data/IMG/left_2019_03_01_18_34_30_670.jpg, /home/zubin/Desktop/Self-driving-car-simulation/Data/IMG/right_2019_03_01_18_34_30_670.jpg, 0, 0.7444589, 0, 27.10153
/home/zubin/Desktop/Self-driving-car-simulation/Data/IMG/center_2019_03_01_18_34_30_770.jpg, /home/zubin/Desktop/Self-driving-car-simulation/Data/IMG/left_2019_03_01_18_34_30_770.jpg, /home/zubin/Desktop/Self-driving-car-simulation/Data/IMG/right_2019_03_01_18_34_30_770.jpg, 0, 1, 0, 27.88213
/home/zubin/Desktop/Self-driving-car-simulation/Data/IMG/center_2019_03_01_18_34_30_871.jpg, /home/zubin/Desktop/Self-driving-car-simulation/Data/IMG/left_2019_03_01_18_34_30_871.jpg, /home/zubin/Desktop/Self-driving-car-simulation/Data/IMG/right_2019_03_01_18_34_30_871.jpg, 0, 1, 0, 28.81228
/home/zubin/Desktop/Self-driving-car-simulation/Data/IMG/center_2019_03_01_18_34_30_972.jpg, /home/zubin/Desktop/Self-driving-car-simulation/Data/IMG/left_2019_03_01_18_34_30_972.jpg, /home/zubin/Desktop/Self-driving-car-simulation/Data/IMG/right_2019_03_01_18_34_30_972.jpg, 0, 1, 0, 29.73079
/home/zubin/Desktop/Self-driving-car-simulation/Data/IMG/center_2019_03_01_18_34_31_088.jpg, /home/zubin/Desktop/Self-driving-car-simulation/Data/IMG/left_2019_03_01_18_34_31_088.jpg, /home/zubin/Desktop/Self-driving-car-simulation/Data/IMG/right_2019_03_01_18_34_31_088.jpg, 0, 1, 0, 30.19038
/home/zubin/Desktop/Self-driving-car-simulation/Data/IMG/center_2019_03_01_18_34_31_203.jpg, /home/zubin/Desktop/Self-driving-car-simulation/Data/IMG/left_2019_03_01_18_34_31_203.jpg, /home/zubin/Desktop/Self-driving-car-simulation/Data/IMG/right_2019_03_01_18_34_31_203.jpg, 0, 1, 0, 30.19028
/home/zubin/Desktop/Self-driving-car-simulation/Data/IMG/center_2019_03_01_18_34_31_304.jpg, /home/zubin/Desktop/Self-driving-car-simulation/Data/IMG/left_2019_03_01_18_34_31_304.jpg, /home/zubin/Desktop/Self-driving-car-simulation/Data/IMG/right_2019_03_01_18_34_31_304.jpg, -0.1022243, 1, 0, 30.18755
/home/zubin/Desktop/Self-driving-car-simulation/Data/IMG/center_2019_03_01_18_34_31_404.jpg, /home/zubin/Desktop/Self-driving-car-simulation/Data/IMG/left_2019_03_01_18_34_31_404.jpg, /home/zubin/Desktop/Self-driving-car-simulation/Data/IMG/right_2019_03_01_18_34_31_404.jpg, -0.2013173, 1, 0, 30.18447
/home/zubin/Desktop/Self-driving-car-simulation/Data/IMG/center_2019_03_01_18_34_31_505.jpg, /home/zubin/Desktop/Self-driving-car-simulation/Data/IMG/left_2019_03_01_18_34_31_505.jpg, /home/zubin/Desktop/Self-driving-car-simulation/Data/IMG/right_2019_03_01_18_34_31_505.jpg, 0, 0.8944418, 0, 30.17135
/home/zubin/Desktop/Self-driving-car-simulation/Data/IMG/center_2019_03_01_18_34_31_619.jpg, /home/zubin/Desktop/Self-driving-car-simulation/Data/IMG/left_2019_03_01_18_34_31_619.jpg, /home/zubin/Desktop/Self-driving-car-simulation/Data/IMG/right_2019_03_01_18_34_31_619.jpg, 0, 0.645083, 0, 30.08512
/home/zubin/Desktop/Self-driving-car-simulation/Data/IMG/center_2019_03_01_18_34_31_722.jpg, /home/zubin/Desktop/Self-driving-car-simulation/Data/IMG/left_2019_03_01_18_34_31_722.jpg, /home/zubin/Desktop/Self-driving-car-simulation/Data/IMG/right_2019_03_01_18_34_31_722.jpg, 0, 0.9520035, 0, 30.16933
/home/zubin/Desktop/Self-driving-car-simulation/Data/IMG/center_2019_03_01_18_34_31_822.jpg, /home/zubin/Desktop/Self-driving-car-simulation/Data/IMG/left_2019_03_01_18_34_31_822.jpg, /home/zubin/Desktop/Self-driving-car-simulation/Data/IMG/right_2019_03_01_18_34_31_822.jpg, 0, 0.8252831, 0, 30.15302
/home/zubin/Desktop/Self-driving-car-simulation/Data/IMG/center_2019_03_01_18_34_31_937.jpg, /home/zubin/Desktop/Self-driving-car-simulation/Data/IMG/left_2019_03_01_18_34_31_937.jpg, /home/zubin/Desktop/Self-driving-car-simulation/Data/IMG/right_2019_03_01_18_34_31_937.jpg, 0, 0.4794247, 0, 30.06674
/home/zubin/Desktop/Self-driving-car-simulation/Data/IMG/center_2019_03_01_18_34_32_038.jpg, /home/zubin/Desktop/Self-driving-car-simulation/Data/IMG/left_2019_03_01_18_34_32_038.jpg, /home/zubin/Desktop/Self-driving-car-simulation/Data/IMG/right_2019_03_01_18_34_32_038.jpg, 0, 0.1768451, 0, 29.99147
/home/zubin/Desktop/Self-driving-car-simulation/Data/IMG/center_2019_03_01_18_34_32_156.jpg, /home/zubin/Desktop/Self-driving-car-simulation/Data/IMG/left_2019_03_01_18_34_32_156.jpg, /home/zubin/Desktop/Self-driving-car-simulation/Data/IMG/right_2019_03_01_18_34_32_156.jpg, 0, 0, 0, 29.69477
/home/zubin/Desktop/Self-driving-car-simulation/Data/IMG/center_2019_03_01_18_34_32_272.jpg, /home/zubin/Desktop/Self-driving-car-simulation/Data/IMG/left_2019_03_01_18_34_32_272.jpg, /home/zubin/Desktop/Self-driving-car-simulation/Data/IMG/right_2019_03_01_18_34_32_272.jpg, 0, 0, 0, 29.3966
/home/zubin/Desktop/Self-driving-car-simulation/Data/IMG/center_2019_03_01_18_34_32_386.jpg, /home/zubin/Desktop/Self-driving-car-simulation/Data/IMG/left_2019_03_01_18_34_32_386.jpg, /home/zubin/Desktop/Self-driving-car-simulation/Data/IMG/right_2019_03_01_18_34_32_386.jpg, 0, 0, 0, 29.04274
/home/zubin/Desktop/Self-driving-car-simulation/Data/IMG/center_2019_03_01_18_34_32_489.jpg, /home/zubin/Desktop/Self-driving-car-simulation/Data/IMG/left_2019_03_01_18_34_32_489.jpg, /home/zubin/Desktop/Self-driving-car-simulation/Data/IMG/right_2019_03_01_18_34_32_489.jpg, 0, 0.3081901, 0, 28.90747
/home/zubin/Desktop/Self-driving-car-simulation/Data/IMG/center_2019_03_01_18_34_32_602.jpg, /home/zubin/Desktop/Self-driving-car-simulation/Data/IMG/left_2019_03_01_18_34_32_602.jpg, /home/zubin/Desktop/Self-driving-car-simulation/Data/IMG/right_2019_03_01_18_34_32_602.jpg, 0, 0.6486747, 0, 29.24085
/home/zubin/Desktop/Self-driving-car-simulation/Data/IMG/center_2019_03_01_18_34_32_703.jpg, /home/zubin/Desktop/Self-driving-car-simulation/Data/IMG/left_2019_03_01_18_34_32_703.jpg, /home/zubin/Desktop/Self-driving-car-simulation/Data/IMG/right_2019_03_01_18_34_32_703.jpg, 0, 0.9504032, 0, 29.89797
/home/zubin/Desktop/Self-driving-car-simulation/Data/IMG/center_2019_03_01_18_34_32_804.jpg, /home/zubin/Desktop/Self-driving-car-simulation/Data/IMG/left_2019_03_01_18_34_32_804.jpg, /home/zubin/Desktop/Self-driving-car-simulation/Data/IMG/right_2019_03_01_18_34_32_804.jpg, 0, 1, 0, 30.19032
/home/zubin/Desktop/Self-driving-car-simulation/Data/IMG/center_2019_03_01_18_34_32_919.jpg, /home/zubin/Desktop/Self-driving-car-simulation/Data/IMG/left_2019_03_01_18_34_32_919.jpg, /home/zubin/Desktop/Self-driving-car-simulation/Data/IMG/right_2019_03_01_18_34_32_919.jpg, 0, 1, 0, 30.19028
/home/zubin/Desktop/Self-driving-car-simulation/Data/IMG/center_2019_03_01_18_34_33_035.jpg, /home/zubin/Desktop/Self-driving-car-simulation/Data/IMG/left_2019_03_01_18_34_33_035.jpg, /home/zubin/Desktop/Self-driving-car-simulation/Data/IMG/right_2019_03_01_18_34_33_035.jpg, 0, 1, 0, 30.1903
/home/zubin/Desktop/Self-driving-car-simulation/Data/IMG/center_2019_03_01_18_34_33_135.jpg, /home/zubin/Desktop/Self-driving-car-simulation/Data/IMG/left_2019_03_01_18_34_33_135.jpg, /home/zubin/Desktop/Self-driving-car-simulation/Data/IMG/right_2019_03_01_18_34_33_135.jpg, 0, 1, 0, 30.1903
/home/zubin/Desktop/Self-driving-car-simulation/Data/IMG/center_2019_03_01_18_34_33_238.jpg, /home/zubin/Desktop/Self-driving-car-simulation/Data/IMG/left_2019_03_01_18_34_33_238.jpg, /home/zubin/Desktop/Self-driving-car-simulation/Data/IMG/right_2019_03_01_18_34_33_238.jpg, -0.1361704, 1, 0, 30.1853
/home/zubin/Desktop/Self-driving-car-simulation/Data/IMG/center_2019_03_01_18_34_33_353.jpg, /home/zubin/Desktop/Self-driving-car-simulation/Data/IMG/left_2019_03_01_18_34_33_353.jpg, /home/zubin/Desktop/Self-driving-car-simulation/Data/IMG/right_2019_03_01_18_34_33_353.jpg, 0, 1, 0, 30.19028
/home/zubin/Desktop/Self-driving-car-simulation/Data/IMG/center_2019_03_01_18_34_33_470.jpg, /home/zubin/Desktop/Self-driving-car-simulation/Data/IMG/left_2019_03_01_18_34_33_470.jpg, /home/zubin/Desktop/Self-driving-car-simulation/Data/IMG/right_2019_03_01_18_34_33_470.jpg, 0, 1, 0, 30.19029
/home/zubin/Desktop/Self-driving-car-simulation/Data/IMG/center_2019_03_01_18_34_33_571.jpg, /home/zubin/Desktop/Self-driving-car-simulation/Data/IMG/left_2019_03_01_18_34_33_571.jpg, /home/zubin/Desktop/Self-driving-car-simulation/Data/IMG/right_2019_03_01_18_34_33_571.jpg, 0, 1, 0, 30.1903
/home/zubin/Desktop/Self-driving-car-simulation/Data/IMG/center_2019_03_01_18_34_33_684.jpg, /home/zubin/Desktop/Self-driving-car-simulation/Data/IMG/left_2019_03_01_18_34_33_684.jpg, /home/zubin/Desktop/Self-driving-car-simulation/Data/IMG/right_2019_03_01_18_34_33_684.jpg, 0, 1, 0, 30.1903
/home/zubin/Desktop/Self-driving-car-simulation/Data/IMG/center_2019_03_01_18_34_33_787.jpg, /home/zubin/Desktop/Self-driving-car-simulation/Data/IMG/left_2019_03_01_18_34_33_787.jpg, /home/zubin/Desktop/Self-driving-car-simulation/Data/IMG/right_2019_03_01_18_34_33_787.jpg, 0, 1, 0, 30.1903
/home/zubin/Desktop/Self-driving-car-simulation/Data/IMG/center_2019_03_01_18_34_33_901.jpg, /home/zubin/Desktop/Self-driving-car-simulation/Data/IMG/left_2019_03_01_18_34_33_901.jpg, /home/zubin/Desktop/Self-driving-car-simulation/Data/IMG/right_2019_03_01_18_34_33_901.jpg, 0, 1, 0, 30.1903
/home/zubin/Desktop/Self-driving-car-simulation/Data/IMG/center_2019_03_01_18_34_34_002.jpg, /home/zubin/Desktop/Self-driving-car-simulation/Data/IMG/left_2019_03_01_18_34_34_002.jpg, /home/zubin/Desktop/Self-driving-car-simulation/Data/IMG/right_2019_03_01_18_34_34_002.jpg, 0, 1, 0, 30.1903
/home/zubin/Desktop/Self-driving-car-simulation/Data/IMG/center_2019_03_01_18_34_34_117.jpg, /home/zubin/Desktop/Self-driving-car-simulation/Data/IMG/left_2019_03_01_18_34_34_117.jpg, /home/zubin/Desktop/Self-driving-car-simulation/Data/IMG/right_2019_03_01_18_34_34_117.jpg, 0, 1, 0, 30.1903
/home/zubin/Desktop/Self-driving-car-simulation/Data/IMG/center_2019_03_01_18_34_34_217.jpg, /home/zubin/Desktop/Self-driving-car-simulation/Data/IMG/left_2019_03_01_18_34_34_217.jpg, /home/zubin/Desktop/Self-driving-car-simulation/Data/IMG/right_2019_03_01_18_34_34_217.jpg, 0, 1, 0, 30.1903
/home/zubin/Desktop/Self-driving-car-simulation/Data/IMG/center_2019_03_01_18_34_34_317.jpg, /home/zubin/Desktop/Self-driving-car-simulation/Data/IMG/left_2019_03_01_18_34_34_317.jpg, /home/zubin/Desktop/Self-driving-car-simulation/Data/IMG/right_2019_03_01_18_34_34_317.jpg, 0, 1, 0, 30.1903
/home/zubin/Desktop/Self-driving-car-simulation/Data/IMG/center_2019_03_01_18_34_34_419.jpg, /home/zubin/Desktop/Self-driving-car-simulation/Data/IMG/left_2019_03_01_18_34_34_419.jpg, /home/zubin/Desktop/Self-driving-car-simulation/Data/IMG/right_2019_03_01_18_34_34_419.jpg, 0, 1, 0, 30.19029
/home/zubin/Desktop/Self-driving-car-simulation/Data/IMG/center_2019_03_01_18_34_34_534.jpg, /home/zubin/Desktop/Self-driving-car-simulation/Data/IMG/left_2019_03_01_18_34_34_534.jpg, /home/zubin/Desktop/Self-driving-car-simulation/Data/IMG/right_2019_03_01_18_34_34_534.jpg, 0, 1, 0, 30.1903
/home/zubin/Desktop/Self-driving-car-simulation/Data/IMG/center_2019_03_01_18_34_34_636.jpg, /home/zubin/Desktop/Self-driving-car-simulation/Data/IMG/left_2019_03_01_18_34_34_636.jpg, /home/zubin/Desktop/Self-driving-car-simulation/Data/IMG/right_2019_03_01_18_34_34_636.jpg, 0, 1, 0, 30.1903
/home/zubin/Desktop/Self-driving-car-simulation/Data/IMG/center_2019_03_01_18_34_34_751.jpg, /home/zubin/Desktop/Self-driving-car-simulation/Data/IMG/left_2019_03_01_18_34_34_751.jpg, /home/zubin/Desktop/Self-driving-car-simulation/Data/IMG/right_2019_03_01_18_34_34_751.jpg, -0.05314851, 1, 0, 30.18964
/home/zubin/Desktop/Self-driving-car-simulation/Data/IMG/center_2019_03_01_18_34_34_852.jpg, /home/zubin/Desktop/Self-driving-car-simulation/Data/IMG/left_2019_03_01_18_34_34_852.jpg, /home/zubin/Desktop/Self-driving-car-simulation/Data/IMG/right_2019_03_01_18_34_34_852.jpg, -0.1953664, 1, 0, 30.18109
/home/zubin/Desktop/Self-driving-car-simulation/Data/IMG/center_2019_03_01_18_34_34_968.jpg, /home/zubin/Desktop/Self-driving-car-simulation/Data/IMG/left_2019_03_01_18_34_34_968.jpg, /home/zubin/Desktop/Self-driving-car-simulation/Data/IMG/right_2019_03_01_18_34_34_968.jpg, 0, 1, 0, 30.18973
/home/zubin/Desktop/Self-driving-car-simulation/Data/IMG/center_2019_03_01_18_34_35_085.jpg, /home/zubin/Desktop/Self-driving-car-simulation/Data/IMG/left_2019_03_01_18_34_35_085.jpg, /home/zubin/Desktop/Self-driving-car-simulation/Data/IMG/right_2019_03_01_18_34_35_085.jpg, 0, 1, 0, 30.19023
/home/zubin/Desktop/Self-driving-car-simulation/Data/IMG/center_2019_03_01_18_34_35_200.jpg, /home/zubin/Desktop/Self-driving-car-simulation/Data/IMG/left_2019_03_01_18_34_35_200.jpg, /home/zubin/Desktop/Self-driving-car-simulation/Data/IMG/right_2019_03_01_18_34_35_200.jpg, 0, 1, 0, 30.19029
/home/zubin/Desktop/Self-driving-car-simulation/Data/IMG/center_2019_03_01_18_34_35_300.jpg, /home/zubin/Desktop/Self-driving-car-simulation/Data/IMG/left_2019_03_01_18_34_35_300.jpg, /home/zubin/Desktop/Self-driving-car-simulation/Data/IMG/right_2019_03_01_18_34_35_300.jpg, 0, 1, 0, 30.1903
/home/zubin/Desktop/Self-driving-car-simulation/Data/IMG/center_2019_03_01_18_34_35_418.jpg, /home/zubin/Desktop/Self-driving-car-simulation/Data/IMG/left_2019_03_01_18_34_35_418.jpg, /home/zubin/Desktop/Self-driving-car-simulation/Data/IMG/right_2019_03_01_18_34_35_418.jpg, 0, 1, 0, 30.19029
/home/zubin/Desktop/Self-driving-car-simulation/Data/IMG/center_2019_03_01_18_34_35_534.jpg, /home/zubin/Desktop/Self-driving-car-simulation/Data/IMG/left_2019_03_01_18_34_35_534.jpg, /home/zubin/Desktop/Self-driving-car-simulation/Data/IMG/right_2019_03_01_18_34_35_534.jpg, 0, 1, 0, 30.1903
/home/zubin/Desktop/Self-driving-car-simulation/Data/IMG/center_2019_03_01_18_34_35_649.jpg, /home/zubin/Desktop/Self-driving-car-simulation/Data/IMG/left_2019_03_01_18_34_35_649.jpg, /home/zubin/Desktop/Self-driving-car-simulation/Data/IMG/right_2019_03_01_18_34_35_649.jpg, 0, 1, 0, 30.1903
/home/zubin/Desktop/Self-driving-car-simulation/Data/IMG/center_2019_03_01_18_34_35_750.jpg, /home/zubin/Desktop/Self-driving-car-simulation/Data/IMG/left_2019_03_01_18_34_35_750.jpg, /home/zubin/Desktop/Self-driving-car-simulation/Data/IMG/right_2019_03_01_18_34_35_750.jpg, 0, 1, 0, 30.1903
/home/zubin/Desktop/Self-driving-car-simulation/Data/IMG/center_2019_03_01_18_34_35_866.jpg, /home/zubin/Desktop/Self-driving-car-simulation/Data/IMG/left_2019_03_01_18_34_35_866.jpg, /home/zubin/Desktop/Self-driving-car-simulation/Data/IMG/right_2019_03_01_18_34_35_866.jpg, -0.2512257, 1, 0, 30.17233
/home/zubin/Desktop/Self-driving-car-simulation/Data/IMG/center_2019_03_01_18_34_35_967.jpg, /home/zubin/Desktop/Self-driving-car-simulation/Data/IMG/left_2019_03_01_18_34_35_967.jpg, /home/zubin/Desktop/Self-driving-car-simulation/Data/IMG/right_2019_03_01_18_34_35_967.jpg, -0.1448221, 1, 0, 30.19064
/home/zubin/Desktop/Self-driving-car-simulation/Data/IMG/center_2019_03_01_18_34_36_081.jpg, /home/zubin/Desktop/Self-driving-car-simulation/Data/IMG/left_2019_03_01_18_34_36_081.jpg, /home/zubin/Desktop/Self-driving-car-simulation/Data/IMG/right_2019_03_01_18_34_36_081.jpg, 0, 1, 0, 30.18958
/home/zubin/Desktop/Self-driving-car-simulation/Data/IMG/center_2019_03_01_18_34_36_184.jpg, /home/zubin/Desktop/Self-driving-car-simulation/Data/IMG/left_2019_03_01_18_34_36_184.jpg, /home/zubin/Desktop/Self-driving-car-simulation/Data/IMG/right_2019_03_01_18_34_36_184.jpg, 0, 1, 0, 30.19022
/home/zubin/Desktop/Self-driving-car-simulation/Data/IMG/center_2019_03_01_18_34_36_299.jpg, /home/zubin/Desktop/Self-driving-car-simulation/Data/IMG/left_2019_03_01_18_34_36_299.jpg, /home/zubin/Desktop/Self-driving-car-simulation/Data/IMG/right_2019_03_01_18_34_36_299.jpg, 0, 1, 0, 30.1903
/home/zubin/Desktop/Self-driving-car-simulation/Data/IMG/center_2019_03_01_18_34_36_416.jpg, /home/zubin/Desktop/Self-driving-car-simulation/Data/IMG/left_2019_03_01_18_34_36_416.jpg, /home/zubin/Desktop/Self-driving-car-simulation/Data/IMG/right_2019_03_01_18_34_36_416.jpg, 0, 1, 0, 30.1903
/home/zubin/Desktop/Self-driving-car-simulation/Data/IMG/center_2019_03_01_18_34_36_516.jpg, /home/zubin/Desktop/Self-driving-car-simulation/Data/IMG/left_2019_03_01_18_34_36_516.jpg, /home/zubin/Desktop/Self-driving-car-simulation/Data/IMG/right_2019_03_01_18_34_36_516.jpg, 0, 1, 0, 30.19029
/home/zubin/Desktop/Self-driving-car-simulation/Data/IMG/center_2019_03_01_18_34_36_631.jpg, /home/zubin/Desktop/Self-driving-car-simulation/Data/IMG/left_2019_03_01_18_34_36_631.jpg, /home/zubin/Desktop/Self-driving-car-simulation/Data/IMG/right_2019_03_01_18_34_36_631.jpg, 0, 1, 0, 30.1903
/home/zubin/Desktop/Self-driving-car-simulation/Data/IMG/center_2019_03_01_18_34_36_731.jpg, /home/zubin/Desktop/Self-driving-car-simulation/Data/IMG/left_2019_03_01_18_34_36_731.jpg, /home/zubin/Desktop/Self-driving-car-simulation/Data/IMG/right_2019_03_01_18_34_36_731.jpg, 0, 1, 0, 30.1903
/home/zubin/Desktop/Self-driving-car-simulation/Data/IMG/center_2019_03_01_18_34_36_849.jpg, /home/zubin/Desktop/Self-driving-car-simulation/Data/IMG/left_2019_03_01_18_34_36_849.jpg, /home/zubin/Desktop/Self-driving-car-simulation/Data/IMG/right_2019_03_01_18_34_36_849.jpg, 0, 1, 0, 30.1903
/home/zubin/Desktop/Self-driving-car-simulation/Data/IMG/center_2019_03_01_18_34_36_965.jpg, /home/zubin/Desktop/Self-driving-car-simulation/Data/IMG/left_2019_03_01_18_34_36_965.jpg, /home/zubin/Desktop/Self-driving-car-simulation/Data/IMG/right_2019_03_01_18_34_36_965.jpg, 0, 1, 0, 30.19029
/home/zubin/Desktop/Self-driving-car-simulation/Data/IMG/center_2019_03_01_18_34_37_065.jpg, /home/zubin/Desktop/Self-driving-car-simulation/Data/IMG/left_2019_03_01_18_34_37_065.jpg, /home/zubin/Desktop/Self-driving-car-simulation/Data/IMG/right_2019_03_01_18_34_37_065.jpg, 0, 1, 0, 30.1903
/home/zubin/Desktop/Self-driving-car-simulation/Data/IMG/center_2019_03_01_18_34_37_165.jpg, /home/zubin/Desktop/Self-driving-car-simulation/Data/IMG/left_2019_03_01_18_34_37_165.jpg, /home/zubin/Desktop/Self-driving-car-simulation/Data/IMG/right_2019_03_01_18_34_37_165.jpg, 0, 1, 0, 30.19029
/home/zubin/Desktop/Self-driving-car-simulation/Data/IMG/center_2019_03_01_18_34_37_281.jpg, /home/zubin/Desktop/Self-driving-car-simulation/Data/IMG/left_2019_03_01_18_34_37_281.jpg, /home/zubin/Desktop/Self-driving-car-simulation/Data/IMG/right_2019_03_01_18_34_37_281.jpg, 0, 1, 0, 30.19029
/home/zubin/Desktop/Self-driving-car-simulation/Data/IMG/center_2019_03_01_18_34_37_397.jpg, /home/zubin/Desktop/Self-driving-car-simulation/Data/IMG/left_2019_03_01_18_34_37_397.jpg, /home/zubin/Desktop/Self-driving-car-simulation/Data/IMG/right_2019_03_01_18_34_37_397.jpg, 0, 1, 0, 30.1903
/home/zubin/Desktop/Self-driving-car-simulation/Data/IMG/center_2019_03_01_18_34_37_497.jpg, /home/zubin/Desktop/Self-driving-car-simulation/Data/IMG/left_2019_03_01_18_34_37_497.jpg, /home/zubin/Desktop/Self-driving-car-simulation/Data/IMG/right_2019_03_01_18_34_37_497.jpg, 0, 1, 0, 30.1903
/home/zubin/Desktop/Self-driving-car-simulation/Data/IMG/center_2019_03_01_18_34_37_615.jpg, /home/zubin/Desktop/Self-driving-car-simulation/Data/IMG/left_2019_03_01_18_34_37_615.jpg, /home/zubin/Desktop/Self-driving-car-simulation/Data/IMG/right_2019_03_01_18_34_37_615.jpg, 0, 1, 0, 30.1903
/home/zubin/Desktop/Self-driving-car-simulation/Data/IMG/center_2019_03_01_18_34_37_730.jpg, /home/zubin/Desktop/Self-driving-car-simulation/Data/IMG/left_2019_03_01_18_34_37_730.jpg, /home/zubin/Desktop/Self-driving-car-simulation/Data/IMG/right_2019_03_01_18_34_37_730.jpg, 0, 1, 0, 30.19031
/home/zubin/Desktop/Self-driving-car-simulation/Data/IMG/center_2019_03_01_18_34_37_831.jpg, /home/zubin/Desktop/Self-driving-car-simulation/Data/IMG/left_2019_03_01_18_34_37_831.jpg, /home/zubin/Desktop/Self-driving-car-simulation/Data/IMG/right_2019_03_01_18_34_37_831.jpg, 0, 1, 0, 30.19029
/home/zubin/Desktop/Self-driving-car-simulation/Data/IMG/center_2019_03_01_18_34_37_947.jpg, /home/zubin/Desktop/Self-driving-car-simulation/Data/IMG/left_2019_03_01_18_34_37_947.jpg, /home/zubin/Desktop/Self-driving-car-simulation/Data/IMG/right_2019_03_01_18_34_37_947.jpg, 0, 1, 0, 30.1903
/home/zubin/Desktop/Self-driving-car-simulation/Data/IMG/center_2019_03_01_18_34_38_065.jpg, /home/zubin/Desktop/Self-driving-car-simulation/Data/IMG/left_2019_03_01_18_34_38_065.jpg, /home/zubin/Desktop/Self-driving-car-simulation/Data/IMG/right_2019_03_01_18_34_38_065.jpg, 0, 1, 0, 30.19031
/home/zubin/Desktop/Self-driving-car-simulation/Data/IMG/center_2019_03_01_18_34_38_180.jpg, /home/zubin/Desktop/Self-driving-car-simulation/Data/IMG/left_2019_03_01_18_34_38_180.jpg, /home/zubin/Desktop/Self-driving-car-simulation/Data/IMG/right_2019_03_01_18_34_38_180.jpg, 0, 1, 0, 30.1903
/home/zubin/Desktop/Self-driving-car-simulation/Data/IMG/center_2019_03_01_18_34_38_281.jpg, /home/zubin/Desktop/Self-driving-car-simulation/Data/IMG/left_2019_03_01_18_34_38_281.jpg, /home/zubin/Desktop/Self-driving-car-simulation/Data/IMG/right_2019_03_01_18_34_38_281.jpg, 0, 1, 0, 30.1903
/home/zubin/Desktop/Self-driving-car-simulation/Data/IMG/center_2019_03_01_18_34_38_396.jpg, /home/zubin/Desktop/Self-driving-car-simulation/Data/IMG/left_2019_03_01_18_34_38_396.jpg, /home/zubin/Desktop/Self-driving-car-simulation/Data/IMG/right_2019_03_01_18_34_38_396.jpg, -0.346128, 1, 0, 30.16298
/home/zubin/Desktop/Self-driving-car-simulation/Data/IMG/center_2019_03_01_18_34_38_513.jpg, /home/zubin/Desktop/Self-driving-car-simulation/Data/IMG/left_2019_03_01_18_34_38_513.jpg, /home/zubin/Desktop/Self-driving-car-simulation/Data/IMG/right_2019_03_01_18_34_38_513.jpg, -0.0509913, 1, 0, 30.19047
/home/zubin/Desktop/Self-driving-car-simulation/Data/IMG/center_2019_03_01_18_34_38_616.jpg, /home/zubin/Desktop/Self-driving-car-simulation/Data/IMG/left_2019_03_01_18_34_38_616.jpg, /home/zubin/Desktop/Self-driving-car-simulation/Data/IMG/right_2019_03_01_18_34_38_616.jpg, 0, 1, 0, 30.18997
/home/zubin/Desktop/Self-driving-car-simulation/Data/IMG/center_2019_03_01_18_34_38_728.jpg, /home/zubin/Desktop/Self-driving-car-simulation/Data/IMG/left_2019_03_01_18_34_38_728.jpg, /home/zubin/Desktop/Self-driving-car-simulation/Data/IMG/right_2019_03_01_18_34_38_728.jpg, 0, 1, 0, 30.19026
/home/zubin/Desktop/Self-driving-car-simulation/Data/IMG/center_2019_03_01_18_34_38_832.jpg, /home/zubin/Desktop/Self-driving-car-simulation/Data/IMG/left_2019_03_01_18_34_38_832.jpg, /home/zubin/Desktop/Self-driving-car-simulation/Data/IMG/right_2019_03_01_18_34_38_832.jpg, 0, 1, 0, 30.1903
/home/zubin/Desktop/Self-driving-car-simulation/Data/IMG/center_2019_03_01_18_34_38_947.jpg, /home/zubin/Desktop/Self-driving-car-simulation/Data/IMG/left_2019_03_01_18_34_38_947.jpg, /home/zubin/Desktop/Self-driving-car-simulation/Data/IMG/right_2019_03_01_18_34_38_947.jpg, 0, 1, 0, 30.19029
/home/zubin/Desktop/Self-driving-car-simulation/Data/IMG/center_2019_03_01_18_34_39_062.jpg, /home/zubin/Desktop/Self-driving-car-simulation/Data/IMG/left_2019_03_01_18_34_39_062.jpg, /home/zubin/Desktop/Self-driving-car-simulation/Data/IMG/right_2019_03_01_18_34_39_062.jpg, 0, 1, 0, 30.19029
/home/zubin/Desktop/Self-driving-car-simulation/Data/IMG/center_2019_03_01_18_34_39_162.jpg, /home/zubin/Desktop/Self-driving-car-simulation/Data/IMG/left_2019_03_01_18_34_39_162.jpg, /home/zubin/Desktop/Self-driving-car-simulation/Data/IMG/right_2019_03_01_18_34_39_162.jpg, 0, 1, 0, 30.19029
/home/zubin/Desktop/Self-driving-car-simulation/Data/IMG/center_2019_03_01_18_34_39_266.jpg, /home/zubin/Desktop/Self-driving-car-simulation/Data/IMG/left_2019_03_01_18_34_39_266.jpg, /home/zubin/Desktop/Self-driving-car-simulation/Data/IMG/right_2019_03_01_18_34_39_266.jpg, 0, 1, 0, 30.1903
/home/zubin/Desktop/Self-driving-car-simulation/Data/IMG/center_2019_03_01_18_34_39_379.jpg, /home/zubin/Desktop/Self-driving-car-simulation/Data/IMG/left_2019_03_01_18_34_39_379.jpg, /home/zubin/Desktop/Self-driving-car-simulation/Data/IMG/right_2019_03_01_18_34_39_379.jpg, 0, 1, 0, 30.19031
/home/zubin/Desktop/Self-driving-car-simulation/Data/IMG/center_2019_03_01_18_34_39_497.jpg, /home/zubin/Desktop/Self-driving-car-simulation/Data/IMG/left_2019_03_01_18_34_39_497.jpg, /home/zubin/Desktop/Self-driving-car-simulation/Data/IMG/right_2019_03_01_18_34_39_497.jpg, 0, 1, 0, 30.1903
/home/zubin/Desktop/Self-driving-car-simulation/Data/IMG/center_2019_03_01_18_34_39_611.jpg, /home/zubin/Desktop/Self-driving-car-simulation/Data/IMG/left_2019_03_01_18_34_39_611.jpg, /home/zubin/Desktop/Self-driving-car-simulation/Data/IMG/right_2019_03_01_18_34_39_611.jpg, 0, 1, 0, 30.19029
/home/zubin/Desktop/Self-driving-car-simulation/Data/IMG/center_2019_03_01_18_34_39_712.jpg, /home/zubin/Desktop/Self-driving-car-simulation/Data/IMG/left_2019_03_01_18_34_39_712.jpg, /home/zubin/Desktop/Self-driving-car-simulation/Data/IMG/right_2019_03_01_18_34_39_712.jpg, 0, 1, 0, 30.1903
/home/zubin/Desktop/Self-driving-car-simulation/Data/IMG/center_2019_03_01_18_34_39_812.jpg, /home/zubin/Desktop/Self-driving-car-simulation/Data/IMG/left_2019_03_01_18_34_39_812.jpg, /home/zubin/Desktop/Self-driving-car-simulation/Data/IMG/right_2019_03_01_18_34_39_812.jpg, 0, 1, 0, 30.1903
/home/zubin/Desktop/Self-driving-car-simulation/Data/IMG/center_2019_03_01_18_34_39_913.jpg, /home/zubin/Desktop/Self-driving-car-simulation/Data/IMG/left_2019_03_01_18_34_39_913.jpg, /home/zubin/Desktop/Self-driving-car-simulation/Data/IMG/right_2019_03_01_18_34_39_913.jpg, 0, 1, 0, 30.1903
/home/zubin/Desktop/Self-driving-car-simulation/Data/IMG/center_2019_03_01_18_34_40_029.jpg, /home/zubin/Desktop/Self-driving-car-simulation/Data/IMG/left_2019_03_01_18_34_40_029.jpg, /home/zubin/Desktop/Self-driving-car-simulation/Data/IMG/right_2019_03_01_18_34_40_029.jpg, 0, 1, 0, 30.1903
/home/zubin/Desktop/Self-driving-car-simulation/Data/IMG/center_2019_03_01_18_34_40_129.jpg, /home/zubin/Desktop/Self-driving-car-simulation/Data/IMG/left_2019_03_01_18_34_40_129.jpg, /home/zubin/Desktop/Self-driving-car-simulation/Data/IMG/right_2019_03_01_18_34_40_129.jpg, 0, 1, 0, 30.1903
/home/zubin/Desktop/Self-driving-car-simulation/Data/IMG/center_2019_03_01_18_34_40_245.jpg, /home/zubin/Desktop/Self-driving-car-simulation/Data/IMG/left_2019_03_01_18_34_40_245.jpg, /home/zubin/Desktop/Self-driving-car-simulation/Data/IMG/right_2019_03_01_18_34_40_245.jpg, 0, 1, 0, 30.1903
/home/zubin/Desktop/Self-driving-car-simulation/Data/IMG/center_2019_03_01_18_34_40_361.jpg, /home/zubin/Desktop/Self-driving-car-simulation/Data/IMG/left_2019_03_01_18_34_40_361.jpg, /home/zubin/Desktop/Self-driving-car-simulation/Data/IMG/right_2019_03_01_18_34_40_361.jpg, -0.2474556, 1, 0, 30.17446
/home/zubin/Desktop/Self-driving-car-simulation/Data/IMG/center_2019_03_01_18_34_40_478.jpg, /home/zubin/Desktop/Self-driving-car-simulation/Data/IMG/left_2019_03_01_18_34_40_478.jpg, /home/zubin/Desktop/Self-driving-car-simulation/Data/IMG/right_2019_03_01_18_34_40_478.jpg, -0.4915237, 1, 0, 30.15027
/home/zubin/Desktop/Self-driving-car-simulation/Data/IMG/center_2019_03_01_18_34_40_578.jpg, /home/zubin/Desktop/Self-driving-car-simulation/Data/IMG/left_2019_03_01_18_34_40_578.jpg, /home/zubin/Desktop/Self-driving-car-simulation/Data/IMG/right_2019_03_01_18_34_40_578.jpg, -0.1905491, 1, 0, 30.19352
/home/zubin/Desktop/Self-driving-car-simulation/Data/IMG/center_2019_03_01_18_34_40_678.jpg, /home/zubin/Desktop/Self-driving-car-simulation/Data/IMG/left_2019_03_01_18_34_40_678.jpg, /home/zubin/Desktop/Self-driving-car-simulation/Data/IMG/right_2019_03_01_18_34_40_678.jpg, 0, 1, 0, 30.18777
/home/zubin/Desktop/Self-driving-car-simulation/Data/IMG/center_2019_03_01_18_34_40_779.jpg, /home/zubin/Desktop/Self-driving-car-simulation/Data/IMG/left_2019_03_01_18_34_40_779.jpg, /home/zubin/Desktop/Self-driving-car-simulation/Data/IMG/right_2019_03_01_18_34_40_779.jpg, -0.05653811, 1, 0, 30.19021
/home/zubin/Desktop/Self-driving-car-simulation/Data/IMG/center_2019_03_01_18_34_40_895.jpg, /home/zubin/Desktop/Self-driving-car-simulation/Data/IMG/left_2019_03_01_18_34_40_895.jpg, /home/zubin/Desktop/Self-driving-car-simulation/Data/IMG/right_2019_03_01_18_34_40_895.jpg, -0.406575, 1, 0, 30.15909
/home/zubin/Desktop/Self-driving-car-simulation/Data/IMG/center_2019_03_01_18_34_41_011.jpg, /home/zubin/Desktop/Self-driving-car-simulation/Data/IMG/left_2019_03_01_18_34_41_011.jpg, /home/zubin/Desktop/Self-driving-car-simulation/Data/IMG/right_2019_03_01_18_34_41_011.jpg, -0.5995109, 1, 0, 30.13891
/home/zubin/Desktop/Self-driving-car-simulation/Data/IMG/center_2019_03_01_18_34_41_128.jpg, /home/zubin/Desktop/Self-driving-car-simulation/Data/IMG/left_2019_03_01_18_34_41_128.jpg, /home/zubin/Desktop/Self-driving-car-simulation/Data/IMG/right_2019_03_01_18_34_41_128.jpg, -0.1984048, 1, 0, 30.19653
/home/zubin/Desktop/Self-driving-car-simulation/Data/IMG/center_2019_03_01_18_34_41_243.jpg, /home/zubin/Desktop/Self-driving-car-simulation/Data/IMG/left_2019_03_01_18_34_41_243.jpg, /home/zubin/Desktop/Self-driving-car-simulation/Data/IMG/right_2019_03_01_18_34_41_243.jpg, 0, 1, 0, 21.65988
/home/zubin/Desktop/Self-driving-car-simulation/Data/IMG/center_2019_03_01_18_34_41_353.jpg, /home/zubin/Desktop/Self-driving-car-simulation/Data/IMG/left_2019_03_01_18_34_41_353.jpg, /home/zubin/Desktop/Self-driving-car-simulation/Data/IMG/right_2019_03_01_18_34_41_353.jpg, 0, 1, 0, 21.55276
/home/zubin/Desktop/Self-driving-car-simulation/Data/IMG/center_2019_03_01_18_34_41_444.jpg, /home/zubin/Desktop/Self-driving-car-simulation/Data/IMG/left_2019_03_01_18_34_41_444.jpg, /home/zubin/Desktop/Self-driving-car-simulation/Data/IMG/right_2019_03_01_18_34_41_444.jpg, 0, 1, 0, 21.97468
/home/zubin/Desktop/Self-driving-car-simulation/Data/IMG/center_2019_03_01_18_34_41_569.jpg, /home/zubin/Desktop/Self-driving-car-simulation/Data/IMG/left_2019_03_01_18_34_41_569.jpg, /home/zubin/Desktop/Self-driving-car-simulation/Data/IMG/right_2019_03_01_18_34_41_569.jpg, 0, 1, 0, 18.77799
/home/zubin/Desktop/Self-driving-car-simulation/Data/IMG/center_2019_03_01_18_34_41_685.jpg, /home/zubin/Desktop/Self-driving-car-simulation/Data/IMG/left_2019_03_01_18_34_41_685.jpg, /home/zubin/Desktop/Self-driving-car-simulation/Data/IMG/right_2019_03_01_18_34_41_685.jpg, 0, 1, 0, 15.3332
/home/zubin/Desktop/Self-driving-car-simulation/Data/IMG/center_2019_03_01_18_34_41_803.jpg, /home/zubin/Desktop/Self-driving-car-simulation/Data/IMG/left_2019_03_01_18_34_41_803.jpg, /home/zubin/Desktop/Self-driving-car-simulation/Data/IMG/right_2019_03_01_18_34_41_803.jpg, 0, 1, 0, 15.12672
/home/zubin/Desktop/Self-driving-car-simulation/Data/IMG/center_2019_03_01_18_34_41_902.jpg, /home/zubin/Desktop/Self-driving-car-simulation/Data/IMG/left_2019_03_01_18_34_41_902.jpg, /home/zubin/Desktop/Self-driving-car-simulation/Data/IMG/right_2019_03_01_18_34_41_902.jpg, 0, 1, 0, 15.12436
/home/zubin/Desktop/Self-driving-car-simulation/Data/IMG/center_2019_03_01_18_34_42_008.jpg, /home/zubin/Desktop/Self-driving-car-simulation/Data/IMG/left_2019_03_01_18_34_42_008.jpg, /home/zubin/Desktop/Self-driving-car-simulation/Data/IMG/right_2019_03_01_18_34_42_008.jpg, 0, 1, 0, 10.33403
/home/zubin/Desktop/Self-driving-car-simulation/Data/IMG/center_2019_03_01_18_34_42_109.jpg, /home/zubin/Desktop/Self-driving-car-simulation/Data/IMG/left_2019_03_01_18_34_42_109.jpg, /home/zubin/Desktop/Self-driving-car-simulation/Data/IMG/right_2019_03_01_18_34_42_109.jpg, 0, 1, 0, 9.111417
/home/zubin/Desktop/Self-driving-car-simulation/Data/IMG/center_2019_03_01_18_34_42_236.jpg, /home/zubin/Desktop/Self-driving-car-simulation/Data/IMG/left_2019_03_01_18_34_42_236.jpg, /home/zubin/Desktop/Self-driving-car-simulation/Data/IMG/right_2019_03_01_18_34_42_236.jpg, 0, 1, 0, 9.152962
/home/zubin/Desktop/Self-driving-car-simulation/Data/IMG/center_2019_03_01_18_34_42_335.jpg, /home/zubin/Desktop/Self-driving-car-simulation/Data/IMG/left_2019_03_01_18_34_42_335.jpg, /home/zubin/Desktop/Self-driving-car-simulation/Data/IMG/right_2019_03_01_18_34_42_335.jpg, 0, 1, 0, 8.872241
/home/zubin/Desktop/Self-driving-car-simulation/Data/IMG/center_2019_03_01_18_34_42_435.jpg, /home/zubin/Desktop/Self-driving-car-simulation/Data/IMG/left_2019_03_01_18_34_42_435.jpg, /home/zubin/Desktop/Self-driving-car-simulation/Data/IMG/right_2019_03_01_18_34_42_435.jpg, 0, 1, 0, 8.986703
/home/zubin/Desktop/Self-driving-car-simulation/Data/IMG/center_2019_03_01_18_34_42_553.jpg, /home/zubin/Desktop/Self-driving-car-simulation/Data/IMG/left_2019_03_01_18_34_42_553.jpg, /home/zubin/Desktop/Self-driving-car-simulation/Data/IMG/right_2019_03_01_18_34_42_553.jpg, 0, 1, 0, 9.758892
/home/zubin/Desktop/Self-driving-car-simulation/Data/IMG/center_2019_03_01_18_34_42_668.jpg, /home/zubin/Desktop/Self-driving-car-simulation/Data/IMG/left_2019_03_01_18_34_42_668.jpg, /home/zubin/Desktop/Self-driving-car-simulation/Data/IMG/right_2019_03_01_18_34_42_668.jpg, 0, 1, 0, 11.01018
/home/zubin/Desktop/Self-driving-car-simulation/Data/IMG/center_2019_03_01_18_34_42_768.jpg, /home/zubin/Desktop/Self-driving-car-simulation/Data/IMG/left_2019_03_01_18_34_42_768.jpg, /home/zubin/Desktop/Self-driving-car-simulation/Data/IMG/right_2019_03_01_18_34_42_768.jpg, 0, 1, 0, 11.50294
/home/zubin/Desktop/Self-driving-car-simulation/Data/IMG/center_2019_03_01_18_34_42_885.jpg, /home/zubin/Desktop/Self-driving-car-simulation/Data/IMG/left_2019_03_01_18_34_42_885.jpg, /home/zubin/Desktop/Self-driving-car-simulation/Data/IMG/right_2019_03_01_18_34_42_885.jpg, 0.1526971, 1, 0, 12.64915
/home/zubin/Desktop/Self-driving-car-simulation/Data/IMG/center_2019_03_01_18_34_43_001.jpg, /home/zubin/Desktop/Self-driving-car-simulation/Data/IMG/left_2019_03_01_18_34_43_001.jpg, /home/zubin/Desktop/Self-driving-car-simulation/Data/IMG/right_2019_03_01_18_34_43_001.jpg, 0.5046151, 1, 0, 13.6552
/home/zubin/Desktop/Self-driving-car-simulation/Data/IMG/center_2019_03_01_18_34_43_118.jpg, /home/zubin/Desktop/Self-driving-car-simulation/Data/IMG/left_2019_03_01_18_34_43_118.jpg, /home/zubin/Desktop/Self-driving-car-simulation/Data/IMG/right_2019_03_01_18_34_43_118.jpg, 0.1592517, 1, 0, 14.57755
/home/zubin/Desktop/Self-driving-car-simulation/Data/IMG/center_2019_03_01_18_34_43_218.jpg, /home/zubin/Desktop/Self-driving-car-simulation/Data/IMG/left_2019_03_01_18_34_43_218.jpg, /home/zubin/Desktop/Self-driving-car-simulation/Data/IMG/right_2019_03_01_18_34_43_218.jpg, 0, 1, 0, 15.15402
/home/zubin/Desktop/Self-driving-car-simulation/Data/IMG/center_2019_03_01_18_34_43_335.jpg, /home/zubin/Desktop/Self-driving-car-simulation/Data/IMG/left_2019_03_01_18_34_43_335.jpg, /home/zubin/Desktop/Self-driving-car-simulation/Data/IMG/right_2019_03_01_18_34_43_335.jpg, 0.2142355, 1, 0, 15.90917
/home/zubin/Desktop/Self-driving-car-simulation/Data/IMG/center_2019_03_01_18_34_43_435.jpg, /home/zubin/Desktop/Self-driving-car-simulation/Data/IMG/left_2019_03_01_18_34_43_435.jpg, /home/zubin/Desktop/Self-driving-car-simulation/Data/IMG/right_2019_03_01_18_34_43_435.jpg, 0.4127162, 1, 0, 16.63769
/home/zubin/Desktop/Self-driving-car-simulation/Data/IMG/center_2019_03_01_18_34_43_552.jpg, /home/zubin/Desktop/Self-driving-car-simulation/Data/IMG/left_2019_03_01_18_34_43_552.jpg, /home/zubin/Desktop/Self-driving-car-simulation/Data/IMG/right_2019_03_01_18_34_43_552.jpg, 0.06877828, 1, 0, 17.25564
/home/zubin/Desktop/Self-driving-car-simulation/Data/IMG/center_2019_03_01_18_34_43_651.jpg, /home/zubin/Desktop/Self-driving-car-simulation/Data/IMG/left_2019_03_01_18_34_43_651.jpg, /home/zubin/Desktop/Self-driving-car-simulation/Data/IMG/right_2019_03_01_18_34_43_651.jpg, 0, 1, 0, 17.54725
/home/zubin/Desktop/Self-driving-car-simulation/Data/IMG/center_2019_03_01_18_34_43_768.jpg, /home/zubin/Desktop/Self-driving-car-simulation/Data/IMG/left_2019_03_01_18_34_43_768.jpg, /home/zubin/Desktop/Self-driving-car-simulation/Data/IMG/right_2019_03_01_18_34_43_768.jpg, 0, 1, 0, 18.35733
/home/zubin/Desktop/Self-driving-car-simulation/Data/IMG/center_2019_03_01_18_34_43_886.jpg, /home/zubin/Desktop/Self-driving-car-simulation/Data/IMG/left_2019_03_01_18_34_43_886.jpg, /home/zubin/Desktop/Self-driving-car-simulation/Data/IMG/right_2019_03_01_18_34_43_886.jpg, 0.3467095, 1, 0, 19.21205
/home/zubin/Desktop/Self-driving-car-simulation/Data/IMG/center_2019_03_01_18_34_43_991.jpg, /home/zubin/Desktop/Self-driving-car-simulation/Data/IMG/left_2019_03_01_18_34_43_991.jpg, /home/zubin/Desktop/Self-driving-car-simulation/Data/IMG/right_2019_03_01_18_34_43_991.jpg, 0.04917812, 1, 0, 20.35768
/home/zubin/Desktop/Self-driving-car-simulation/Data/IMG/center_2019_03_01_18_34_44_091.jpg, /home/zubin/Desktop/Self-driving-car-simulation/Data/IMG/left_2019_03_01_18_34_44_091.jpg, /home/zubin/Desktop/Self-driving-car-simulation/Data/IMG/right_2019_03_01_18_34_44_091.jpg, 0, 1, 0, 20.84331
/home/zubin/Desktop/Self-driving-car-simulation/Data/IMG/center_2019_03_01_18_34_44_192.jpg, /home/zubin/Desktop/Self-driving-car-simulation/Data/IMG/left_2019_03_01_18_34_44_192.jpg, /home/zubin/Desktop/Self-driving-car-simulation/Data/IMG/right_2019_03_01_18_34_44_192.jpg, 0, 1, 0, 21.74377
/home/zubin/Desktop/Self-driving-car-simulation/Data/IMG/center_2019_03_01_18_34_44_308.jpg, /home/zubin/Desktop/Self-driving-car-simulation/Data/IMG/left_2019_03_01_18_34_44_308.jpg, /home/zubin/Desktop/Self-driving-car-simulation/Data/IMG/right_2019_03_01_18_34_44_308.jpg, -0.1775844, 1, 0, 22.79335
/home/zubin/Desktop/Self-driving-car-simulation/Data/IMG/center_2019_03_01_18_34_44_408.jpg, /home/zubin/Desktop/Self-driving-car-simulation/Data/IMG/left_2019_03_01_18_34_44_408.jpg, /home/zubin/Desktop/Self-driving-car-simulation/Data/IMG/right_2019_03_01_18_34_44_408.jpg, -0.1972561, 1, 0, 23.67273
/home/zubin/Desktop/Self-driving-car-simulation/Data/IMG/center_2019_03_01_18_34_44_526.jpg, /home/zubin/Desktop/Self-driving-car-simulation/Data/IMG/left_2019_03_01_18_34_44_526.jpg, /home/zubin/Desktop/Self-driving-car-simulation/Data/IMG/right_2019_03_01_18_34_44_526.jpg, 0, 1, 0, 24.836
/home/zubin/Desktop/Self-driving-car-simulation/Data/IMG/center_2019_03_01_18_34_44_642.jpg, /home/zubin/Desktop/Self-driving-car-simulation/Data/IMG/left_2019_03_01_18_34_44_642.jpg, /home/zubin/Desktop/Self-driving-car-simulation/Data/IMG/right_2019_03_01_18_34_44_642.jpg, 0, 1, 0, 25.98368
/home/zubin/Desktop/Self-driving-car-simulation/Data/IMG/center_2019_03_01_18_34_44_756.jpg, /home/zubin/Desktop/Self-driving-car-simulation/Data/IMG/left_2019_03_01_18_34_44_756.jpg, /home/zubin/Desktop/Self-driving-car-simulation/Data/IMG/right_2019_03_01_18_34_44_756.jpg, 0, 1, 0, 27.11858
/home/zubin/Desktop/Self-driving-car-simulation/Data/IMG/center_2019_03_01_18_34_44_858.jpg, /home/zubin/Desktop/Self-driving-car-simulation/Data/IMG/left_2019_03_01_18_34_44_858.jpg, /home/zubin/Desktop/Self-driving-car-simulation/Data/IMG/right_2019_03_01_18_34_44_858.jpg, -0.104064, 1, 0, 28.05132
/home/zubin/Desktop/Self-driving-car-simulation/Data/IMG/center_2019_03_01_18_34_44_974.jpg, /home/zubin/Desktop/Self-driving-car-simulation/Data/IMG/left_2019_03_01_18_34_44_974.jpg, /home/zubin/Desktop/Self-driving-car-simulation/Data/IMG/right_2019_03_01_18_34_44_974.jpg, -0.4496069, 1, 0, 29.02197
/home/zubin/Desktop/Self-driving-car-simulation/Data/IMG/center_2019_03_01_18_34_45_091.jpg, /home/zubin/Desktop/Self-driving-car-simulation/Data/IMG/left_2019_03_01_18_34_45_091.jpg, /home/zubin/Desktop/Self-driving-car-simulation/Data/IMG/right_2019_03_01_18_34_45_091.jpg, -0.09584928, 1, 0, 29.91362
/home/zubin/Desktop/Self-driving-car-simulation/Data/IMG/center_2019_03_01_18_34_45_207.jpg, /home/zubin/Desktop/Self-driving-car-simulation/Data/IMG/left_2019_03_01_18_34_45_207.jpg, /home/zubin/Desktop/Self-driving-car-simulation/Data/IMG/right_2019_03_01_18_34_45_207.jpg, 0, 1, 0, 30.18886
/home/zubin/Desktop/Self-driving-car-simulation/Data/IMG/center_2019_03_01_18_34_45_323.jpg, /home/zubin/Desktop/Self-driving-car-simulation/Data/IMG/left_2019_03_01_18_34_45_323.jpg, /home/zubin/Desktop/Self-driving-car-simulation/Data/IMG/right_2019_03_01_18_34_45_323.jpg, 0, 1, 0, 30.18984
/home/zubin/Desktop/Self-driving-car-simulation/Data/IMG/center_2019_03_01_18_34_45_424.jpg, /home/zubin/Desktop/Self-driving-car-simulation/Data/IMG/left_2019_03_01_18_34_45_424.jpg, /home/zubin/Desktop/Self-driving-car-simulation/Data/IMG/right_2019_03_01_18_34_45_424.jpg, 0, 1, 0, 30.18813
/home/zubin/Desktop/Self-driving-car-simulation/Data/IMG/center_2019_03_01_18_34_45_524.jpg, /home/zubin/Desktop/Self-driving-car-simulation/Data/IMG/left_2019_03_01_18_34_45_524.jpg, /home/zubin/Desktop/Self-driving-car-simulation/Data/IMG/right_2019_03_01_18_34_45_524.jpg, -0.1990464, 1, 0, 30.17965
/home/zubin/Desktop/Self-driving-car-simulation/Data/IMG/center_2019_03_01_18_34_45_638.jpg, /home/zubin/Desktop/Self-driving-car-simulation/Data/IMG/left_2019_03_01_18_34_45_638.jpg, /home/zubin/Desktop/Self-driving-car-simulation/Data/IMG/right_2019_03_01_18_34_45_638.jpg, 0, 1, 0, 30.18979
/home/zubin/Desktop/Self-driving-car-simulation/Data/IMG/center_2019_03_01_18_34_45_740.jpg, /home/zubin/Desktop/Self-driving-car-simulation/Data/IMG/left_2019_03_01_18_34_45_740.jpg, /home/zubin/Desktop/Self-driving-car-simulation/Data/IMG/right_2019_03_01_18_34_45_740.jpg, 0, 1, 0, 30.19002
/home/zubin/Desktop/Self-driving-car-simulation/Data/IMG/center_2019_03_01_18_34_45_857.jpg, /home/zubin/Desktop/Self-driving-car-simulation/Data/IMG/left_2019_03_01_18_34_45_857.jpg, /home/zubin/Desktop/Self-driving-car-simulation/Data/IMG/right_2019_03_01_18_34_45_857.jpg, 0, 1, 0, 30.18999
/home/zubin/Desktop/Self-driving-car-simulation/Data/IMG/center_2019_03_01_18_34_45_972.jpg, /home/zubin/Desktop/Self-driving-car-simulation/Data/IMG/left_2019_03_01_18_34_45_972.jpg, /home/zubin/Desktop/Self-driving-car-simulation/Data/IMG/right_2019_03_01_18_34_45_972.jpg, 0, 1, 0, 30.18991
/home/zubin/Desktop/Self-driving-car-simulation/Data/IMG/center_2019_03_01_18_34_46_073.jpg, /home/zubin/Desktop/Self-driving-car-simulation/Data/IMG/left_2019_03_01_18_34_46_073.jpg, /home/zubin/Desktop/Self-driving-car-simulation/Data/IMG/right_2019_03_01_18_34_46_073.jpg, 0, 1, 0, 30.19044
/home/zubin/Desktop/Self-driving-car-simulation/Data/IMG/center_2019_03_01_18_34_46_174.jpg, /home/zubin/Desktop/Self-driving-car-simulation/Data/IMG/left_2019_03_01_18_34_46_174.jpg, /home/zubin/Desktop/Self-driving-car-simulation/Data/IMG/right_2019_03_01_18_34_46_174.jpg, -0.1561439, 1, 0, 30.18402
/home/zubin/Desktop/Self-driving-car-simulation/Data/IMG/center_2019_03_01_18_34_46_288.jpg, /home/zubin/Desktop/Self-driving-car-simulation/Data/IMG/left_2019_03_01_18_34_46_288.jpg, /home/zubin/Desktop/Self-driving-car-simulation/Data/IMG/right_2019_03_01_18_34_46_288.jpg, -0.04824972, 1, 0, 30.19093
/home/zubin/Desktop/Self-driving-car-simulation/Data/IMG/center_2019_03_01_18_34_46_390.jpg, /home/zubin/Desktop/Self-driving-car-simulation/Data/IMG/left_2019_03_01_18_34_46_390.jpg, /home/zubin/Desktop/Self-driving-car-simulation/Data/IMG/right_2019_03_01_18_34_46_390.jpg, 0, 0.6954548, 0, 30.13647
/home/zubin/Desktop/Self-driving-car-simulation/Data/IMG/center_2019_03_01_18_34_46_506.jpg, /home/zubin/Desktop/Self-driving-car-simulation/Data/IMG/left_2019_03_01_18_34_46_506.jpg, /home/zubin/Desktop/Self-driving-car-simulation/Data/IMG/right_2019_03_01_18_34_46_506.jpg, 0, 0.3485022, 0, 30.03143
/home/zubin/Desktop/Self-driving-car-simulation/Data/IMG/center_2019_03_01_18_34_46_606.jpg, /home/zubin/Desktop/Self-driving-car-simulation/Data/IMG/left_2019_03_01_18_34_46_606.jpg, /home/zubin/Desktop/Self-driving-car-simulation/Data/IMG/right_2019_03_01_18_34_46_606.jpg, -0.0551641, 0.04793811, 0, 29.93415
/home/zubin/Desktop/Self-driving-car-simulation/Data/IMG/center_2019_03_01_18_34_46_721.jpg, /home/zubin/Desktop/Self-driving-car-simulation/Data/IMG/left_2019_03_01_18_34_46_721.jpg, /home/zubin/Desktop/Self-driving-car-simulation/Data/IMG/right_2019_03_01_18_34_46_721.jpg, -0.3993151, 0, 0, 29.47452
/home/zubin/Desktop/Self-driving-car-simulation/Data/IMG/center_2019_03_01_18_34_46_840.jpg, /home/zubin/Desktop/Self-driving-car-simulation/Data/IMG/left_2019_03_01_18_34_46_840.jpg, /home/zubin/Desktop/Self-driving-car-simulation/Data/IMG/right_2019_03_01_18_34_46_840.jpg, -0.3121827, 0, 0, 28.95238
/home/zubin/Desktop/Self-driving-car-simulation/Data/IMG/center_2019_03_01_18_34_46_954.jpg, /home/zubin/Desktop/Self-driving-car-simulation/Data/IMG/left_2019_03_01_18_34_46_954.jpg, /home/zubin/Desktop/Self-driving-car-simulation/Data/IMG/right_2019_03_01_18_34_46_954.jpg, 0, 0, 0, 28.60378
/home/zubin/Desktop/Self-driving-car-simulation/Data/IMG/center_2019_03_01_18_34_47_055.jpg, /home/zubin/Desktop/Self-driving-car-simulation/Data/IMG/left_2019_03_01_18_34_47_055.jpg, /home/zubin/Desktop/Self-driving-car-simulation/Data/IMG/right_2019_03_01_18_34_47_055.jpg, 0, 0, 0, 28.31023
/home/zubin/Desktop/Self-driving-car-simulation/Data/IMG/center_2019_03_01_18_34_47_169.jpg, /home/zubin/Desktop/Self-driving-car-simulation/Data/IMG/left_2019_03_01_18_34_47_169.jpg, /home/zubin/Desktop/Self-driving-car-simulation/Data/IMG/right_2019_03_01_18_34_47_169.jpg, 0, 0, 0, 28.02484
/home/zubin/Desktop/Self-driving-car-simulation/Data/IMG/center_2019_03_01_18_34_47_271.jpg, /home/zubin/Desktop/Self-driving-car-simulation/Data/IMG/left_2019_03_01_18_34_47_271.jpg, /home/zubin/Desktop/Self-driving-car-simulation/Data/IMG/right_2019_03_01_18_34_47_271.jpg, 0, 0, 0, 27.74282
/home/zubin/Desktop/Self-driving-car-simulation/Data/IMG/center_2019_03_01_18_34_47_388.jpg, /home/zubin/Desktop/Self-driving-car-simulation/Data/IMG/left_2019_03_01_18_34_47_388.jpg, /home/zubin/Desktop/Self-driving-car-simulation/Data/IMG/right_2019_03_01_18_34_47_388.jpg, -0.210813, 0, 0, 27.39274
/home/zubin/Desktop/Self-driving-car-simulation/Data/IMG/center_2019_03_01_18_34_47_488.jpg, /home/zubin/Desktop/Self-driving-car-simulation/Data/IMG/left_2019_03_01_18_34_47_488.jpg, /home/zubin/Desktop/Self-driving-car-simulation/Data/IMG/right_2019_03_01_18_34_47_488.jpg, -0.1707845, 0, 0, 27.03821
/home/zubin/Desktop/Self-driving-car-simulation/Data/IMG/center_2019_03_01_18_34_47_604.jpg, /home/zubin/Desktop/Self-driving-car-simulation/Data/IMG/left_2019_03_01_18_34_47_604.jpg, /home/zubin/Desktop/Self-driving-car-simulation/Data/IMG/right_2019_03_01_18_34_47_604.jpg, 0, 0, 0, 26.7086
/home/zubin/Desktop/Self-driving-car-simulation/Data/IMG/center_2019_03_01_18_34_47_706.jpg, /home/zubin/Desktop/Self-driving-car-simulation/Data/IMG/left_2019_03_01_18_34_47_706.jpg, /home/zubin/Desktop/Self-driving-car-simulation/Data/IMG/right_2019_03_01_18_34_47_706.jpg, 0, 0, 0, 26.43815
/home/zubin/Desktop/Self-driving-car-simulation/Data/IMG/center_2019_03_01_18_34_47_819.jpg, /home/zubin/Desktop/Self-driving-car-simulation/Data/IMG/left_2019_03_01_18_34_47_819.jpg, /home/zubin/Desktop/Self-driving-car-simulation/Data/IMG/right_2019_03_01_18_34_47_819.jpg, 0, 0, 0, 26.11905
/home/zubin/Desktop/Self-driving-car-simulation/Data/IMG/center_2019_03_01_18_34_47_922.jpg, /home/zubin/Desktop/Self-driving-car-simulation/Data/IMG/left_2019_03_01_18_34_47_922.jpg, /home/zubin/Desktop/Self-driving-car-simulation/Data/IMG/right_2019_03_01_18_34_47_922.jpg, 0, 0, 0, 25.85627
/home/zubin/Desktop/Self-driving-car-simulation/Data/IMG/center_2019_03_01_18_34_48_036.jpg, /home/zubin/Desktop/Self-driving-car-simulation/Data/IMG/left_2019_03_01_18_34_48_036.jpg, /home/zubin/Desktop/Self-driving-car-simulation/Data/IMG/right_2019_03_01_18_34_48_036.jpg, 0, 0, 0, 25.54527
/home/zubin/Desktop/Self-driving-car-simulation/Data/IMG/center_2019_03_01_18_34_48_154.jpg, /home/zubin/Desktop/Self-driving-car-simulation/Data/IMG/left_2019_03_01_18_34_48_154.jpg, /home/zubin/Desktop/Self-driving-car-simulation/Data/IMG/right_2019_03_01_18_34_48_154.jpg, 0, 0, 0, 25.238
/home/zubin/Desktop/Self-driving-car-simulation/Data/IMG/center_2019_03_01_18_34_48_273.jpg, /home/zubin/Desktop/Self-driving-car-simulation/Data/IMG/left_2019_03_01_18_34_48_273.jpg, /home/zubin/Desktop/Self-driving-car-simulation/Data/IMG/right_2019_03_01_18_34_48_273.jpg, 0, 0, 0, 24.98478
/home/zubin/Desktop/Self-driving-car-simulation/Data/IMG/center_2019_03_01_18_34_48_387.jpg, /home/zubin/Desktop/Self-driving-car-simulation/Data/IMG/left_2019_03_01_18_34_48_387.jpg, /home/zubin/Desktop/Self-driving-car-simulation/Data/IMG/right_2019_03_01_18_34_48_387.jpg, 0, 0, 0, 24.68426
/home/zubin/Desktop/Self-driving-car-simulation/Data/IMG/center_2019_03_01_18_34_48_504.jpg, /home/zubin/Desktop/Self-driving-car-simulation/Data/IMG/left_2019_03_01_18_34_48_504.jpg, /home/zubin/Desktop/Self-driving-car-simulation/Data/IMG/right_2019_03_01_18_34_48_504.jpg, 0, 0, 0, 24.38735
/home/zubin/Desktop/Self-driving-car-simulation/Data/IMG/center_2019_03_01_18_34_48_621.jpg, /home/zubin/Desktop/Self-driving-car-simulation/Data/IMG/left_2019_03_01_18_34_48_621.jpg, /home/zubin/Desktop/Self-driving-car-simulation/Data/IMG/right_2019_03_01_18_34_48_621.jpg, 0, 0.1548715, 0, 24.14096
/home/zubin/Desktop/Self-driving-car-simulation/Data/IMG/center_2019_03_01_18_34_48_736.jpg, /home/zubin/Desktop/Self-driving-car-simulation/Data/IMG/left_2019_03_01_18_34_48_736.jpg, /home/zubin/Desktop/Self-driving-car-simulation/Data/IMG/right_2019_03_01_18_34_48_736.jpg, 0, 0.4996591, 0, 24.34581
/home/zubin/Desktop/Self-driving-car-simulation/Data/IMG/center_2019_03_01_18_34_48_853.jpg, /home/zubin/Desktop/Self-driving-car-simulation/Data/IMG/left_2019_03_01_18_34_48_853.jpg, /home/zubin/Desktop/Self-driving-car-simulation/Data/IMG/right_2019_03_01_18_34_48_853.jpg, 0, 0.8528874, 0, 25.05066
/home/zubin/Desktop/Self-driving-car-simulation/Data/IMG/center_2019_03_01_18_34_48_970.jpg, /home/zubin/Desktop/Self-driving-car-simulation/Data/IMG/left_2019_03_01_18_34_48_970.jpg, /home/zubin/Desktop/Self-driving-car-simulation/Data/IMG/right_2019_03_01_18_34_48_970.jpg, -0.2199118, 1, 0, 25.95161
/home/zubin/Desktop/Self-driving-car-simulation/Data/IMG/center_2019_03_01_18_34_49_070.jpg, /home/zubin/Desktop/Self-driving-car-simulation/Data/IMG/left_2019_03_01_18_34_49_070.jpg, /home/zubin/Desktop/Self-driving-car-simulation/Data/IMG/right_2019_03_01_18_34_49_070.jpg, -0.1769793, 1, 0, 26.82032
/home/zubin/Desktop/Self-driving-car-simulation/Data/IMG/center_2019_03_01_18_34_49_171.jpg, /home/zubin/Desktop/Self-driving-car-simulation/Data/IMG/left_2019_03_01_18_34_49_171.jpg, /home/zubin/Desktop/Self-driving-car-simulation/Data/IMG/right_2019_03_01_18_34_49_171.jpg, 0, 0.6970506, 0, 27.61364
/home/zubin/Desktop/Self-driving-car-simulation/Data/IMG/center_2019_03_01_18_34_49_287.jpg, /home/zubin/Desktop/Self-driving-car-simulation/Data/IMG/left_2019_03_01_18_34_49_287.jpg, /home/zubin/Desktop/Self-driving-car-simulation/Data/IMG/right_2019_03_01_18_34_49_287.jpg, 0, 0.3497646, 0, 28.05819
/home/zubin/Desktop/Self-driving-car-simulation/Data/IMG/center_2019_03_01_18_34_49_388.jpg, /home/zubin/Desktop/Self-driving-car-simulation/Data/IMG/left_2019_03_01_18_34_49_388.jpg, /home/zubin/Desktop/Self-driving-car-simulation/Data/IMG/right_2019_03_01_18_34_49_388.jpg, 0, 0.04579878, 0, 28.03594
/home/zubin/Desktop/Self-driving-car-simulation/Data/IMG/center_2019_03_01_18_34_49_502.jpg, /home/zubin/Desktop/Self-driving-car-simulation/Data/IMG/left_2019_03_01_18_34_49_502.jpg, /home/zubin/Desktop/Self-driving-car-simulation/Data/IMG/right_2019_03_01_18_34_49_502.jpg, -0.1011329, 0, 0, 27.70164
/home/zubin/Desktop/Self-driving-car-simulation/Data/IMG/center_2019_03_01_18_34_49_603.jpg, /home/zubin/Desktop/Self-driving-car-simulation/Data/IMG/left_2019_03_01_18_34_49_603.jpg, /home/zubin/Desktop/Self-driving-car-simulation/Data/IMG/right_2019_03_01_18_34_49_603.jpg, -0.07378507, 0, 0, 27.39292
/home/zubin/Desktop/Self-driving-car-simulation/Data/IMG/center_2019_03_01_18_34_49_720.jpg, /home/zubin/Desktop/Self-driving-car-simulation/Data/IMG/left_2019_03_01_18_34_49_720.jpg, /home/zubin/Desktop/Self-driving-car-simulation/Data/IMG/right_2019_03_01_18_34_49_720.jpg, 0, 0, 0, 27.06172
/home/zubin/Desktop/Self-driving-car-simulation/Data/IMG/center_2019_03_01_18_34_49_837.jpg, /home/zubin/Desktop/Self-driving-car-simulation/Data/IMG/left_2019_03_01_18_34_49_837.jpg, /home/zubin/Desktop/Self-driving-car-simulation/Data/IMG/right_2019_03_01_18_34_49_837.jpg, 0, 0, 0, 26.73727
/home/zubin/Desktop/Self-driving-car-simulation/Data/IMG/center_2019_03_01_18_34_49_951.jpg, /home/zubin/Desktop/Self-driving-car-simulation/Data/IMG/left_2019_03_01_18_34_49_951.jpg, /home/zubin/Desktop/Self-driving-car-simulation/Data/IMG/right_2019_03_01_18_34_49_951.jpg, -0.1278691, 0, 0, 26.46488
/home/zubin/Desktop/Self-driving-car-simulation/Data/IMG/center_2019_03_01_18_34_50_053.jpg, /home/zubin/Desktop/Self-driving-car-simulation/Data/IMG/left_2019_03_01_18_34_50_053.jpg, /home/zubin/Desktop/Self-driving-car-simulation/Data/IMG/right_2019_03_01_18_34_50_053.jpg, 0, 0, 0, 26.14598
/home/zubin/Desktop/Self-driving-car-simulation/Data/IMG/center_2019_03_01_18_34_50_170.jpg, /home/zubin/Desktop/Self-driving-car-simulation/Data/IMG/left_2019_03_01_18_34_50_170.jpg, /home/zubin/Desktop/Self-driving-car-simulation/Data/IMG/right_2019_03_01_18_34_50_170.jpg, -0.05629492, 0, 0, 25.88389
/home/zubin/Desktop/Self-driving-car-simulation/Data/IMG/center_2019_03_01_18_34_50_285.jpg, /home/zubin/Desktop/Self-driving-car-simulation/Data/IMG/left_2019_03_01_18_34_50_285.jpg, /home/zubin/Desktop/Self-driving-car-simulation/Data/IMG/right_2019_03_01_18_34_50_285.jpg, -0.1007016, 0, 0, 25.53508
/home/zubin/Desktop/Self-driving-car-simulation/Data/IMG/center_2019_03_01_18_34_50_385.jpg, /home/zubin/Desktop/Self-driving-car-simulation/Data/IMG/left_2019_03_01_18_34_50_385.jpg, /home/zubin/Desktop/Self-driving-car-simulation/Data/IMG/right_2019_03_01_18_34_50_385.jpg, 0, 0, 0, 25.27558
/home/zubin/Desktop/Self-driving-car-simulation/Data/IMG/center_2019_03_01_18_34_50_501.jpg, /home/zubin/Desktop/Self-driving-car-simulation/Data/IMG/left_2019_03_01_18_34_50_501.jpg, /home/zubin/Desktop/Self-driving-car-simulation/Data/IMG/right_2019_03_01_18_34_50_501.jpg, -0.1397245, 0, 0, 24.96574
/home/zubin/Desktop/Self-driving-car-simulation/Data/IMG/center_2019_03_01_18_34_50_602.jpg, /home/zubin/Desktop/Self-driving-car-simulation/Data/IMG/left_2019_03_01_18_34_50_602.jpg, /home/zubin/Desktop/Self-driving-car-simulation/Data/IMG/right_2019_03_01_18_34_50_602.jpg, -0.2268662, 0, 0, 24.65082
/home/zubin/Desktop/Self-driving-car-simulation/Data/IMG/center_2019_03_01_18_34_50_702.jpg, /home/zubin/Desktop/Self-driving-car-simulation/Data/IMG/left_2019_03_01_18_34_50_702.jpg, /home/zubin/Desktop/Self-driving-car-simulation/Data/IMG/right_2019_03_01_18_34_50_702.jpg, 0, 0, 0, 24.39993
/home/zubin/Desktop/Self-driving-car-simulation/Data/IMG/center_2019_03_01_18_34_50_818.jpg, /home/zubin/Desktop/Self-driving-car-simulation/Data/IMG/left_2019_03_01_18_34_50_818.jpg, /home/zubin/Desktop/Self-driving-car-simulation/Data/IMG/right_2019_03_01_18_34_50_818.jpg, -0.03699946, 0, 0, 24.10453
/home/zubin/Desktop/Self-driving-car-simulation/Data/IMG/center_2019_03_01_18_34_50_918.jpg, /home/zubin/Desktop/Self-driving-car-simulation/Data/IMG/left_2019_03_01_18_34_50_918.jpg, /home/zubin/Desktop/Self-driving-car-simulation/Data/IMG/right_2019_03_01_18_34_50_918.jpg, 0, 0.05144691, 0, 23.86021
/home/zubin/Desktop/Self-driving-car-simulation/Data/IMG/center_2019_03_01_18_34_51_032.jpg, /home/zubin/Desktop/Self-driving-car-simulation/Data/IMG/left_2019_03_01_18_34_51_032.jpg, /home/zubin/Desktop/Self-driving-car-simulation/Data/IMG/right_2019_03_01_18_34_51_032.jpg, -0.1911564, 0, 0, 23.60861
/home/zubin/Desktop/Self-driving-car-simulation/Data/IMG/center_2019_03_01_18_34_51_135.jpg, /home/zubin/Desktop/Self-driving-car-simulation/Data/IMG/left_2019_03_01_18_34_51_135.jpg, /home/zubin/Desktop/Self-driving-car-simulation/Data/IMG/right_2019_03_01_18_34_51_135.jpg, 0, 0, 0, 23.32112
/home/zubin/Desktop/Self-driving-car-simulation/Data/IMG/center_2019_03_01_18_34_51_249.jpg, /home/zubin/Desktop/Self-driving-car-simulation/Data/IMG/left_2019_03_01_18_34_51_249.jpg, /home/zubin/Desktop/Self-driving-car-simulation/Data/IMG/right_2019_03_01_18_34_51_249.jpg, -0.2965951, 0, 0, 23.05042
/home/zubin/Desktop/Self-driving-car-simulation/Data/IMG/center_2019_03_01_18_34_51_350.jpg, /home/zubin/Desktop/Self-driving-car-simulation/Data/IMG/left_2019_03_01_18_34_51_350.jpg, /home/zubin/Desktop/Self-driving-car-simulation/Data/IMG/right_2019_03_01_18_34_51_350.jpg, -0.04302835, 0, 0, 22.80788
/home/zubin/Desktop/Self-driving-car-simulation/Data/IMG/center_2019_03_01_18_34_51_450.jpg, /home/zubin/Desktop/Self-driving-car-simulation/Data/IMG/left_2019_03_01_18_34_51_450.jpg, /home/zubin/Desktop/Self-driving-car-simulation/Data/IMG/right_2019_03_01_18_34_51_450.jpg, -0.1773183, 0.3026848, 0, 22.72051
/home/zubin/Desktop/Self-driving-car-simulation/Data/IMG/center_2019_03_01_18_34_51_551.jpg, /home/zubin/Desktop/Self-driving-car-simulation/Data/IMG/left_2019_03_01_18_34_51_551.jpg, /home/zubin/Desktop/Self-driving-car-simulation/Data/IMG/right_2019_03_01_18_34_51_551.jpg, 0, 0.3940101, 0, 23.02419
/home/zubin/Desktop/Self-driving-car-simulation/Data/IMG/center_2019_03_01_18_34_51_667.jpg, /home/zubin/Desktop/Self-driving-car-simulation/Data/IMG/left_2019_03_01_18_34_51_667.jpg, /home/zubin/Desktop/Self-driving-car-simulation/Data/IMG/right_2019_03_01_18_34_51_667.jpg, -0.2036283, 0.7422981, 0, 23.53671
/home/zubin/Desktop/Self-driving-car-simulation/Data/IMG/center_2019_03_01_18_34_51_781.jpg, /home/zubin/Desktop/Self-driving-car-simulation/Data/IMG/left_2019_03_01_18_34_51_781.jpg, /home/zubin/Desktop/Self-driving-car-simulation/Data/IMG/right_2019_03_01_18_34_51_781.jpg, 0, 0.6859303, 0, 24.40767
/home/zubin/Desktop/Self-driving-car-simulation/Data/IMG/center_2019_03_01_18_34_51_884.jpg, /home/zubin/Desktop/Self-driving-car-simulation/Data/IMG/left_2019_03_01_18_34_51_884.jpg, /home/zubin/Desktop/Self-driving-car-simulation/Data/IMG/right_2019_03_01_18_34_51_884.jpg, -0.3084147, 0.5807712, 0, 24.97325
/home/zubin/Desktop/Self-driving-car-simulation/Data/IMG/center_2019_03_01_18_34_51_999.jpg, /home/zubin/Desktop/Self-driving-car-simulation/Data/IMG/left_2019_03_01_18_34_51_999.jpg, /home/zubin/Desktop/Self-driving-car-simulation/Data/IMG/right_2019_03_01_18_34_51_999.jpg, 0, 0.2343163, 0, 25.25082
/home/zubin/Desktop/Self-driving-car-simulation/Data/IMG/center_2019_03_01_18_34_52_116.jpg, /home/zubin/Desktop/Self-driving-car-simulation/Data/IMG/left_2019_03_01_18_34_52_116.jpg, /home/zubin/Desktop/Self-driving-car-simulation/Data/IMG/right_2019_03_01_18_34_52_116.jpg, -0.3492358, 0.08863091, 0, 25.25627
/home/zubin/Desktop/Self-driving-car-simulation/Data/IMG/center_2019_03_01_18_34_52_232.jpg, /home/zubin/Desktop/Self-driving-car-simulation/Data/IMG/left_2019_03_01_18_34_52_232.jpg, /home/zubin/Desktop/Self-driving-car-simulation/Data/IMG/right_2019_03_01_18_34_52_232.jpg, -0.6476699, 0, 0, 24.7994
/home/zubin/Desktop/Self-driving-car-simulation/Data/IMG/center_2019_03_01_18_34_52_332.jpg, /home/zubin/Desktop/Self-driving-car-simulation/Data/IMG/left_2019_03_01_18_34_52_332.jpg, /home/zubin/Desktop/Self-driving-car-simulation/Data/IMG/right_2019_03_01_18_34_52_332.jpg, -0.8412065, 0.05331874, 0, 24.18605
/home/zubin/Desktop/Self-driving-car-simulation/Data/IMG/center_2019_03_01_18_34_52_447.jpg, /home/zubin/Desktop/Self-driving-car-simulation/Data/IMG/left_2019_03_01_18_34_52_447.jpg, /home/zubin/Desktop/Self-driving-car-simulation/Data/IMG/right_2019_03_01_18_34_52_447.jpg, -0.4476364, 0.4468889, 0, 24.24466
/home/zubin/Desktop/Self-driving-car-simulation/Data/IMG/center_2019_03_01_18_34_52_565.jpg, /home/zubin/Desktop/Self-driving-car-simulation/Data/IMG/left_2019_03_01_18_34_52_565.jpg, /home/zubin/Desktop/Self-driving-car-simulation/Data/IMG/right_2019_03_01_18_34_52_565.jpg, -0.09366059, 0.8008647, 0, 24.89382
/home/zubin/Desktop/Self-driving-car-simulation/Data/IMG/center_2019_03_01_18_34_52_681.jpg, /home/zubin/Desktop/Self-driving-car-simulation/Data/IMG/left_2019_03_01_18_34_52_681.jpg, /home/zubin/Desktop/Self-driving-car-simulation/Data/IMG/right_2019_03_01_18_34_52_681.jpg, 0.05062795, 1, 0, 25.92507
/home/zubin/Desktop/Self-driving-car-simulation/Data/IMG/center_2019_03_01_18_34_52_797.jpg, /home/zubin/Desktop/Self-driving-car-simulation/Data/IMG/left_2019_03_01_18_34_52_797.jpg, /home/zubin/Desktop/Self-driving-car-simulation/Data/IMG/right_2019_03_01_18_34_52_797.jpg, 0.2959492, 1, 0, 26.92652
/home/zubin/Desktop/Self-driving-car-simulation/Data/IMG/center_2019_03_01_18_34_52_914.jpg, /home/zubin/Desktop/Self-driving-car-simulation/Data/IMG/left_2019_03_01_18_34_52_914.jpg, /home/zubin/Desktop/Self-driving-car-simulation/Data/IMG/right_2019_03_01_18_34_52_914.jpg, 0, 1, 0, 28.03622
/home/zubin/Desktop/Self-driving-car-simulation/Data/IMG/center_2019_03_01_18_34_53_030.jpg, /home/zubin/Desktop/Self-driving-car-simulation/Data/IMG/left_2019_03_01_18_34_53_030.jpg, /home/zubin/Desktop/Self-driving-car-simulation/Data/IMG/right_2019_03_01_18_34_53_030.jpg, 0, 1, 0, 28.95408
/home/zubin/Desktop/Self-driving-car-simulation/Data/IMG/center_2019_03_01_18_34_53_130.jpg, /home/zubin/Desktop/Self-driving-car-simulation/Data/IMG/left_2019_03_01_18_34_53_130.jpg, /home/zubin/Desktop/Self-driving-car-simulation/Data/IMG/right_2019_03_01_18_34_53_130.jpg, 0, 1, 0, 29.86849
/home/zubin/Desktop/Self-driving-car-simulation/Data/IMG/center_2019_03_01_18_34_53_247.jpg, /home/zubin/Desktop/Self-driving-car-simulation/Data/IMG/left_2019_03_01_18_34_53_247.jpg, /home/zubin/Desktop/Self-driving-car-simulation/Data/IMG/right_2019_03_01_18_34_53_247.jpg, 0.3523414, 1, 0, 30.1601
/home/zubin/Desktop/Self-driving-car-simulation/Data/IMG/center_2019_03_01_18_34_53_348.jpg, /home/zubin/Desktop/Self-driving-car-simulation/Data/IMG/left_2019_03_01_18_34_53_348.jpg, /home/zubin/Desktop/Self-driving-car-simulation/Data/IMG/right_2019_03_01_18_34_53_348.jpg, 0.3683882, 1, 0, 30.18068
/home/zubin/Desktop/Self-driving-car-simulation/Data/IMG/center_2019_03_01_18_34_53_463.jpg, /home/zubin/Desktop/Self-driving-car-simulation/Data/IMG/left_2019_03_01_18_34_53_463.jpg, /home/zubin/Desktop/Self-driving-car-simulation/Data/IMG/right_2019_03_01_18_34_53_463.jpg, 0.02403045, 1, 0, 30.18769
/home/zubin/Desktop/Self-driving-car-simulation/Data/IMG/center_2019_03_01_18_34_53_580.jpg, /home/zubin/Desktop/Self-driving-car-simulation/Data/IMG/left_2019_03_01_18_34_53_580.jpg, /home/zubin/Desktop/Self-driving-car-simulation/Data/IMG/right_2019_03_01_18_34_53_580.jpg, 0, 1, 0, 30.19039
/home/zubin/Desktop/Self-driving-car-simulation/Data/IMG/center_2019_03_01_18_34_53_698.jpg, /home/zubin/Desktop/Self-driving-car-simulation/Data/IMG/left_2019_03_01_18_34_53_698.jpg, /home/zubin/Desktop/Self-driving-car-simulation/Data/IMG/right_2019_03_01_18_34_53_698.jpg, 0.2420904, 1, 0, 30.17855
/home/zubin/Desktop/Self-driving-car-simulation/Data/IMG/center_2019_03_01_18_34_53_812.jpg, /home/zubin/Desktop/Self-driving-car-simulation/Data/IMG/left_2019_03_01_18_34_53_812.jpg, /home/zubin/Desktop/Self-driving-car-simulation/Data/IMG/right_2019_03_01_18_34_53_812.jpg, 0, 0.8328998, 0, 30.15831
/home/zubin/Desktop/Self-driving-car-simulation/Data/IMG/center_2019_03_01_18_34_53_913.jpg, /home/zubin/Desktop/Self-driving-car-simulation/Data/IMG/left_2019_03_01_18_34_53_913.jpg, /home/zubin/Desktop/Self-driving-car-simulation/Data/IMG/right_2019_03_01_18_34_53_913.jpg, 0, 0.643096, 0, 30.08227
/home/zubin/Desktop/Self-driving-car-simulation/Data/IMG/center_2019_03_01_18_34_54_029.jpg, /home/zubin/Desktop/Self-driving-car-simulation/Data/IMG/left_2019_03_01_18_34_54_029.jpg, /home/zubin/Desktop/Self-driving-car-simulation/Data/IMG/right_2019_03_01_18_34_54_029.jpg, 0, 1, 0, 30.17839
/home/zubin/Desktop/Self-driving-car-simulation/Data/IMG/center_2019_03_01_18_34_54_146.jpg, /home/zubin/Desktop/Self-driving-car-simulation/Data/IMG/left_2019_03_01_18_34_54_146.jpg, /home/zubin/Desktop/Self-driving-car-simulation/Data/IMG/right_2019_03_01_18_34_54_146.jpg, 0, 1, 0, 30.1911
/home/zubin/Desktop/Self-driving-car-simulation/Data/IMG/center_2019_03_01_18_34_54_247.jpg, /home/zubin/Desktop/Self-driving-car-simulation/Data/IMG/left_2019_03_01_18_34_54_247.jpg, /home/zubin/Desktop/Self-driving-car-simulation/Data/IMG/right_2019_03_01_18_34_54_247.jpg, 0, 1, 0, 30.19074
/home/zubin/Desktop/Self-driving-car-simulation/Data/IMG/center_2019_03_01_18_34_54_360.jpg, /home/zubin/Desktop/Self-driving-car-simulation/Data/IMG/left_2019_03_01_18_34_54_360.jpg, /home/zubin/Desktop/Self-driving-car-simulation/Data/IMG/right_2019_03_01_18_34_54_360.jpg, -0.04779911, 1, 0, 30.19243
/home/zubin/Desktop/Self-driving-car-simulation/Data/IMG/center_2019_03_01_18_34_54_462.jpg, /home/zubin/Desktop/Self-driving-car-simulation/Data/IMG/left_2019_03_01_18_34_54_462.jpg, /home/zubin/Desktop/Self-driving-car-simulation/Data/IMG/right_2019_03_01_18_34_54_462.jpg, -0.3538406, 0.8438654, 0, 30.12883
/home/zubin/Desktop/Self-driving-car-simulation/Data/IMG/center_2019_03_01_18_34_54_579.jpg, /home/zubin/Desktop/Self-driving-car-simulation/Data/IMG/left_2019_03_01_18_34_54_579.jpg, /home/zubin/Desktop/Self-driving-car-simulation/Data/IMG/right_2019_03_01_18_34_54_579.jpg, -0.005393028, 0.4954178, 0, 30.06927
/home/zubin/Desktop/Self-driving-car-simulation/Data/IMG/center_2019_03_01_18_34_54_680.jpg, /home/zubin/Desktop/Self-driving-car-simulation/Data/IMG/left_2019_03_01_18_34_54_680.jpg, /home/zubin/Desktop/Self-driving-car-simulation/Data/IMG/right_2019_03_01_18_34_54_680.jpg, 0, 0.1913233, 0, 29.99592
/home/zubin/Desktop/Self-driving-car-simulation/Data/IMG/center_2019_03_01_18_34_54_794.jpg, /home/zubin/Desktop/Self-driving-car-simulation/Data/IMG/left_2019_03_01_18_34_54_794.jpg, /home/zubin/Desktop/Self-driving-car-simulation/Data/IMG/right_2019_03_01_18_34_54_794.jpg, 0, 0, 0, 29.7117
/home/zubin/Desktop/Self-driving-car-simulation/Data/IMG/center_2019_03_01_18_34_54_895.jpg, /home/zubin/Desktop/Self-driving-car-simulation/Data/IMG/left_2019_03_01_18_34_54_895.jpg, /home/zubin/Desktop/Self-driving-car-simulation/Data/IMG/right_2019_03_01_18_34_54_895.jpg, 0, 0.1067126, 0, 29.43358
/home/zubin/Desktop/Self-driving-car-simulation/Data/IMG/center_2019_03_01_18_34_54_995.jpg, /home/zubin/Desktop/Self-driving-car-simulation/Data/IMG/left_2019_03_01_18_34_54_995.jpg, /home/zubin/Desktop/Self-driving-car-simulation/Data/IMG/right_2019_03_01_18_34_54_995.jpg, -0.1888954, 0.1385043, 0, 29.38161
/home/zubin/Desktop/Self-driving-car-simulation/Data/IMG/center_2019_03_01_18_34_55_113.jpg, /home/zubin/Desktop/Self-driving-car-simulation/Data/IMG/left_2019_03_01_18_34_55_113.jpg, /home/zubin/Desktop/Self-driving-car-simulation/Data/IMG/right_2019_03_01_18_34_55_113.jpg, -0.1906857, 0, 0, 29.0566
/home/zubin/Desktop/Self-driving-car-simulation/Data/IMG/center_2019_03_01_18_34_55_230.jpg, /home/zubin/Desktop/Self-driving-car-simulation/Data/IMG/left_2019_03_01_18_34_55_230.jpg, /home/zubin/Desktop/Self-driving-car-simulation/Data/IMG/right_2019_03_01_18_34_55_230.jpg, 0, 0.4053354, 0, 28.99074
/home/zubin/Desktop/Self-driving-car-simulation/Data/IMG/center_2019_03_01_18_34_55_346.jpg, /home/zubin/Desktop/Self-driving-car-simulation/Data/IMG/left_2019_03_01_18_34_55_346.jpg, /home/zubin/Desktop/Self-driving-car-simulation/Data/IMG/right_2019_03_01_18_34_55_346.jpg, 0, 0.4454484, 0, 29.39601
/home/zubin/Desktop/Self-driving-car-simulation/Data/IMG/center_2019_03_01_18_34_55_459.jpg, /home/zubin/Desktop/Self-driving-car-simulation/Data/IMG/left_2019_03_01_18_34_55_459.jpg, /home/zubin/Desktop/Self-driving-car-simulation/Data/IMG/right_2019_03_01_18_34_55_459.jpg, 0, 0.1039732, 0, 29.45276
/home/zubin/Desktop/Self-driving-car-simulation/Data/IMG/center_2019_03_01_18_34_55_562.jpg, /home/zubin/Desktop/Self-driving-car-simulation/Data/IMG/left_2019_03_01_18_34_55_562.jpg, /home/zubin/Desktop/Self-driving-car-simulation/Data/IMG/right_2019_03_01_18_34_55_562.jpg, 0, 0, 0, 29.17429
/home/zubin/Desktop/Self-driving-car-simulation/Data/IMG/center_2019_03_01_18_34_55_680.jpg, /home/zubin/Desktop/Self-driving-car-simulation/Data/IMG/left_2019_03_01_18_34_55_680.jpg, /home/zubin/Desktop/Self-driving-car-simulation/Data/IMG/right_2019_03_01_18_34_55_680.jpg, -0.1086595, 0, 0, 28.81966
/home/zubin/Desktop/Self-driving-car-simulation/Data/IMG/center_2019_03_01_18_34_55_794.jpg, /home/zubin/Desktop/Self-driving-car-simulation/Data/IMG/left_2019_03_01_18_34_55_794.jpg, /home/zubin/Desktop/Self-driving-car-simulation/Data/IMG/right_2019_03_01_18_34_55_794.jpg, -0.249474, 0.1009798, 0, 28.39322
/home/zubin/Desktop/Self-driving-car-simulation/Data/IMG/center_2019_03_01_18_34_55_895.jpg, /home/zubin/Desktop/Self-driving-car-simulation/Data/IMG/left_2019_03_01_18_34_55_895.jpg, /home/zubin/Desktop/Self-driving-car-simulation/Data/IMG/right_2019_03_01_18_34_55_895.jpg, 0, 0, 0, 28.12667
/home/zubin/Desktop/Self-driving-car-simulation/Data/IMG/center_2019_03_01_18_34_56_012.jpg, /home/zubin/Desktop/Self-driving-car-simulation/Data/IMG/left_2019_03_01_18_34_56_012.jpg, /home/zubin/Desktop/Self-driving-car-simulation/Data/IMG/right_2019_03_01_18_34_56_012.jpg, 0, 0.001115799, 0, 27.85994
/home/zubin/Desktop/Self-driving-car-simulation/Data/IMG/center_2019_03_01_18_34_56_126.jpg, /home/zubin/Desktop/Self-driving-car-simulation/Data/IMG/left_2019_03_01_18_34_56_126.jpg, /home/zubin/Desktop/Self-driving-car-simulation/Data/IMG/right_2019_03_01_18_34_56_126.jpg, 0, 0, 0, 27.52015
/home/zubin/Desktop/Self-driving-car-simulation/Data/IMG/center_2019_03_01_18_34_56_244.jpg, /home/zubin/Desktop/Self-driving-car-simulation/Data/IMG/left_2019_03_01_18_34_56_244.jpg, /home/zubin/Desktop/Self-driving-car-simulation/Data/IMG/right_2019_03_01_18_34_56_244.jpg, 0, 0, 0, 27.18938
/home/zubin/Desktop/Self-driving-car-simulation/Data/IMG/center_2019_03_01_18_34_56_360.jpg, /home/zubin/Desktop/Self-driving-car-simulation/Data/IMG/left_2019_03_01_18_34_56_360.jpg, /home/zubin/Desktop/Self-driving-car-simulation/Data/IMG/right_2019_03_01_18_34_56_360.jpg, 0, 0, 0, 26.86262
/home/zubin/Desktop/Self-driving-car-simulation/Data/IMG/center_2019_03_01_18_34_56_460.jpg, /home/zubin/Desktop/Self-driving-car-simulation/Data/IMG/left_2019_03_01_18_34_56_460.jpg, /home/zubin/Desktop/Self-driving-car-simulation/Data/IMG/right_2019_03_01_18_34_56_460.jpg, 0, 0, 0, 26.59323
/home/zubin/Desktop/Self-driving-car-simulation/Data/IMG/center_2019_03_01_18_34_56_577.jpg, /home/zubin/Desktop/Self-driving-car-simulation/Data/IMG/left_2019_03_01_18_34_56_577.jpg, /home/zubin/Desktop/Self-driving-car-simulation/Data/IMG/right_2019_03_01_18_34_56_577.jpg, 0, 0, 0, 26.27347
/home/zubin/Desktop/Self-driving-car-simulation/Data/IMG/center_2019_03_01_18_34_56_694.jpg, /home/zubin/Desktop/Self-driving-car-simulation/Data/IMG/left_2019_03_01_18_34_56_694.jpg, /home/zubin/Desktop/Self-driving-car-simulation/Data/IMG/right_2019_03_01_18_34_56_694.jpg, -0.1452334, 0, 0, 25.91527
/home/zubin/Desktop/Self-driving-car-simulation/Data/IMG/center_2019_03_01_18_34_56_810.jpg, /home/zubin/Desktop/Self-driving-car-simulation/Data/IMG/left_2019_03_01_18_34_56_810.jpg, /home/zubin/Desktop/Self-driving-car-simulation/Data/IMG/right_2019_03_01_18_34_56_810.jpg, 0, 0, 0, 25.65317
/home/zubin/Desktop/Self-driving-car-simulation/Data/IMG/center_2019_03_01_18_34_56_926.jpg, /home/zubin/Desktop/Self-driving-car-simulation/Data/IMG/left_2019_03_01_18_34_56_926.jpg, /home/zubin/Desktop/Self-driving-car-simulation/Data/IMG/right_2019_03_01_18_34_56_926.jpg, 0, 0.2510426, 0, 25.45027
/home/zubin/Desktop/Self-driving-car-simulation/Data/IMG/center_2019_03_01_18_34_57_042.jpg, /home/zubin/Desktop/Self-driving-car-simulation/Data/IMG/left_2019_03_01_18_34_57_042.jpg, /home/zubin/Desktop/Self-driving-car-simulation/Data/IMG/right_2019_03_01_18_34_57_042.jpg, 0, 0.5986047, 0, 25.75981
/home/zubin/Desktop/Self-driving-car-simulation/Data/IMG/center_2019_03_01_18_34_57_157.jpg, /home/zubin/Desktop/Self-driving-car-simulation/Data/IMG/left_2019_03_01_18_34_57_157.jpg, /home/zubin/Desktop/Self-driving-car-simulation/Data/IMG/right_2019_03_01_18_34_57_157.jpg, 0, 0.9435868, 0, 26.57517
/home/zubin/Desktop/Self-driving-car-simulation/Data/IMG/center_2019_03_01_18_34_57_277.jpg, /home/zubin/Desktop/Self-driving-car-simulation/Data/IMG/left_2019_03_01_18_34_57_277.jpg, /home/zubin/Desktop/Self-driving-car-simulation/Data/IMG/right_2019_03_01_18_34_57_277.jpg, 0, 1, 0, 27.69643
/home/zubin/Desktop/Self-driving-car-simulation/Data/IMG/center_2019_03_01_18_34_57_391.jpg, /home/zubin/Desktop/Self-driving-car-simulation/Data/IMG/left_2019_03_01_18_34_57_391.jpg, /home/zubin/Desktop/Self-driving-car-simulation/Data/IMG/right_2019_03_01_18_34_57_391.jpg, 0, 1, 0, 28.62571
/home/zubin/Desktop/Self-driving-car-simulation/Data/IMG/center_2019_03_01_18_34_57_491.jpg, /home/zubin/Desktop/Self-driving-car-simulation/Data/IMG/left_2019_03_01_18_34_57_491.jpg, /home/zubin/Desktop/Self-driving-car-simulation/Data/IMG/right_2019_03_01_18_34_57_491.jpg, 0, 1, 0, 29.54704
/home/zubin/Desktop/Self-driving-car-simulation/Data/IMG/center_2019_03_01_18_34_57_607.jpg, /home/zubin/Desktop/Self-driving-car-simulation/Data/IMG/left_2019_03_01_18_34_57_607.jpg, /home/zubin/Desktop/Self-driving-car-simulation/Data/IMG/right_2019_03_01_18_34_57_607.jpg, -0.2459128, 1, 0, 30.17422
/home/zubin/Desktop/Self-driving-car-simulation/Data/IMG/center_2019_03_01_18_34_57_708.jpg, /home/zubin/Desktop/Self-driving-car-simulation/Data/IMG/left_2019_03_01_18_34_57_708.jpg, /home/zubin/Desktop/Self-driving-car-simulation/Data/IMG/right_2019_03_01_18_34_57_708.jpg, 0, 1, 0, 30.18985
/home/zubin/Desktop/Self-driving-car-simulation/Data/IMG/center_2019_03_01_18_34_57_809.jpg, /home/zubin/Desktop/Self-driving-car-simulation/Data/IMG/left_2019_03_01_18_34_57_809.jpg, /home/zubin/Desktop/Self-driving-car-simulation/Data/IMG/right_2019_03_01_18_34_57_809.jpg, 0, 1, 0, 30.19017
/home/zubin/Desktop/Self-driving-car-simulation/Data/IMG/center_2019_03_01_18_34_57_924.jpg, /home/zubin/Desktop/Self-driving-car-simulation/Data/IMG/left_2019_03_01_18_34_57_924.jpg, /home/zubin/Desktop/Self-driving-car-simulation/Data/IMG/right_2019_03_01_18_34_57_924.jpg, 0, 1, 0, 30.19029
/home/zubin/Desktop/Self-driving-car-simulation/Data/IMG/center_2019_03_01_18_34_58_027.jpg, /home/zubin/Desktop/Self-driving-car-simulation/Data/IMG/left_2019_03_01_18_34_58_027.jpg, /home/zubin/Desktop/Self-driving-car-simulation/Data/IMG/right_2019_03_01_18_34_58_027.jpg, 0, 1, 0, 30.19031
/home/zubin/Desktop/Self-driving-car-simulation/Data/IMG/center_2019_03_01_18_34_58_128.jpg, /home/zubin/Desktop/Self-driving-car-simulation/Data/IMG/left_2019_03_01_18_34_58_128.jpg, /home/zubin/Desktop/Self-driving-car-simulation/Data/IMG/right_2019_03_01_18_34_58_128.jpg, 0, 1, 0, 30.1903
/home/zubin/Desktop/Self-driving-car-simulation/Data/IMG/center_2019_03_01_18_34_58_242.jpg, /home/zubin/Desktop/Self-driving-car-simulation/Data/IMG/left_2019_03_01_18_34_58_242.jpg, /home/zubin/Desktop/Self-driving-car-simulation/Data/IMG/right_2019_03_01_18_34_58_242.jpg, 0, 1, 0, 30.19029
/home/zubin/Desktop/Self-driving-car-simulation/Data/IMG/center_2019_03_01_18_34_58_357.jpg, /home/zubin/Desktop/Self-driving-car-simulation/Data/IMG/left_2019_03_01_18_34_58_357.jpg, /home/zubin/Desktop/Self-driving-car-simulation/Data/IMG/right_2019_03_01_18_34_58_357.jpg, 0, 1, 0, 30.19031
/home/zubin/Desktop/Self-driving-car-simulation/Data/IMG/center_2019_03_01_18_34_58_457.jpg, /home/zubin/Desktop/Self-driving-car-simulation/Data/IMG/left_2019_03_01_18_34_58_457.jpg, /home/zubin/Desktop/Self-driving-car-simulation/Data/IMG/right_2019_03_01_18_34_58_457.jpg, -0.09772754, 1, 0, 30.18962
/home/zubin/Desktop/Self-driving-car-simulation/Data/IMG/center_2019_03_01_18_34_58_575.jpg, /home/zubin/Desktop/Self-driving-car-simulation/Data/IMG/left_2019_03_01_18_34_58_575.jpg, /home/zubin/Desktop/Self-driving-car-simulation/Data/IMG/right_2019_03_01_18_34_58_575.jpg, 0, 1, 0, 30.19017
/home/zubin/Desktop/Self-driving-car-simulation/Data/IMG/center_2019_03_01_18_34_58_689.jpg, /home/zubin/Desktop/Self-driving-car-simulation/Data/IMG/left_2019_03_01_18_34_58_689.jpg, /home/zubin/Desktop/Self-driving-car-simulation/Data/IMG/right_2019_03_01_18_34_58_689.jpg, 0, 1, 0, 30.19028
/home/zubin/Desktop/Self-driving-car-simulation/Data/IMG/center_2019_03_01_18_34_58_807.jpg, /home/zubin/Desktop/Self-driving-car-simulation/Data/IMG/left_2019_03_01_18_34_58_807.jpg, /home/zubin/Desktop/Self-driving-car-simulation/Data/IMG/right_2019_03_01_18_34_58_807.jpg, 0, 1, 0, 30.19029
/home/zubin/Desktop/Self-driving-car-simulation/Data/IMG/center_2019_03_01_18_34_58_923.jpg, /home/zubin/Desktop/Self-driving-car-simulation/Data/IMG/left_2019_03_01_18_34_58_923.jpg, /home/zubin/Desktop/Self-driving-car-simulation/Data/IMG/right_2019_03_01_18_34_58_923.jpg, 0, 1, 0, 30.19031
/home/zubin/Desktop/Self-driving-car-simulation/Data/IMG/center_2019_03_01_18_34_59_040.jpg, /home/zubin/Desktop/Self-driving-car-simulation/Data/IMG/left_2019_03_01_18_34_59_040.jpg, /home/zubin/Desktop/Self-driving-car-simulation/Data/IMG/right_2019_03_01_18_34_59_040.jpg, -0.1524868, 1, 0, 30.18414
/home/zubin/Desktop/Self-driving-car-simulation/Data/IMG/center_2019_03_01_18_34_59_140.jpg, /home/zubin/Desktop/Self-driving-car-simulation/Data/IMG/left_2019_03_01_18_34_59_140.jpg, /home/zubin/Desktop/Self-driving-car-simulation/Data/IMG/right_2019_03_01_18_34_59_140.jpg, -0.2719588, 0.9455862, 0, 30.17875
/home/zubin/Desktop/Self-driving-car-simulation/Data/IMG/center_2019_03_01_18_34_59_256.jpg, /home/zubin/Desktop/Self-driving-car-simulation/Data/IMG/left_2019_03_01_18_34_59_256.jpg, /home/zubin/Desktop/Self-driving-car-simulation/Data/IMG/right_2019_03_01_18_34_59_256.jpg, 0, 0.5973611, 0, 30.09671
/home/zubin/Desktop/Self-driving-car-simulation/Data/IMG/center_2019_03_01_18_34_59_371.jpg, /home/zubin/Desktop/Self-driving-car-simulation/Data/IMG/left_2019_03_01_18_34_59_371.jpg, /home/zubin/Desktop/Self-driving-car-simulation/Data/IMG/right_2019_03_01_18_34_59_371.jpg, 0, 0.3005986, 0, 30.02365
/home/zubin/Desktop/Self-driving-car-simulation/Data/IMG/center_2019_03_01_18_34_59_472.jpg, /home/zubin/Desktop/Self-driving-car-simulation/Data/IMG/left_2019_03_01_18_34_59_472.jpg, /home/zubin/Desktop/Self-driving-car-simulation/Data/IMG/right_2019_03_01_18_34_59_472.jpg, 0, 0.000130415, 0, 29.85157
/home/zubin/Desktop/Self-driving-car-simulation/Data/IMG/center_2019_03_01_18_34_59_589.jpg, /home/zubin/Desktop/Self-driving-car-simulation/Data/IMG/left_2019_03_01_18_34_59_589.jpg, /home/zubin/Desktop/Self-driving-car-simulation/Data/IMG/right_2019_03_01_18_34_59_589.jpg, 0, 0, 0, 29.49006
/home/zubin/Desktop/Self-driving-car-simulation/Data/IMG/center_2019_03_01_18_34_59_706.jpg, /home/zubin/Desktop/Self-driving-car-simulation/Data/IMG/left_2019_03_01_18_34_59_706.jpg, /home/zubin/Desktop/Self-driving-car-simulation/Data/IMG/right_2019_03_01_18_34_59_706.jpg, 0, 0, 0, 29.13506
/home/zubin/Desktop/Self-driving-car-simulation/Data/IMG/center_2019_03_01_18_34_59_806.jpg, /home/zubin/Desktop/Self-driving-car-simulation/Data/IMG/left_2019_03_01_18_34_59_806.jpg, /home/zubin/Desktop/Self-driving-car-simulation/Data/IMG/right_2019_03_01_18_34_59_806.jpg, 0, 0, 0, 28.8425
/home/zubin/Desktop/Self-driving-car-simulation/Data/IMG/center_2019_03_01_18_34_59_906.jpg, /home/zubin/Desktop/Self-driving-car-simulation/Data/IMG/left_2019_03_01_18_34_59_906.jpg, /home/zubin/Desktop/Self-driving-car-simulation/Data/IMG/right_2019_03_01_18_34_59_906.jpg, 0, 0, 0, 28.55288
/home/zubin/Desktop/Self-driving-car-simulation/Data/IMG/center_2019_03_01_18_35_00_006.jpg, /home/zubin/Desktop/Self-driving-car-simulation/Data/IMG/left_2019_03_01_18_35_00_006.jpg, /home/zubin/Desktop/Self-driving-car-simulation/Data/IMG/right_2019_03_01_18_35_00_006.jpg, -0.3004045, 0, 0, 28.21905
/home/zubin/Desktop/Self-driving-car-simulation/Data/IMG/center_2019_03_01_18_35_00_123.jpg, /home/zubin/Desktop/Self-driving-car-simulation/Data/IMG/left_2019_03_01_18_35_00_123.jpg, /home/zubin/Desktop/Self-driving-car-simulation/Data/IMG/right_2019_03_01_18_35_00_123.jpg, 0, 0, 0, 27.86565
/home/zubin/Desktop/Self-driving-car-simulation/Data/IMG/center_2019_03_01_18_35_00_238.jpg, /home/zubin/Desktop/Self-driving-car-simulation/Data/IMG/left_2019_03_01_18_35_00_238.jpg, /home/zubin/Desktop/Self-driving-car-simulation/Data/IMG/right_2019_03_01_18_35_00_238.jpg, 0, 0, 0, 27.52746
/home/zubin/Desktop/Self-driving-car-simulation/Data/IMG/center_2019_03_01_18_35_00_355.jpg, /home/zubin/Desktop/Self-driving-car-simulation/Data/IMG/left_2019_03_01_18_35_00_355.jpg, /home/zubin/Desktop/Self-driving-car-simulation/Data/IMG/right_2019_03_01_18_35_00_355.jpg, 0, 0, 0, 27.195
/home/zubin/Desktop/Self-driving-car-simulation/Data/IMG/center_2019_03_01_18_35_00_457.jpg, /home/zubin/Desktop/Self-driving-car-simulation/Data/IMG/left_2019_03_01_18_35_00_457.jpg, /home/zubin/Desktop/Self-driving-car-simulation/Data/IMG/right_2019_03_01_18_35_00_457.jpg, 0, 0.3065643, 0, 27.10529
/home/zubin/Desktop/Self-driving-car-simulation/Data/IMG/center_2019_03_01_18_35_00_572.jpg, /home/zubin/Desktop/Self-driving-car-simulation/Data/IMG/left_2019_03_01_18_35_00_572.jpg, /home/zubin/Desktop/Self-driving-car-simulation/Data/IMG/right_2019_03_01_18_35_00_572.jpg, 0, 0.6022232, 0, 27.3929
/home/zubin/Desktop/Self-driving-car-simulation/Data/IMG/center_2019_03_01_18_35_00_688.jpg, /home/zubin/Desktop/Self-driving-car-simulation/Data/IMG/left_2019_03_01_18_35_00_688.jpg, /home/zubin/Desktop/Self-driving-car-simulation/Data/IMG/right_2019_03_01_18_35_00_688.jpg, 0.2392109, 0.203511, 0, 27.62213
/home/zubin/Desktop/Self-driving-car-simulation/Data/IMG/center_2019_03_01_18_35_00_789.jpg, /home/zubin/Desktop/Self-driving-car-simulation/Data/IMG/left_2019_03_01_18_35_00_789.jpg, /home/zubin/Desktop/Self-driving-car-simulation/Data/IMG/right_2019_03_01_18_35_00_789.jpg, 0, 0, 0, 27.42732
/home/zubin/Desktop/Self-driving-car-simulation/Data/IMG/center_2019_03_01_18_35_00_903.jpg, /home/zubin/Desktop/Self-driving-car-simulation/Data/IMG/left_2019_03_01_18_35_00_903.jpg, /home/zubin/Desktop/Self-driving-car-simulation/Data/IMG/right_2019_03_01_18_35_00_903.jpg, 0, 0, 0, 27.09592
/home/zubin/Desktop/Self-driving-car-simulation/Data/IMG/center_2019_03_01_18_35_01_004.jpg, /home/zubin/Desktop/Self-driving-car-simulation/Data/IMG/left_2019_03_01_18_35_01_004.jpg, /home/zubin/Desktop/Self-driving-car-simulation/Data/IMG/right_2019_03_01_18_35_01_004.jpg, 0, 0, 0, 26.82319
/home/zubin/Desktop/Self-driving-car-simulation/Data/IMG/center_2019_03_01_18_35_01_104.jpg, /home/zubin/Desktop/Self-driving-car-simulation/Data/IMG/left_2019_03_01_18_35_01_104.jpg, /home/zubin/Desktop/Self-driving-car-simulation/Data/IMG/right_2019_03_01_18_35_01_104.jpg, 0, 0, 0, 26.55347
/home/zubin/Desktop/Self-driving-car-simulation/Data/IMG/center_2019_03_01_18_35_01_205.jpg, /home/zubin/Desktop/Self-driving-car-simulation/Data/IMG/left_2019_03_01_18_35_01_205.jpg, /home/zubin/Desktop/Self-driving-car-simulation/Data/IMG/right_2019_03_01_18_35_01_205.jpg, 0, 0, 0, 26.28701
/home/zubin/Desktop/Self-driving-car-simulation/Data/IMG/center_2019_03_01_18_35_01_322.jpg, /home/zubin/Desktop/Self-driving-car-simulation/Data/IMG/left_2019_03_01_18_35_01_322.jpg, /home/zubin/Desktop/Self-driving-car-simulation/Data/IMG/right_2019_03_01_18_35_01_322.jpg, 0, 0, 0, 25.97094
/home/zubin/Desktop/Self-driving-car-simulation/Data/IMG/center_2019_03_01_18_35_01_438.jpg, /home/zubin/Desktop/Self-driving-car-simulation/Data/IMG/left_2019_03_01_18_35_01_438.jpg, /home/zubin/Desktop/Self-driving-car-simulation/Data/IMG/right_2019_03_01_18_35_01_438.jpg, 0, 0, 0, 25.65891
/home/zubin/Desktop/Self-driving-car-simulation/Data/IMG/center_2019_03_01_18_35_01_556.jpg, /home/zubin/Desktop/Self-driving-car-simulation/Data/IMG/left_2019_03_01_18_35_01_556.jpg, /home/zubin/Desktop/Self-driving-car-simulation/Data/IMG/right_2019_03_01_18_35_01_556.jpg, 0, 0, 0, 25.3509
/home/zubin/Desktop/Self-driving-car-simulation/Data/IMG/center_2019_03_01_18_35_01_669.jpg, /home/zubin/Desktop/Self-driving-car-simulation/Data/IMG/left_2019_03_01_18_35_01_669.jpg, /home/zubin/Desktop/Self-driving-car-simulation/Data/IMG/right_2019_03_01_18_35_01_669.jpg, 0, 0, 0, 25.09707
/home/zubin/Desktop/Self-driving-car-simulation/Data/IMG/center_2019_03_01_18_35_01_771.jpg, /home/zubin/Desktop/Self-driving-car-simulation/Data/IMG/left_2019_03_01_18_35_01_771.jpg, /home/zubin/Desktop/Self-driving-car-simulation/Data/IMG/right_2019_03_01_18_35_01_771.jpg, 0, 0, 0, 24.8458
/home/zubin/Desktop/Self-driving-car-simulation/Data/IMG/center_2019_03_01_18_35_01_887.jpg, /home/zubin/Desktop/Self-driving-car-simulation/Data/IMG/left_2019_03_01_18_35_01_887.jpg, /home/zubin/Desktop/Self-driving-car-simulation/Data/IMG/right_2019_03_01_18_35_01_887.jpg, 0, 0, 0, 24.5476
/home/zubin/Desktop/Self-driving-car-simulation/Data/IMG/center_2019_03_01_18_35_01_989.jpg, /home/zubin/Desktop/Self-driving-car-simulation/Data/IMG/left_2019_03_01_18_35_01_989.jpg, /home/zubin/Desktop/Self-driving-car-simulation/Data/IMG/right_2019_03_01_18_35_01_989.jpg, 0, 0, 0, 24.30185
/home/zubin/Desktop/Self-driving-car-simulation/Data/IMG/center_2019_03_01_18_35_02_103.jpg, /home/zubin/Desktop/Self-driving-car-simulation/Data/IMG/left_2019_03_01_18_35_02_103.jpg, /home/zubin/Desktop/Self-driving-car-simulation/Data/IMG/right_2019_03_01_18_35_02_103.jpg, 0, 0, 0, 24.01021
/home/zubin/Desktop/Self-driving-car-simulation/Data/IMG/center_2019_03_01_18_35_02_204.jpg, /home/zubin/Desktop/Self-driving-car-simulation/Data/IMG/left_2019_03_01_18_35_02_204.jpg, /home/zubin/Desktop/Self-driving-car-simulation/Data/IMG/right_2019_03_01_18_35_02_204.jpg, 0, 0.1962776, 0, 23.83385
/home/zubin/Desktop/Self-driving-car-simulation/Data/IMG/center_2019_03_01_18_35_02_322.jpg, /home/zubin/Desktop/Self-driving-car-simulation/Data/IMG/left_2019_03_01_18_35_02_322.jpg, /home/zubin/Desktop/Self-driving-car-simulation/Data/IMG/right_2019_03_01_18_35_02_322.jpg, 0, 0.5495517, 0, 24.08681
/home/zubin/Desktop/Self-driving-car-simulation/Data/IMG/center_2019_03_01_18_35_02_437.jpg, /home/zubin/Desktop/Self-driving-car-simulation/Data/IMG/left_2019_03_01_18_35_02_437.jpg, /home/zubin/Desktop/Self-driving-car-simulation/Data/IMG/right_2019_03_01_18_35_02_437.jpg, 0, 0.8944738, 0, 24.85248
/home/zubin/Desktop/Self-driving-car-simulation/Data/IMG/center_2019_03_01_18_35_02_552.jpg, /home/zubin/Desktop/Self-driving-car-simulation/Data/IMG/left_2019_03_01_18_35_02_552.jpg, /home/zubin/Desktop/Self-driving-car-simulation/Data/IMG/right_2019_03_01_18_35_02_552.jpg, 0, 1, 0, 25.79336
/home/zubin/Desktop/Self-driving-car-simulation/Data/IMG/center_2019_03_01_18_35_02_653.jpg, /home/zubin/Desktop/Self-driving-car-simulation/Data/IMG/left_2019_03_01_18_35_02_653.jpg, /home/zubin/Desktop/Self-driving-car-simulation/Data/IMG/right_2019_03_01_18_35_02_653.jpg, 0, 1, 0, 26.74365
/home/zubin/Desktop/Self-driving-car-simulation/Data/IMG/center_2019_03_01_18_35_02_754.jpg, /home/zubin/Desktop/Self-driving-car-simulation/Data/IMG/left_2019_03_01_18_35_02_754.jpg, /home/zubin/Desktop/Self-driving-car-simulation/Data/IMG/right_2019_03_01_18_35_02_754.jpg, 0, 1, 0, 27.86963
/home/zubin/Desktop/Self-driving-car-simulation/Data/IMG/center_2019_03_01_18_35_02_855.jpg, /home/zubin/Desktop/Self-driving-car-simulation/Data/IMG/left_2019_03_01_18_35_02_855.jpg, /home/zubin/Desktop/Self-driving-car-simulation/Data/IMG/right_2019_03_01_18_35_02_855.jpg, 0, 1, 0, 28.79763
/home/zubin/Desktop/Self-driving-car-simulation/Data/IMG/center_2019_03_01_18_35_02_968.jpg, /home/zubin/Desktop/Self-driving-car-simulation/Data/IMG/left_2019_03_01_18_35_02_968.jpg, /home/zubin/Desktop/Self-driving-car-simulation/Data/IMG/right_2019_03_01_18_35_02_968.jpg, 0, 1, 0, 29.71629
/home/zubin/Desktop/Self-driving-car-simulation/Data/IMG/center_2019_03_01_18_35_03_072.jpg, /home/zubin/Desktop/Self-driving-car-simulation/Data/IMG/left_2019_03_01_18_35_03_072.jpg, /home/zubin/Desktop/Self-driving-car-simulation/Data/IMG/right_2019_03_01_18_35_03_072.jpg, 0, 1, 0, 30.19008
/home/zubin/Desktop/Self-driving-car-simulation/Data/IMG/center_2019_03_01_18_35_03_186.jpg, /home/zubin/Desktop/Self-driving-car-simulation/Data/IMG/left_2019_03_01_18_35_03_186.jpg, /home/zubin/Desktop/Self-driving-car-simulation/Data/IMG/right_2019_03_01_18_35_03_186.jpg, 0, 1, 0, 30.19028
/home/zubin/Desktop/Self-driving-car-simulation/Data/IMG/center_2019_03_01_18_35_03_301.jpg, /home/zubin/Desktop/Self-driving-car-simulation/Data/IMG/left_2019_03_01_18_35_03_301.jpg, /home/zubin/Desktop/Self-driving-car-simulation/Data/IMG/right_2019_03_01_18_35_03_301.jpg, 0, 1, 0, 30.19029
/home/zubin/Desktop/Self-driving-car-simulation/Data/IMG/center_2019_03_01_18_35_03_401.jpg, /home/zubin/Desktop/Self-driving-car-simulation/Data/IMG/left_2019_03_01_18_35_03_401.jpg, /home/zubin/Desktop/Self-driving-car-simulation/Data/IMG/right_2019_03_01_18_35_03_401.jpg, 0, 1, 0, 30.1903
/home/zubin/Desktop/Self-driving-car-simulation/Data/IMG/center_2019_03_01_18_35_03_502.jpg, /home/zubin/Desktop/Self-driving-car-simulation/Data/IMG/left_2019_03_01_18_35_03_502.jpg, /home/zubin/Desktop/Self-driving-car-simulation/Data/IMG/right_2019_03_01_18_35_03_502.jpg, 0, 1, 0, 30.19031
/home/zubin/Desktop/Self-driving-car-simulation/Data/IMG/center_2019_03_01_18_35_03_619.jpg, /home/zubin/Desktop/Self-driving-car-simulation/Data/IMG/left_2019_03_01_18_35_03_619.jpg, /home/zubin/Desktop/Self-driving-car-simulation/Data/IMG/right_2019_03_01_18_35_03_619.jpg, -0.2422893, 1, 0, 30.17505
/home/zubin/Desktop/Self-driving-car-simulation/Data/IMG/center_2019_03_01_18_35_03_735.jpg, /home/zubin/Desktop/Self-driving-car-simulation/Data/IMG/left_2019_03_01_18_35_03_735.jpg, /home/zubin/Desktop/Self-driving-car-simulation/Data/IMG/right_2019_03_01_18_35_03_735.jpg, 0, 1, 0, 30.19
/home/zubin/Desktop/Self-driving-car-simulation/Data/IMG/center_2019_03_01_18_35_03_854.jpg, /home/zubin/Desktop/Self-driving-car-simulation/Data/IMG/left_2019_03_01_18_35_03_854.jpg, /home/zubin/Desktop/Self-driving-car-simulation/Data/IMG/right_2019_03_01_18_35_03_854.jpg, 0, 1, 0, 30.19027
/home/zubin/Desktop/Self-driving-car-simulation/Data/IMG/center_2019_03_01_18_35_03_969.jpg, /home/zubin/Desktop/Self-driving-car-simulation/Data/IMG/left_2019_03_01_18_35_03_969.jpg, /home/zubin/Desktop/Self-driving-car-simulation/Data/IMG/right_2019_03_01_18_35_03_969.jpg, 0, 1, 0, 30.19029
/home/zubin/Desktop/Self-driving-car-simulation/Data/IMG/center_2019_03_01_18_35_04_070.jpg, /home/zubin/Desktop/Self-driving-car-simulation/Data/IMG/left_2019_03_01_18_35_04_070.jpg, /home/zubin/Desktop/Self-driving-car-simulation/Data/IMG/right_2019_03_01_18_35_04_070.jpg, -0.1595285, 1, 0, 30.18382
/home/zubin/Desktop/Self-driving-car-simulation/Data/IMG/center_2019_03_01_18_35_04_185.jpg, /home/zubin/Desktop/Self-driving-car-simulation/Data/IMG/left_2019_03_01_18_35_04_185.jpg, /home/zubin/Desktop/Self-driving-car-simulation/Data/IMG/right_2019_03_01_18_35_04_185.jpg, -0.1964135, 1, 0, 30.18888
/home/zubin/Desktop/Self-driving-car-simulation/Data/IMG/center_2019_03_01_18_35_04_300.jpg, /home/zubin/Desktop/Self-driving-car-simulation/Data/IMG/left_2019_03_01_18_35_04_300.jpg, /home/zubin/Desktop/Self-driving-car-simulation/Data/IMG/right_2019_03_01_18_35_04_300.jpg, 0, 1, 0, 30.18944
/home/zubin/Desktop/Self-driving-car-simulation/Data/IMG/center_2019_03_01_18_35_04_400.jpg, /home/zubin/Desktop/Self-driving-car-simulation/Data/IMG/left_2019_03_01_18_35_04_400.jpg, /home/zubin/Desktop/Self-driving-car-simulation/Data/IMG/right_2019_03_01_18_35_04_400.jpg, 0, 1, 0, 30.19013
/home/zubin/Desktop/Self-driving-car-simulation/Data/IMG/center_2019_03_01_18_35_04_502.jpg, /home/zubin/Desktop/Self-driving-car-simulation/Data/IMG/left_2019_03_01_18_35_04_502.jpg, /home/zubin/Desktop/Self-driving-car-simulation/Data/IMG/right_2019_03_01_18_35_04_502.jpg, 0, 1, 0, 30.1903
/home/zubin/Desktop/Self-driving-car-simulation/Data/IMG/center_2019_03_01_18_35_04_603.jpg, /home/zubin/Desktop/Self-driving-car-simulation/Data/IMG/left_2019_03_01_18_35_04_603.jpg, /home/zubin/Desktop/Self-driving-car-simulation/Data/IMG/right_2019_03_01_18_35_04_603.jpg, 0, 1, 0, 30.19029
/home/zubin/Desktop/Self-driving-car-simulation/Data/IMG/center_2019_03_01_18_35_04_716.jpg, /home/zubin/Desktop/Self-driving-car-simulation/Data/IMG/left_2019_03_01_18_35_04_716.jpg, /home/zubin/Desktop/Self-driving-car-simulation/Data/IMG/right_2019_03_01_18_35_04_716.jpg, 0, 1, 0, 30.19031
/home/zubin/Desktop/Self-driving-car-simulation/Data/IMG/center_2019_03_01_18_35_04_819.jpg, /home/zubin/Desktop/Self-driving-car-simulation/Data/IMG/left_2019_03_01_18_35_04_819.jpg, /home/zubin/Desktop/Self-driving-car-simulation/Data/IMG/right_2019_03_01_18_35_04_819.jpg, -0.04836631, 1, 0, 30.189
/home/zubin/Desktop/Self-driving-car-simulation/Data/IMG/center_2019_03_01_18_35_04_937.jpg, /home/zubin/Desktop/Self-driving-car-simulation/Data/IMG/left_2019_03_01_18_35_04_937.jpg, /home/zubin/Desktop/Self-driving-car-simulation/Data/IMG/right_2019_03_01_18_35_04_937.jpg, 0, 0.7787528, 0, 30.1452
/home/zubin/Desktop/Self-driving-car-simulation/Data/IMG/center_2019_03_01_18_35_05_051.jpg, /home/zubin/Desktop/Self-driving-car-simulation/Data/IMG/left_2019_03_01_18_35_05_051.jpg, /home/zubin/Desktop/Self-driving-car-simulation/Data/IMG/right_2019_03_01_18_35_05_051.jpg, 0, 0.4878576, 0, 30.07003
/home/zubin/Desktop/Self-driving-car-simulation/Data/IMG/center_2019_03_01_18_35_05_151.jpg, /home/zubin/Desktop/Self-driving-car-simulation/Data/IMG/left_2019_03_01_18_35_05_151.jpg, /home/zubin/Desktop/Self-driving-car-simulation/Data/IMG/right_2019_03_01_18_35_05_151.jpg, 0, 0.2957191, 0, 29.99713
/home/zubin/Desktop/Self-driving-car-simulation/Data/IMG/center_2019_03_01_18_35_05_266.jpg, /home/zubin/Desktop/Self-driving-car-simulation/Data/IMG/left_2019_03_01_18_35_05_266.jpg, /home/zubin/Desktop/Self-driving-car-simulation/Data/IMG/right_2019_03_01_18_35_05_266.jpg, 0, 0.6935794, 0, 30.09171
/home/zubin/Desktop/Self-driving-car-simulation/Data/IMG/center_2019_03_01_18_35_05_366.jpg, /home/zubin/Desktop/Self-driving-car-simulation/Data/IMG/left_2019_03_01_18_35_05_366.jpg, /home/zubin/Desktop/Self-driving-car-simulation/Data/IMG/right_2019_03_01_18_35_05_366.jpg, 0, 0.9941378, 0, 30.1826
/home/zubin/Desktop/Self-driving-car-simulation/Data/IMG/center_2019_03_01_18_35_05_470.jpg, /home/zubin/Desktop/Self-driving-car-simulation/Data/IMG/left_2019_03_01_18_35_05_470.jpg, /home/zubin/Desktop/Self-driving-car-simulation/Data/IMG/right_2019_03_01_18_35_05_470.jpg, 0, 1, 0, 30.19044
/home/zubin/Desktop/Self-driving-car-simulation/Data/IMG/center_2019_03_01_18_35_05_584.jpg, /home/zubin/Desktop/Self-driving-car-simulation/Data/IMG/left_2019_03_01_18_35_05_584.jpg, /home/zubin/Desktop/Self-driving-car-simulation/Data/IMG/right_2019_03_01_18_35_05_584.jpg, 0, 1, 0, 30.19022
/home/zubin/Desktop/Self-driving-car-simulation/Data/IMG/center_2019_03_01_18_35_05_684.jpg, /home/zubin/Desktop/Self-driving-car-simulation/Data/IMG/left_2019_03_01_18_35_05_684.jpg, /home/zubin/Desktop/Self-driving-car-simulation/Data/IMG/right_2019_03_01_18_35_05_684.jpg, 0, 1, 0, 30.19031
/home/zubin/Desktop/Self-driving-car-simulation/Data/IMG/center_2019_03_01_18_35_05_800.jpg, /home/zubin/Desktop/Self-driving-car-simulation/Data/IMG/left_2019_03_01_18_35_05_800.jpg, /home/zubin/Desktop/Self-driving-car-simulation/Data/IMG/right_2019_03_01_18_35_05_800.jpg, 0, 1, 0, 30.19025
/home/zubin/Desktop/Self-driving-car-simulation/Data/IMG/center_2019_03_01_18_35_05_902.jpg, /home/zubin/Desktop/Self-driving-car-simulation/Data/IMG/left_2019_03_01_18_35_05_902.jpg, /home/zubin/Desktop/Self-driving-car-simulation/Data/IMG/right_2019_03_01_18_35_05_902.jpg, 0, 1, 0, 30.19029
/home/zubin/Desktop/Self-driving-car-simulation/Data/IMG/center_2019_03_01_18_35_06_016.jpg, /home/zubin/Desktop/Self-driving-car-simulation/Data/IMG/left_2019_03_01_18_35_06_016.jpg, /home/zubin/Desktop/Self-driving-car-simulation/Data/IMG/right_2019_03_01_18_35_06_016.jpg, 0, 1, 0, 30.19031
/home/zubin/Desktop/Self-driving-car-simulation/Data/IMG/center_2019_03_01_18_35_06_134.jpg, /home/zubin/Desktop/Self-driving-car-simulation/Data/IMG/left_2019_03_01_18_35_06_134.jpg, /home/zubin/Desktop/Self-driving-car-simulation/Data/IMG/right_2019_03_01_18_35_06_134.jpg, 0, 1, 0, 30.1903
/home/zubin/Desktop/Self-driving-car-simulation/Data/IMG/center_2019_03_01_18_35_06_250.jpg, /home/zubin/Desktop/Self-driving-car-simulation/Data/IMG/left_2019_03_01_18_35_06_250.jpg, /home/zubin/Desktop/Self-driving-car-simulation/Data/IMG/right_2019_03_01_18_35_06_250.jpg, 0, 1, 0, 30.19031
/home/zubin/Desktop/Self-driving-car-simulation/Data/IMG/center_2019_03_01_18_35_06_350.jpg, /home/zubin/Desktop/Self-driving-car-simulation/Data/IMG/left_2019_03_01_18_35_06_350.jpg, /home/zubin/Desktop/Self-driving-car-simulation/Data/IMG/right_2019_03_01_18_35_06_350.jpg, 0, 1, 0, 30.19031
/home/zubin/Desktop/Self-driving-car-simulation/Data/IMG/center_2019_03_01_18_35_06_468.jpg, /home/zubin/Desktop/Self-driving-car-simulation/Data/IMG/left_2019_03_01_18_35_06_468.jpg, /home/zubin/Desktop/Self-driving-car-simulation/Data/IMG/right_2019_03_01_18_35_06_468.jpg, 0, 1, 0, 30.19031
/home/zubin/Desktop/Self-driving-car-simulation/Data/IMG/center_2019_03_01_18_35_06_584.jpg, /home/zubin/Desktop/Self-driving-car-simulation/Data/IMG/left_2019_03_01_18_35_06_584.jpg, /home/zubin/Desktop/Self-driving-car-simulation/Data/IMG/right_2019_03_01_18_35_06_584.jpg, 0, 1, 0, 30.19031
/home/zubin/Desktop/Self-driving-car-simulation/Data/IMG/center_2019_03_01_18_35_06_700.jpg, /home/zubin/Desktop/Self-driving-car-simulation/Data/IMG/left_2019_03_01_18_35_06_700.jpg, /home/zubin/Desktop/Self-driving-car-simulation/Data/IMG/right_2019_03_01_18_35_06_700.jpg, 0, 1, 0, 30.19029
/home/zubin/Desktop/Self-driving-car-simulation/Data/IMG/center_2019_03_01_18_35_06_800.jpg, /home/zubin/Desktop/Self-driving-car-simulation/Data/IMG/left_2019_03_01_18_35_06_800.jpg, /home/zubin/Desktop/Self-driving-car-simulation/Data/IMG/right_2019_03_01_18_35_06_800.jpg, 0, 1, 0, 30.1903
/home/zubin/Desktop/Self-driving-car-simulation/Data/IMG/center_2019_03_01_18_35_06_918.jpg, /home/zubin/Desktop/Self-driving-car-simulation/Data/IMG/left_2019_03_01_18_35_06_918.jpg, /home/zubin/Desktop/Self-driving-car-simulation/Data/IMG/right_2019_03_01_18_35_06_918.jpg, -0.1611721, 1, 0, 30.1834
/home/zubin/Desktop/Self-driving-car-simulation/Data/IMG/center_2019_03_01_18_35_07_018.jpg, /home/zubin/Desktop/Self-driving-car-simulation/Data/IMG/left_2019_03_01_18_35_07_018.jpg, /home/zubin/Desktop/Self-driving-car-simulation/Data/IMG/right_2019_03_01_18_35_07_018.jpg, -0.1387231, 1, 0, 30.18962
/home/zubin/Desktop/Self-driving-car-simulation/Data/IMG/center_2019_03_01_18_35_07_131.jpg, /home/zubin/Desktop/Self-driving-car-simulation/Data/IMG/left_2019_03_01_18_35_07_131.jpg, /home/zubin/Desktop/Self-driving-car-simulation/Data/IMG/right_2019_03_01_18_35_07_131.jpg, 0, 1, 0, 30.18977
/home/zubin/Desktop/Self-driving-car-simulation/Data/IMG/center_2019_03_01_18_35_07_250.jpg, /home/zubin/Desktop/Self-driving-car-simulation/Data/IMG/left_2019_03_01_18_35_07_250.jpg, /home/zubin/Desktop/Self-driving-car-simulation/Data/IMG/right_2019_03_01_18_35_07_250.jpg, 0, 1, 0, 30.19022
/home/zubin/Desktop/Self-driving-car-simulation/Data/IMG/center_2019_03_01_18_35_07_352.jpg, /home/zubin/Desktop/Self-driving-car-simulation/Data/IMG/left_2019_03_01_18_35_07_352.jpg, /home/zubin/Desktop/Self-driving-car-simulation/Data/IMG/right_2019_03_01_18_35_07_352.jpg, 0, 1, 0, 30.19031
/home/zubin/Desktop/Self-driving-car-simulation/Data/IMG/center_2019_03_01_18_35_07_465.jpg, /home/zubin/Desktop/Self-driving-car-simulation/Data/IMG/left_2019_03_01_18_35_07_465.jpg, /home/zubin/Desktop/Self-driving-car-simulation/Data/IMG/right_2019_03_01_18_35_07_465.jpg, 0, 1, 0, 30.19031
/home/zubin/Desktop/Self-driving-car-simulation/Data/IMG/center_2019_03_01_18_35_07_583.jpg, /home/zubin/Desktop/Self-driving-car-simulation/Data/IMG/left_2019_03_01_18_35_07_583.jpg, /home/zubin/Desktop/Self-driving-car-simulation/Data/IMG/right_2019_03_01_18_35_07_583.jpg, 0, 1, 0, 30.19028
/home/zubin/Desktop/Self-driving-car-simulation/Data/IMG/center_2019_03_01_18_35_07_700.jpg, /home/zubin/Desktop/Self-driving-car-simulation/Data/IMG/left_2019_03_01_18_35_07_700.jpg, /home/zubin/Desktop/Self-driving-car-simulation/Data/IMG/right_2019_03_01_18_35_07_700.jpg, 0, 1, 0, 30.19029
/home/zubin/Desktop/Self-driving-car-simulation/Data/IMG/center_2019_03_01_18_35_07_816.jpg, /home/zubin/Desktop/Self-driving-car-simulation/Data/IMG/left_2019_03_01_18_35_07_816.jpg, /home/zubin/Desktop/Self-driving-car-simulation/Data/IMG/right_2019_03_01_18_35_07_816.jpg, 0, 1, 0, 30.19029
/home/zubin/Desktop/Self-driving-car-simulation/Data/IMG/center_2019_03_01_18_35_07_934.jpg, /home/zubin/Desktop/Self-driving-car-simulation/Data/IMG/left_2019_03_01_18_35_07_934.jpg, /home/zubin/Desktop/Self-driving-car-simulation/Data/IMG/right_2019_03_01_18_35_07_934.jpg, 0, 1, 0, 30.19032
/home/zubin/Desktop/Self-driving-car-simulation/Data/IMG/center_2019_03_01_18_35_08_050.jpg, /home/zubin/Desktop/Self-driving-car-simulation/Data/IMG/left_2019_03_01_18_35_08_050.jpg, /home/zubin/Desktop/Self-driving-car-simulation/Data/IMG/right_2019_03_01_18_35_08_050.jpg, 0, 1, 0, 30.19028
/home/zubin/Desktop/Self-driving-car-simulation/Data/IMG/center_2019_03_01_18_35_08_167.jpg, /home/zubin/Desktop/Self-driving-car-simulation/Data/IMG/left_2019_03_01_18_35_08_167.jpg, /home/zubin/Desktop/Self-driving-car-simulation/Data/IMG/right_2019_03_01_18_35_08_167.jpg, 0, 1, 0, 30.19029
/home/zubin/Desktop/Self-driving-car-simulation/Data/IMG/center_2019_03_01_18_35_08_281.jpg, /home/zubin/Desktop/Self-driving-car-simulation/Data/IMG/left_2019_03_01_18_35_08_281.jpg, /home/zubin/Desktop/Self-driving-car-simulation/Data/IMG/right_2019_03_01_18_35_08_281.jpg, 0, 1, 0, 30.1903
/home/zubin/Desktop/Self-driving-car-simulation/Data/IMG/center_2019_03_01_18_35_08_382.jpg, /home/zubin/Desktop/Self-driving-car-simulation/Data/IMG/left_2019_03_01_18_35_08_382.jpg, /home/zubin/Desktop/Self-driving-car-simulation/Data/IMG/right_2019_03_01_18_35_08_382.jpg, 0, 1, 0, 30.19032
/home/zubin/Desktop/Self-driving-car-simulation/Data/IMG/center_2019_03_01_18_35_08_498.jpg, /home/zubin/Desktop/Self-driving-car-simulation/Data/IMG/left_2019_03_01_18_35_08_498.jpg, /home/zubin/Desktop/Self-driving-car-simulation/Data/IMG/right_2019_03_01_18_35_08_498.jpg, 0, 1, 0, 30.19029
/home/zubin/Desktop/Self-driving-car-simulation/Data/IMG/center_2019_03_01_18_35_08_599.jpg, /home/zubin/Desktop/Self-driving-car-simulation/Data/IMG/left_2019_03_01_18_35_08_599.jpg, /home/zubin/Desktop/Self-driving-car-simulation/Data/IMG/right_2019_03_01_18_35_08_599.jpg, 0, 1, 0, 30.1903
/home/zubin/Desktop/Self-driving-car-simulation/Data/IMG/center_2019_03_01_18_35_08_715.jpg, /home/zubin/Desktop/Self-driving-car-simulation/Data/IMG/left_2019_03_01_18_35_08_715.jpg, /home/zubin/Desktop/Self-driving-car-simulation/Data/IMG/right_2019_03_01_18_35_08_715.jpg, 0, 1, 0, 30.19028
/home/zubin/Desktop/Self-driving-car-simulation/Data/IMG/center_2019_03_01_18_35_08_818.jpg, /home/zubin/Desktop/Self-driving-car-simulation/Data/IMG/left_2019_03_01_18_35_08_818.jpg, /home/zubin/Desktop/Self-driving-car-simulation/Data/IMG/right_2019_03_01_18_35_08_818.jpg, 0, 1, 0, 30.1903
/home/zubin/Desktop/Self-driving-car-simulation/Data/IMG/center_2019_03_01_18_35_08_933.jpg, /home/zubin/Desktop/Self-driving-car-simulation/Data/IMG/left_2019_03_01_18_35_08_933.jpg, /home/zubin/Desktop/Self-driving-car-simulation/Data/IMG/right_2019_03_01_18_35_08_933.jpg, 0, 1, 0, 30.19029
/home/zubin/Desktop/Self-driving-car-simulation/Data/IMG/center_2019_03_01_18_35_09_048.jpg, /home/zubin/Desktop/Self-driving-car-simulation/Data/IMG/left_2019_03_01_18_35_09_048.jpg, /home/zubin/Desktop/Self-driving-car-simulation/Data/IMG/right_2019_03_01_18_35_09_048.jpg, 0, 1, 0, 30.1903
/home/zubin/Desktop/Self-driving-car-simulation/Data/IMG/center_2019_03_01_18_35_09_149.jpg, /home/zubin/Desktop/Self-driving-car-simulation/Data/IMG/left_2019_03_01_18_35_09_149.jpg, /home/zubin/Desktop/Self-driving-car-simulation/Data/IMG/right_2019_03_01_18_35_09_149.jpg, 0, 1, 0, 30.19029
/home/zubin/Desktop/Self-driving-car-simulation/Data/IMG/center_2019_03_01_18_35_09_265.jpg, /home/zubin/Desktop/Self-driving-car-simulation/Data/IMG/left_2019_03_01_18_35_09_265.jpg, /home/zubin/Desktop/Self-driving-car-simulation/Data/IMG/right_2019_03_01_18_35_09_265.jpg, 0, 1, 0, 30.19028
/home/zubin/Desktop/Self-driving-car-simulation/Data/IMG/center_2019_03_01_18_35_09_367.jpg, /home/zubin/Desktop/Self-driving-car-simulation/Data/IMG/left_2019_03_01_18_35_09_367.jpg, /home/zubin/Desktop/Self-driving-car-simulation/Data/IMG/right_2019_03_01_18_35_09_367.jpg, -0.1540232, 1, 0, 30.18343
/home/zubin/Desktop/Self-driving-car-simulation/Data/IMG/center_2019_03_01_18_35_09_482.jpg, /home/zubin/Desktop/Self-driving-car-simulation/Data/IMG/left_2019_03_01_18_35_09_482.jpg, /home/zubin/Desktop/Self-driving-car-simulation/Data/IMG/right_2019_03_01_18_35_09_482.jpg, -0.194865, 1, 0, 30.18705
/home/zubin/Desktop/Self-driving-car-simulation/Data/IMG/center_2019_03_01_18_35_09_582.jpg, /home/zubin/Desktop/Self-driving-car-simulation/Data/IMG/left_2019_03_01_18_35_09_582.jpg, /home/zubin/Desktop/Self-driving-car-simulation/Data/IMG/right_2019_03_01_18_35_09_582.jpg, 0, 1, 0, 30.18932
/home/zubin/Desktop/Self-driving-car-simulation/Data/IMG/center_2019_03_01_18_35_09_685.jpg, /home/zubin/Desktop/Self-driving-car-simulation/Data/IMG/left_2019_03_01_18_35_09_685.jpg, /home/zubin/Desktop/Self-driving-car-simulation/Data/IMG/right_2019_03_01_18_35_09_685.jpg, 0, 1, 0, 30.19013
/home/zubin/Desktop/Self-driving-car-simulation/Data/IMG/center_2019_03_01_18_35_09_798.jpg, /home/zubin/Desktop/Self-driving-car-simulation/Data/IMG/left_2019_03_01_18_35_09_798.jpg, /home/zubin/Desktop/Self-driving-car-simulation/Data/IMG/right_2019_03_01_18_35_09_798.jpg, 0, 1, 0, 30.19023
/home/zubin/Desktop/Self-driving-car-simulation/Data/IMG/center_2019_03_01_18_35_09_915.jpg, /home/zubin/Desktop/Self-driving-car-simulation/Data/IMG/left_2019_03_01_18_35_09_915.jpg, /home/zubin/Desktop/Self-driving-car-simulation/Data/IMG/right_2019_03_01_18_35_09_915.jpg, 0, 1, 0, 30.19031
/home/zubin/Desktop/Self-driving-car-simulation/Data/IMG/center_2019_03_01_18_35_10_016.jpg, /home/zubin/Desktop/Self-driving-car-simulation/Data/IMG/left_2019_03_01_18_35_10_016.jpg, /home/zubin/Desktop/Self-driving-car-simulation/Data/IMG/right_2019_03_01_18_35_10_016.jpg, 0, 1, 0, 30.19036
/home/zubin/Desktop/Self-driving-car-simulation/Data/IMG/center_2019_03_01_18_35_10_116.jpg, /home/zubin/Desktop/Self-driving-car-simulation/Data/IMG/left_2019_03_01_18_35_10_116.jpg, /home/zubin/Desktop/Self-driving-car-simulation/Data/IMG/right_2019_03_01_18_35_10_116.jpg, 0, 1, 0, 30.19033
/home/zubin/Desktop/Self-driving-car-simulation/Data/IMG/center_2019_03_01_18_35_10_232.jpg, /home/zubin/Desktop/Self-driving-car-simulation/Data/IMG/left_2019_03_01_18_35_10_232.jpg, /home/zubin/Desktop/Self-driving-car-simulation/Data/IMG/right_2019_03_01_18_35_10_232.jpg, 0, 1, 0, 30.19032
/home/zubin/Desktop/Self-driving-car-simulation/Data/IMG/center_2019_03_01_18_35_10_333.jpg, /home/zubin/Desktop/Self-driving-car-simulation/Data/IMG/left_2019_03_01_18_35_10_333.jpg, /home/zubin/Desktop/Self-driving-car-simulation/Data/IMG/right_2019_03_01_18_35_10_333.jpg, 0, 1, 0, 30.19028
/home/zubin/Desktop/Self-driving-car-simulation/Data/IMG/center_2019_03_01_18_35_10_447.jpg, /home/zubin/Desktop/Self-driving-car-simulation/Data/IMG/left_2019_03_01_18_35_10_447.jpg, /home/zubin/Desktop/Self-driving-car-simulation/Data/IMG/right_2019_03_01_18_35_10_447.jpg, 0, 1, 0, 30.1903
/home/zubin/Desktop/Self-driving-car-simulation/Data/IMG/center_2019_03_01_18_35_10_548.jpg, /home/zubin/Desktop/Self-driving-car-simulation/Data/IMG/left_2019_03_01_18_35_10_548.jpg, /home/zubin/Desktop/Self-driving-car-simulation/Data/IMG/right_2019_03_01_18_35_10_548.jpg, 0, 1, 0, 30.19034
/home/zubin/Desktop/Self-driving-car-simulation/Data/IMG/center_2019_03_01_18_35_10_663.jpg, /home/zubin/Desktop/Self-driving-car-simulation/Data/IMG/left_2019_03_01_18_35_10_663.jpg, /home/zubin/Desktop/Self-driving-car-simulation/Data/IMG/right_2019_03_01_18_35_10_663.jpg, 0, 1, 0, 30.19029
/home/zubin/Desktop/Self-driving-car-simulation/Data/IMG/center_2019_03_01_18_35_10_764.jpg, /home/zubin/Desktop/Self-driving-car-simulation/Data/IMG/left_2019_03_01_18_35_10_764.jpg, /home/zubin/Desktop/Self-driving-car-simulation/Data/IMG/right_2019_03_01_18_35_10_764.jpg, 0, 1, 0, 30.19032
/home/zubin/Desktop/Self-driving-car-simulation/Data/IMG/center_2019_03_01_18_35_10_882.jpg, /home/zubin/Desktop/Self-driving-car-simulation/Data/IMG/left_2019_03_01_18_35_10_882.jpg, /home/zubin/Desktop/Self-driving-car-simulation/Data/IMG/right_2019_03_01_18_35_10_882.jpg, 0, 1, 0, 30.1903
/home/zubin/Desktop/Self-driving-car-simulation/Data/IMG/center_2019_03_01_18_35_10_982.jpg, /home/zubin/Desktop/Self-driving-car-simulation/Data/IMG/left_2019_03_01_18_35_10_982.jpg, /home/zubin/Desktop/Self-driving-car-simulation/Data/IMG/right_2019_03_01_18_35_10_982.jpg, 0, 1, 0, 30.1903
/home/zubin/Desktop/Self-driving-car-simulation/Data/IMG/center_2019_03_01_18_35_11_097.jpg, /home/zubin/Desktop/Self-driving-car-simulation/Data/IMG/left_2019_03_01_18_35_11_097.jpg, /home/zubin/Desktop/Self-driving-car-simulation/Data/IMG/right_2019_03_01_18_35_11_097.jpg, 0, 1, 0, 30.19031
/home/zubin/Desktop/Self-driving-car-simulation/Data/IMG/center_2019_03_01_18_35_11_198.jpg, /home/zubin/Desktop/Self-driving-car-simulation/Data/IMG/left_2019_03_01_18_35_11_198.jpg, /home/zubin/Desktop/Self-driving-car-simulation/Data/IMG/right_2019_03_01_18_35_11_198.jpg, 0, 1, 0, 30.19027
/home/zubin/Desktop/Self-driving-car-simulation/Data/IMG/center_2019_03_01_18_35_11_299.jpg, /home/zubin/Desktop/Self-driving-car-simulation/Data/IMG/left_2019_03_01_18_35_11_299.jpg, /home/zubin/Desktop/Self-driving-car-simulation/Data/IMG/right_2019_03_01_18_35_11_299.jpg, 0, 1, 0, 30.19033
/home/zubin/Desktop/Self-driving-car-simulation/Data/IMG/center_2019_03_01_18_35_11_413.jpg, /home/zubin/Desktop/Self-driving-car-simulation/Data/IMG/left_2019_03_01_18_35_11_413.jpg, /home/zubin/Desktop/Self-driving-car-simulation/Data/IMG/right_2019_03_01_18_35_11_413.jpg, 0, 1, 0, 30.19025
/home/zubin/Desktop/Self-driving-car-simulation/Data/IMG/center_2019_03_01_18_35_11_514.jpg, /home/zubin/Desktop/Self-driving-car-simulation/Data/IMG/left_2019_03_01_18_35_11_514.jpg, /home/zubin/Desktop/Self-driving-car-simulation/Data/IMG/right_2019_03_01_18_35_11_514.jpg, 0, 1, 0, 30.19026
/home/zubin/Desktop/Self-driving-car-simulation/Data/IMG/center_2019_03_01_18_35_11_629.jpg, /home/zubin/Desktop/Self-driving-car-simulation/Data/IMG/left_2019_03_01_18_35_11_629.jpg, /home/zubin/Desktop/Self-driving-car-simulation/Data/IMG/right_2019_03_01_18_35_11_629.jpg, 0, 1, 0, 30.19029
/home/zubin/Desktop/Self-driving-car-simulation/Data/IMG/center_2019_03_01_18_35_11_730.jpg, /home/zubin/Desktop/Self-driving-car-simulation/Data/IMG/left_2019_03_01_18_35_11_730.jpg, /home/zubin/Desktop/Self-driving-car-simulation/Data/IMG/right_2019_03_01_18_35_11_730.jpg, 0, 1, 0, 30.19031
/home/zubin/Desktop/Self-driving-car-simulation/Data/IMG/center_2019_03_01_18_35_11_845.jpg, /home/zubin/Desktop/Self-driving-car-simulation/Data/IMG/left_2019_03_01_18_35_11_845.jpg, /home/zubin/Desktop/Self-driving-car-simulation/Data/IMG/right_2019_03_01_18_35_11_845.jpg, 0, 1, 0, 30.19028
/home/zubin/Desktop/Self-driving-car-simulation/Data/IMG/center_2019_03_01_18_35_11_964.jpg, /home/zubin/Desktop/Self-driving-car-simulation/Data/IMG/left_2019_03_01_18_35_11_964.jpg, /home/zubin/Desktop/Self-driving-car-simulation/Data/IMG/right_2019_03_01_18_35_11_964.jpg, 0, 1, 0, 30.19031
/home/zubin/Desktop/Self-driving-car-simulation/Data/IMG/center_2019_03_01_18_35_12_080.jpg, /home/zubin/Desktop/Self-driving-car-simulation/Data/IMG/left_2019_03_01_18_35_12_080.jpg, /home/zubin/Desktop/Self-driving-car-simulation/Data/IMG/right_2019_03_01_18_35_12_080.jpg, 0, 1, 0, 30.19029
/home/zubin/Desktop/Self-driving-car-simulation/Data/IMG/center_2019_03_01_18_35_12_198.jpg, /home/zubin/Desktop/Self-driving-car-simulation/Data/IMG/left_2019_03_01_18_35_12_198.jpg, /home/zubin/Desktop/Self-driving-car-simulation/Data/IMG/right_2019_03_01_18_35_12_198.jpg, 0, 1, 0, 30.19025
/home/zubin/Desktop/Self-driving-car-simulation/Data/IMG/center_2019_03_01_18_35_12_311.jpg, /home/zubin/Desktop/Self-driving-car-simulation/Data/IMG/left_2019_03_01_18_35_12_311.jpg, /home/zubin/Desktop/Self-driving-car-simulation/Data/IMG/right_2019_03_01_18_35_12_311.jpg, 0, 1, 0, 30.19032
/home/zubin/Desktop/Self-driving-car-simulation/Data/IMG/center_2019_03_01_18_35_12_413.jpg, /home/zubin/Desktop/Self-driving-car-simulation/Data/IMG/left_2019_03_01_18_35_12_413.jpg, /home/zubin/Desktop/Self-driving-car-simulation/Data/IMG/right_2019_03_01_18_35_12_413.jpg, 0, 1, 0, 30.19029
/home/zubin/Desktop/Self-driving-car-simulation/Data/IMG/center_2019_03_01_18_35_12_514.jpg, /home/zubin/Desktop/Self-driving-car-simulation/Data/IMG/left_2019_03_01_18_35_12_514.jpg, /home/zubin/Desktop/Self-driving-car-simulation/Data/IMG/right_2019_03_01_18_35_12_514.jpg, -0.1029661, 1, 0, 30.18741
/home/zubin/Desktop/Self-driving-car-simulation/Data/IMG/center_2019_03_01_18_35_12_628.jpg, /home/zubin/Desktop/Self-driving-car-simulation/Data/IMG/left_2019_03_01_18_35_12_628.jpg, /home/zubin/Desktop/Self-driving-car-simulation/Data/IMG/right_2019_03_01_18_35_12_628.jpg, -0.1151576, 1, 0, 30.18911
/home/zubin/Desktop/Self-driving-car-simulation/Data/IMG/center_2019_03_01_18_35_12_730.jpg, /home/zubin/Desktop/Self-driving-car-simulation/Data/IMG/left_2019_03_01_18_35_12_730.jpg, /home/zubin/Desktop/Self-driving-car-simulation/Data/IMG/right_2019_03_01_18_35_12_730.jpg, 0, 1, 0, 30.18986
/home/zubin/Desktop/Self-driving-car-simulation/Data/IMG/center_2019_03_01_18_35_12_846.jpg, /home/zubin/Desktop/Self-driving-car-simulation/Data/IMG/left_2019_03_01_18_35_12_846.jpg, /home/zubin/Desktop/Self-driving-car-simulation/Data/IMG/right_2019_03_01_18_35_12_846.jpg, 0, 1, 0, 30.19024
/home/zubin/Desktop/Self-driving-car-simulation/Data/IMG/center_2019_03_01_18_35_12_961.jpg, /home/zubin/Desktop/Self-driving-car-simulation/Data/IMG/left_2019_03_01_18_35_12_961.jpg, /home/zubin/Desktop/Self-driving-car-simulation/Data/IMG/right_2019_03_01_18_35_12_961.jpg, 0, 1, 0, 30.19031
/home/zubin/Desktop/Self-driving-car-simulation/Data/IMG/center_2019_03_01_18_35_13_062.jpg, /home/zubin/Desktop/Self-driving-car-simulation/Data/IMG/left_2019_03_01_18_35_13_062.jpg, /home/zubin/Desktop/Self-driving-car-simulation/Data/IMG/right_2019_03_01_18_35_13_062.jpg, 0, 1, 0, 30.19025
/home/zubin/Desktop/Self-driving-car-simulation/Data/IMG/center_2019_03_01_18_35_13_180.jpg, /home/zubin/Desktop/Self-driving-car-simulation/Data/IMG/left_2019_03_01_18_35_13_180.jpg, /home/zubin/Desktop/Self-driving-car-simulation/Data/IMG/right_2019_03_01_18_35_13_180.jpg, 0, 1, 0, 30.19026
/home/zubin/Desktop/Self-driving-car-simulation/Data/IMG/center_2019_03_01_18_35_13_293.jpg, /home/zubin/Desktop/Self-driving-car-simulation/Data/IMG/left_2019_03_01_18_35_13_293.jpg, /home/zubin/Desktop/Self-driving-car-simulation/Data/IMG/right_2019_03_01_18_35_13_293.jpg, 0, 1, 0, 30.19025
/home/zubin/Desktop/Self-driving-car-simulation/Data/IMG/center_2019_03_01_18_35_13_396.jpg, /home/zubin/Desktop/Self-driving-car-simulation/Data/IMG/left_2019_03_01_18_35_13_396.jpg, /home/zubin/Desktop/Self-driving-car-simulation/Data/IMG/right_2019_03_01_18_35_13_396.jpg, 0, 1, 0, 30.19031
/home/zubin/Desktop/Self-driving-car-simulation/Data/IMG/center_2019_03_01_18_35_13_513.jpg, /home/zubin/Desktop/Self-driving-car-simulation/Data/IMG/left_2019_03_01_18_35_13_513.jpg, /home/zubin/Desktop/Self-driving-car-simulation/Data/IMG/right_2019_03_01_18_35_13_513.jpg, -0.2923501, 1, 0, 30.16975
/home/zubin/Desktop/Self-driving-car-simulation/Data/IMG/center_2019_03_01_18_35_13_628.jpg, /home/zubin/Desktop/Self-driving-car-simulation/Data/IMG/left_2019_03_01_18_35_13_628.jpg, /home/zubin/Desktop/Self-driving-car-simulation/Data/IMG/right_2019_03_01_18_35_13_628.jpg, -0.004757881, 1, 0, 30.18943
/home/zubin/Desktop/Self-driving-car-simulation/Data/IMG/center_2019_03_01_18_35_13_729.jpg, /home/zubin/Desktop/Self-driving-car-simulation/Data/IMG/left_2019_03_01_18_35_13_729.jpg, /home/zubin/Desktop/Self-driving-car-simulation/Data/IMG/right_2019_03_01_18_35_13_729.jpg, 0, 1, 0, 30.18989
/home/zubin/Desktop/Self-driving-car-simulation/Data/IMG/center_2019_03_01_18_35_13_844.jpg, /home/zubin/Desktop/Self-driving-car-simulation/Data/IMG/left_2019_03_01_18_35_13_844.jpg, /home/zubin/Desktop/Self-driving-car-simulation/Data/IMG/right_2019_03_01_18_35_13_844.jpg, 0, 1, 0, 30.19028
/home/zubin/Desktop/Self-driving-car-simulation/Data/IMG/center_2019_03_01_18_35_13_945.jpg, /home/zubin/Desktop/Self-driving-car-simulation/Data/IMG/left_2019_03_01_18_35_13_945.jpg, /home/zubin/Desktop/Self-driving-car-simulation/Data/IMG/right_2019_03_01_18_35_13_945.jpg, 0, 1, 0, 30.1903
/home/zubin/Desktop/Self-driving-car-simulation/Data/IMG/center_2019_03_01_18_35_14_058.jpg, /home/zubin/Desktop/Self-driving-car-simulation/Data/IMG/left_2019_03_01_18_35_14_058.jpg, /home/zubin/Desktop/Self-driving-car-simulation/Data/IMG/right_2019_03_01_18_35_14_058.jpg, 0, 1, 0, 30.19043
/home/zubin/Desktop/Self-driving-car-simulation/Data/IMG/center_2019_03_01_18_35_14_161.jpg, /home/zubin/Desktop/Self-driving-car-simulation/Data/IMG/left_2019_03_01_18_35_14_161.jpg, /home/zubin/Desktop/Self-driving-car-simulation/Data/IMG/right_2019_03_01_18_35_14_161.jpg, 0, 1, 0, 30.1903
/home/zubin/Desktop/Self-driving-car-simulation/Data/IMG/center_2019_03_01_18_35_14_262.jpg, /home/zubin/Desktop/Self-driving-car-simulation/Data/IMG/left_2019_03_01_18_35_14_262.jpg, /home/zubin/Desktop/Self-driving-car-simulation/Data/IMG/right_2019_03_01_18_35_14_262.jpg, 0, 1, 0, 30.19031
/home/zubin/Desktop/Self-driving-car-simulation/Data/IMG/center_2019_03_01_18_35_14_377.jpg, /home/zubin/Desktop/Self-driving-car-simulation/Data/IMG/left_2019_03_01_18_35_14_377.jpg, /home/zubin/Desktop/Self-driving-car-simulation/Data/IMG/right_2019_03_01_18_35_14_377.jpg, 0, 1, 0, 30.19027
/home/zubin/Desktop/Self-driving-car-simulation/Data/IMG/center_2019_03_01_18_35_14_492.jpg, /home/zubin/Desktop/Self-driving-car-simulation/Data/IMG/left_2019_03_01_18_35_14_492.jpg, /home/zubin/Desktop/Self-driving-car-simulation/Data/IMG/right_2019_03_01_18_35_14_492.jpg, 0, 1, 0, 30.19028
/home/zubin/Desktop/Self-driving-car-simulation/Data/IMG/center_2019_03_01_18_35_14_594.jpg, /home/zubin/Desktop/Self-driving-car-simulation/Data/IMG/left_2019_03_01_18_35_14_594.jpg, /home/zubin/Desktop/Self-driving-car-simulation/Data/IMG/right_2019_03_01_18_35_14_594.jpg, 0, 1, 0, 30.1903
/home/zubin/Desktop/Self-driving-car-simulation/Data/IMG/center_2019_03_01_18_35_14_710.jpg, /home/zubin/Desktop/Self-driving-car-simulation/Data/IMG/left_2019_03_01_18_35_14_710.jpg, /home/zubin/Desktop/Self-driving-car-simulation/Data/IMG/right_2019_03_01_18_35_14_710.jpg, 0, 1, 0, 30.1903
/home/zubin/Desktop/Self-driving-car-simulation/Data/IMG/center_2019_03_01_18_35_14_826.jpg, /home/zubin/Desktop/Self-driving-car-simulation/Data/IMG/left_2019_03_01_18_35_14_826.jpg, /home/zubin/Desktop/Self-driving-car-simulation/Data/IMG/right_2019_03_01_18_35_14_826.jpg, 0, 1, 0, 30.19032
/home/zubin/Desktop/Self-driving-car-simulation/Data/IMG/center_2019_03_01_18_35_14_941.jpg, /home/zubin/Desktop/Self-driving-car-simulation/Data/IMG/left_2019_03_01_18_35_14_941.jpg, /home/zubin/Desktop/Self-driving-car-simulation/Data/IMG/right_2019_03_01_18_35_14_941.jpg, 0, 1, 0, 30.19029
/home/zubin/Desktop/Self-driving-car-simulation/Data/IMG/center_2019_03_01_18_35_15_043.jpg, /home/zubin/Desktop/Self-driving-car-simulation/Data/IMG/left_2019_03_01_18_35_15_043.jpg, /home/zubin/Desktop/Self-driving-car-simulation/Data/IMG/right_2019_03_01_18_35_15_043.jpg, 0, 1, 0, 30.19032
/home/zubin/Desktop/Self-driving-car-simulation/Data/IMG/center_2019_03_01_18_35_15_160.jpg, /home/zubin/Desktop/Self-driving-car-simulation/Data/IMG/left_2019_03_01_18_35_15_160.jpg, /home/zubin/Desktop/Self-driving-car-simulation/Data/IMG/right_2019_03_01_18_35_15_160.jpg, 0, 1, 0, 30.19035
/home/zubin/Desktop/Self-driving-car-simulation/Data/IMG/center_2019_03_01_18_35_15_276.jpg, /home/zubin/Desktop/Self-driving-car-simulation/Data/IMG/left_2019_03_01_18_35_15_276.jpg, /home/zubin/Desktop/Self-driving-car-simulation/Data/IMG/right_2019_03_01_18_35_15_276.jpg, 0, 1, 0, 30.1903
/home/zubin/Desktop/Self-driving-car-simulation/Data/IMG/center_2019_03_01_18_35_15_392.jpg, /home/zubin/Desktop/Self-driving-car-simulation/Data/IMG/left_2019_03_01_18_35_15_392.jpg, /home/zubin/Desktop/Self-driving-car-simulation/Data/IMG/right_2019_03_01_18_35_15_392.jpg, 0, 1, 0, 30.19028
/home/zubin/Desktop/Self-driving-car-simulation/Data/IMG/center_2019_03_01_18_35_15_492.jpg, /home/zubin/Desktop/Self-driving-car-simulation/Data/IMG/left_2019_03_01_18_35_15_492.jpg, /home/zubin/Desktop/Self-driving-car-simulation/Data/IMG/right_2019_03_01_18_35_15_492.jpg, 0, 1, 0, 30.19035
/home/zubin/Desktop/Self-driving-car-simulation/Data/IMG/center_2019_03_01_18_35_15_607.jpg, /home/zubin/Desktop/Self-driving-car-simulation/Data/IMG/left_2019_03_01_18_35_15_607.jpg, /home/zubin/Desktop/Self-driving-car-simulation/Data/IMG/right_2019_03_01_18_35_15_607.jpg, 0, 1, 0, 30.19027
/home/zubin/Desktop/Self-driving-car-simulation/Data/IMG/center_2019_03_01_18_35_15_708.jpg, /home/zubin/Desktop/Self-driving-car-simulation/Data/IMG/left_2019_03_01_18_35_15_708.jpg, /home/zubin/Desktop/Self-driving-car-simulation/Data/IMG/right_2019_03_01_18_35_15_708.jpg, 0, 1, 0, 30.19031
/home/zubin/Desktop/Self-driving-car-simulation/Data/IMG/center_2019_03_01_18_35_15_827.jpg, /home/zubin/Desktop/Self-driving-car-simulation/Data/IMG/left_2019_03_01_18_35_15_827.jpg, /home/zubin/Desktop/Self-driving-car-simulation/Data/IMG/right_2019_03_01_18_35_15_827.jpg, 0, 1, 0, 30.19029
/home/zubin/Desktop/Self-driving-car-simulation/Data/IMG/center_2019_03_01_18_35_15_942.jpg, /home/zubin/Desktop/Self-driving-car-simulation/Data/IMG/left_2019_03_01_18_35_15_942.jpg, /home/zubin/Desktop/Self-driving-car-simulation/Data/IMG/right_2019_03_01_18_35_15_942.jpg, 0, 1, 0, 30.19031
/home/zubin/Desktop/Self-driving-car-simulation/Data/IMG/center_2019_03_01_18_35_16_058.jpg, /home/zubin/Desktop/Self-driving-car-simulation/Data/IMG/left_2019_03_01_18_35_16_058.jpg, /home/zubin/Desktop/Self-driving-car-simulation/Data/IMG/right_2019_03_01_18_35_16_058.jpg, 0, 1, 0, 30.19033
/home/zubin/Desktop/Self-driving-car-simulation/Data/IMG/center_2019_03_01_18_35_16_159.jpg, /home/zubin/Desktop/Self-driving-car-simulation/Data/IMG/left_2019_03_01_18_35_16_159.jpg, /home/zubin/Desktop/Self-driving-car-simulation/Data/IMG/right_2019_03_01_18_35_16_159.jpg, 0, 1, 0, 30.19032
/home/zubin/Desktop/Self-driving-car-simulation/Data/IMG/center_2019_03_01_18_35_16_277.jpg, /home/zubin/Desktop/Self-driving-car-simulation/Data/IMG/left_2019_03_01_18_35_16_277.jpg, /home/zubin/Desktop/Self-driving-car-simulation/Data/IMG/right_2019_03_01_18_35_16_277.jpg, 0, 1, 0, 30.19028
/home/zubin/Desktop/Self-driving-car-simulation/Data/IMG/center_2019_03_01_18_35_16_390.jpg, /home/zubin/Desktop/Self-driving-car-simulation/Data/IMG/left_2019_03_01_18_35_16_390.jpg, /home/zubin/Desktop/Self-driving-car-simulation/Data/IMG/right_2019_03_01_18_35_16_390.jpg, 0, 1, 0, 30.19029
/home/zubin/Desktop/Self-driving-car-simulation/Data/IMG/center_2019_03_01_18_35_16_491.jpg, /home/zubin/Desktop/Self-driving-car-simulation/Data/IMG/left_2019_03_01_18_35_16_491.jpg, /home/zubin/Desktop/Self-driving-car-simulation/Data/IMG/right_2019_03_01_18_35_16_491.jpg, 0, 1, 0, 30.19027
/home/zubin/Desktop/Self-driving-car-simulation/Data/IMG/center_2019_03_01_18_35_16_592.jpg, /home/zubin/Desktop/Self-driving-car-simulation/Data/IMG/left_2019_03_01_18_35_16_592.jpg, /home/zubin/Desktop/Self-driving-car-simulation/Data/IMG/right_2019_03_01_18_35_16_592.jpg, -0.256254, 1, 0, 30.17378
/home/zubin/Desktop/Self-driving-car-simulation/Data/IMG/center_2019_03_01_18_35_16_710.jpg, /home/zubin/Desktop/Self-driving-car-simulation/Data/IMG/left_2019_03_01_18_35_16_710.jpg, /home/zubin/Desktop/Self-driving-car-simulation/Data/IMG/right_2019_03_01_18_35_16_710.jpg, 0, 1, 0, 30.18957
/home/zubin/Desktop/Self-driving-car-simulation/Data/IMG/center_2019_03_01_18_35_16_824.jpg, /home/zubin/Desktop/Self-driving-car-simulation/Data/IMG/left_2019_03_01_18_35_16_824.jpg, /home/zubin/Desktop/Self-driving-car-simulation/Data/IMG/right_2019_03_01_18_35_16_824.jpg, 0, 1, 0, 30.19017
/home/zubin/Desktop/Self-driving-car-simulation/Data/IMG/center_2019_03_01_18_35_16_940.jpg, /home/zubin/Desktop/Self-driving-car-simulation/Data/IMG/left_2019_03_01_18_35_16_940.jpg, /home/zubin/Desktop/Self-driving-car-simulation/Data/IMG/right_2019_03_01_18_35_16_940.jpg, 0, 1, 0, 30.19031
/home/zubin/Desktop/Self-driving-car-simulation/Data/IMG/center_2019_03_01_18_35_17_058.jpg, /home/zubin/Desktop/Self-driving-car-simulation/Data/IMG/left_2019_03_01_18_35_17_058.jpg, /home/zubin/Desktop/Self-driving-car-simulation/Data/IMG/right_2019_03_01_18_35_17_058.jpg, 0, 1, 0, 30.19028
/home/zubin/Desktop/Self-driving-car-simulation/Data/IMG/center_2019_03_01_18_35_17_174.jpg, /home/zubin/Desktop/Self-driving-car-simulation/Data/IMG/left_2019_03_01_18_35_17_174.jpg, /home/zubin/Desktop/Self-driving-car-simulation/Data/IMG/right_2019_03_01_18_35_17_174.jpg, -0.1010041, 1, 0, 30.1877
/home/zubin/Desktop/Self-driving-car-simulation/Data/IMG/center_2019_03_01_18_35_17_275.jpg, /home/zubin/Desktop/Self-driving-car-simulation/Data/IMG/left_2019_03_01_18_35_17_275.jpg, /home/zubin/Desktop/Self-driving-car-simulation/Data/IMG/right_2019_03_01_18_35_17_275.jpg, -0.1142099, 1, 0, 30.18966
/home/zubin/Desktop/Self-driving-car-simulation/Data/IMG/center_2019_03_01_18_35_17_376.jpg, /home/zubin/Desktop/Self-driving-car-simulation/Data/IMG/left_2019_03_01_18_35_17_376.jpg, /home/zubin/Desktop/Self-driving-car-simulation/Data/IMG/right_2019_03_01_18_35_17_376.jpg, 0, 1, 0, 30.18999
/home/zubin/Desktop/Self-driving-car-simulation/Data/IMG/center_2019_03_01_18_35_17_490.jpg, /home/zubin/Desktop/Self-driving-car-simulation/Data/IMG/left_2019_03_01_18_35_17_490.jpg, /home/zubin/Desktop/Self-driving-car-simulation/Data/IMG/right_2019_03_01_18_35_17_490.jpg, 0, 1, 0, 30.19027
/home/zubin/Desktop/Self-driving-car-simulation/Data/IMG/center_2019_03_01_18_35_17_606.jpg, /home/zubin/Desktop/Self-driving-car-simulation/Data/IMG/left_2019_03_01_18_35_17_606.jpg, /home/zubin/Desktop/Self-driving-car-simulation/Data/IMG/right_2019_03_01_18_35_17_606.jpg, -0.09212708, 1, 0, 30.1884
/home/zubin/Desktop/Self-driving-car-simulation/Data/IMG/center_2019_03_01_18_35_17_708.jpg, /home/zubin/Desktop/Self-driving-car-simulation/Data/IMG/left_2019_03_01_18_35_17_708.jpg, /home/zubin/Desktop/Self-driving-car-simulation/Data/IMG/right_2019_03_01_18_35_17_708.jpg, -0.1881781, 1, 0, 30.1855
/home/zubin/Desktop/Self-driving-car-simulation/Data/IMG/center_2019_03_01_18_35_17_825.jpg, /home/zubin/Desktop/Self-driving-car-simulation/Data/IMG/left_2019_03_01_18_35_17_825.jpg, /home/zubin/Desktop/Self-driving-car-simulation/Data/IMG/right_2019_03_01_18_35_17_825.jpg, 0, 1, 0, 30.18978
/home/zubin/Desktop/Self-driving-car-simulation/Data/IMG/center_2019_03_01_18_35_17_940.jpg, /home/zubin/Desktop/Self-driving-car-simulation/Data/IMG/left_2019_03_01_18_35_17_940.jpg, /home/zubin/Desktop/Self-driving-car-simulation/Data/IMG/right_2019_03_01_18_35_17_940.jpg, 0, 1, 0, 30.19025
/home/zubin/Desktop/Self-driving-car-simulation/Data/IMG/center_2019_03_01_18_35_18_041.jpg, /home/zubin/Desktop/Self-driving-car-simulation/Data/IMG/left_2019_03_01_18_35_18_041.jpg, /home/zubin/Desktop/Self-driving-car-simulation/Data/IMG/right_2019_03_01_18_35_18_041.jpg, -0.2025211, 1, 0, 30.18003
/home/zubin/Desktop/Self-driving-car-simulation/Data/IMG/center_2019_03_01_18_35_18_155.jpg, /home/zubin/Desktop/Self-driving-car-simulation/Data/IMG/left_2019_03_01_18_35_18_155.jpg, /home/zubin/Desktop/Self-driving-car-simulation/Data/IMG/right_2019_03_01_18_35_18_155.jpg, 0, 1, 0, 30.18997
/home/zubin/Desktop/Self-driving-car-simulation/Data/IMG/center_2019_03_01_18_35_18_273.jpg, /home/zubin/Desktop/Self-driving-car-simulation/Data/IMG/left_2019_03_01_18_35_18_273.jpg, /home/zubin/Desktop/Self-driving-car-simulation/Data/IMG/right_2019_03_01_18_35_18_273.jpg, 0, 1, 0, 30.19028
/home/zubin/Desktop/Self-driving-car-simulation/Data/IMG/center_2019_03_01_18_35_18_389.jpg, /home/zubin/Desktop/Self-driving-car-simulation/Data/IMG/left_2019_03_01_18_35_18_389.jpg, /home/zubin/Desktop/Self-driving-car-simulation/Data/IMG/right_2019_03_01_18_35_18_389.jpg, 0, 1, 0, 30.19027
/home/zubin/Desktop/Self-driving-car-simulation/Data/IMG/center_2019_03_01_18_35_18_489.jpg, /home/zubin/Desktop/Self-driving-car-simulation/Data/IMG/left_2019_03_01_18_35_18_489.jpg, /home/zubin/Desktop/Self-driving-car-simulation/Data/IMG/right_2019_03_01_18_35_18_489.jpg, 0, 1, 0, 30.19029
/home/zubin/Desktop/Self-driving-car-simulation/Data/IMG/center_2019_03_01_18_35_18_606.jpg, /home/zubin/Desktop/Self-driving-car-simulation/Data/IMG/left_2019_03_01_18_35_18_606.jpg, /home/zubin/Desktop/Self-driving-car-simulation/Data/IMG/right_2019_03_01_18_35_18_606.jpg, 0, 1, 0, 30.19026
/home/zubin/Desktop/Self-driving-car-simulation/Data/IMG/center_2019_03_01_18_35_18_720.jpg, /home/zubin/Desktop/Self-driving-car-simulation/Data/IMG/left_2019_03_01_18_35_18_720.jpg, /home/zubin/Desktop/Self-driving-car-simulation/Data/IMG/right_2019_03_01_18_35_18_720.jpg, 0, 1, 0, 30.19035
/home/zubin/Desktop/Self-driving-car-simulation/Data/IMG/center_2019_03_01_18_35_18_821.jpg, /home/zubin/Desktop/Self-driving-car-simulation/Data/IMG/left_2019_03_01_18_35_18_821.jpg, /home/zubin/Desktop/Self-driving-car-simulation/Data/IMG/right_2019_03_01_18_35_18_821.jpg, -0.1777861, 1, 0, 30.18148
/home/zubin/Desktop/Self-driving-car-simulation/Data/IMG/center_2019_03_01_18_35_18_922.jpg, /home/zubin/Desktop/Self-driving-car-simulation/Data/IMG/left_2019_03_01_18_35_18_922.jpg, /home/zubin/Desktop/Self-driving-car-simulation/Data/IMG/right_2019_03_01_18_35_18_922.jpg, -0.1693161, 1, 0, 30.18906
/home/zubin/Desktop/Self-driving-car-simulation/Data/IMG/center_2019_03_01_18_35_19_024.jpg, /home/zubin/Desktop/Self-driving-car-simulation/Data/IMG/left_2019_03_01_18_35_19_024.jpg, /home/zubin/Desktop/Self-driving-car-simulation/Data/IMG/right_2019_03_01_18_35_19_024.jpg, 0, 1, 0, 30.18937
/home/zubin/Desktop/Self-driving-car-simulation/Data/IMG/center_2019_03_01_18_35_19_138.jpg, /home/zubin/Desktop/Self-driving-car-simulation/Data/IMG/left_2019_03_01_18_35_19_138.jpg, /home/zubin/Desktop/Self-driving-car-simulation/Data/IMG/right_2019_03_01_18_35_19_138.jpg, 0, 1, 0, 30.19016
/home/zubin/Desktop/Self-driving-car-simulation/Data/IMG/center_2019_03_01_18_35_19_255.jpg, /home/zubin/Desktop/Self-driving-car-simulation/Data/IMG/left_2019_03_01_18_35_19_255.jpg, /home/zubin/Desktop/Self-driving-car-simulation/Data/IMG/right_2019_03_01_18_35_19_255.jpg, 0, 1, 0, 30.19028
/home/zubin/Desktop/Self-driving-car-simulation/Data/IMG/center_2019_03_01_18_35_19_372.jpg, /home/zubin/Desktop/Self-driving-car-simulation/Data/IMG/left_2019_03_01_18_35_19_372.jpg, /home/zubin/Desktop/Self-driving-car-simulation/Data/IMG/right_2019_03_01_18_35_19_372.jpg, -0.2201757, 1, 0, 30.1777
/home/zubin/Desktop/Self-driving-car-simulation/Data/IMG/center_2019_03_01_18_35_19_488.jpg, /home/zubin/Desktop/Self-driving-car-simulation/Data/IMG/left_2019_03_01_18_35_19_488.jpg, /home/zubin/Desktop/Self-driving-car-simulation/Data/IMG/right_2019_03_01_18_35_19_488.jpg, -0.05584502, 1, 0, 30.19111
/home/zubin/Desktop/Self-driving-car-simulation/Data/IMG/center_2019_03_01_18_35_19_603.jpg, /home/zubin/Desktop/Self-driving-car-simulation/Data/IMG/left_2019_03_01_18_35_19_603.jpg, /home/zubin/Desktop/Self-driving-car-simulation/Data/IMG/right_2019_03_01_18_35_19_603.jpg, 0, 1, 0, 30.19004
/home/zubin/Desktop/Self-driving-car-simulation/Data/IMG/center_2019_03_01_18_35_19_721.jpg, /home/zubin/Desktop/Self-driving-car-simulation/Data/IMG/left_2019_03_01_18_35_19_721.jpg, /home/zubin/Desktop/Self-driving-car-simulation/Data/IMG/right_2019_03_01_18_35_19_721.jpg, 0, 1, 0, 30.19029
/home/zubin/Desktop/Self-driving-car-simulation/Data/IMG/center_2019_03_01_18_35_19_838.jpg, /home/zubin/Desktop/Self-driving-car-simulation/Data/IMG/left_2019_03_01_18_35_19_838.jpg, /home/zubin/Desktop/Self-driving-car-simulation/Data/IMG/right_2019_03_01_18_35_19_838.jpg, 0, 1, 0, 30.1903
/home/zubin/Desktop/Self-driving-car-simulation/Data/IMG/center_2019_03_01_18_35_19_953.jpg, /home/zubin/Desktop/Self-driving-car-simulation/Data/IMG/left_2019_03_01_18_35_19_953.jpg, /home/zubin/Desktop/Self-driving-car-simulation/Data/IMG/right_2019_03_01_18_35_19_953.jpg, 0, 1, 0, 30.19033
/home/zubin/Desktop/Self-driving-car-simulation/Data/IMG/center_2019_03_01_18_35_20_069.jpg, /home/zubin/Desktop/Self-driving-car-simulation/Data/IMG/left_2019_03_01_18_35_20_069.jpg, /home/zubin/Desktop/Self-driving-car-simulation/Data/IMG/right_2019_03_01_18_35_20_069.jpg, 0, 1, 0, 30.19029
/home/zubin/Desktop/Self-driving-car-simulation/Data/IMG/center_2019_03_01_18_35_20_185.jpg, /home/zubin/Desktop/Self-driving-car-simulation/Data/IMG/left_2019_03_01_18_35_20_185.jpg, /home/zubin/Desktop/Self-driving-car-simulation/Data/IMG/right_2019_03_01_18_35_20_185.jpg, 0, 1, 0, 30.19031
/home/zubin/Desktop/Self-driving-car-simulation/Data/IMG/center_2019_03_01_18_35_20_287.jpg, /home/zubin/Desktop/Self-driving-car-simulation/Data/IMG/left_2019_03_01_18_35_20_287.jpg, /home/zubin/Desktop/Self-driving-car-simulation/Data/IMG/right_2019_03_01_18_35_20_287.jpg, 0, 1, 0, 30.19031
/home/zubin/Desktop/Self-driving-car-simulation/Data/IMG/center_2019_03_01_18_35_20_404.jpg, /home/zubin/Desktop/Self-driving-car-simulation/Data/IMG/left_2019_03_01_18_35_20_404.jpg, /home/zubin/Desktop/Self-driving-car-simulation/Data/IMG/right_2019_03_01_18_35_20_404.jpg, 0, 1, 0, 30.1903
/home/zubin/Desktop/Self-driving-car-simulation/Data/IMG/center_2019_03_01_18_35_20_520.jpg, /home/zubin/Desktop/Self-driving-car-simulation/Data/IMG/left_2019_03_01_18_35_20_520.jpg, /home/zubin/Desktop/Self-driving-car-simulation/Data/IMG/right_2019_03_01_18_35_20_520.jpg, -0.2196028, 1, 0, 30.1776
/home/zubin/Desktop/Self-driving-car-simulation/Data/IMG/center_2019_03_01_18_35_20_638.jpg, /home/zubin/Desktop/Self-driving-car-simulation/Data/IMG/left_2019_03_01_18_35_20_638.jpg, /home/zubin/Desktop/Self-driving-car-simulation/Data/IMG/right_2019_03_01_18_35_20_638.jpg, 0, 1, 0, 30.19014
/home/zubin/Desktop/Self-driving-car-simulation/Data/IMG/center_2019_03_01_18_35_20_751.jpg, /home/zubin/Desktop/Self-driving-car-simulation/Data/IMG/left_2019_03_01_18_35_20_751.jpg, /home/zubin/Desktop/Self-driving-car-simulation/Data/IMG/right_2019_03_01_18_35_20_751.jpg, 0, 1, 0, 30.19019
/home/zubin/Desktop/Self-driving-car-simulation/Data/IMG/center_2019_03_01_18_35_20_870.jpg, /home/zubin/Desktop/Self-driving-car-simulation/Data/IMG/left_2019_03_01_18_35_20_870.jpg, /home/zubin/Desktop/Self-driving-car-simulation/Data/IMG/right_2019_03_01_18_35_20_870.jpg, 0, 1, 0, 30.19072
/home/zubin/Desktop/Self-driving-car-simulation/Data/IMG/center_2019_03_01_18_35_20_984.jpg, /home/zubin/Desktop/Self-driving-car-simulation/Data/IMG/left_2019_03_01_18_35_20_984.jpg, /home/zubin/Desktop/Self-driving-car-simulation/Data/IMG/right_2019_03_01_18_35_20_984.jpg, 0, 1, 0, 30.19029
/home/zubin/Desktop/Self-driving-car-simulation/Data/IMG/center_2019_03_01_18_35_21_086.jpg, /home/zubin/Desktop/Self-driving-car-simulation/Data/IMG/left_2019_03_01_18_35_21_086.jpg, /home/zubin/Desktop/Self-driving-car-simulation/Data/IMG/right_2019_03_01_18_35_21_086.jpg, 0, 1, 0, 30.19029
/home/zubin/Desktop/Self-driving-car-simulation/Data/IMG/center_2019_03_01_18_35_21_202.jpg, /home/zubin/Desktop/Self-driving-car-simulation/Data/IMG/left_2019_03_01_18_35_21_202.jpg, /home/zubin/Desktop/Self-driving-car-simulation/Data/IMG/right_2019_03_01_18_35_21_202.jpg, 0, 1, 0, 30.19028
/home/zubin/Desktop/Self-driving-car-simulation/Data/IMG/center_2019_03_01_18_35_21_303.jpg, /home/zubin/Desktop/Self-driving-car-simulation/Data/IMG/left_2019_03_01_18_35_21_303.jpg, /home/zubin/Desktop/Self-driving-car-simulation/Data/IMG/right_2019_03_01_18_35_21_303.jpg, -0.3021026, 1, 0, 30.16821
/home/zubin/Desktop/Self-driving-car-simulation/Data/IMG/center_2019_03_01_18_35_21_419.jpg, /home/zubin/Desktop/Self-driving-car-simulation/Data/IMG/left_2019_03_01_18_35_21_419.jpg, /home/zubin/Desktop/Self-driving-car-simulation/Data/IMG/right_2019_03_01_18_35_21_419.jpg, -0.3435237, 1, 0, 30.18073
/home/zubin/Desktop/Self-driving-car-simulation/Data/IMG/center_2019_03_01_18_35_21_534.jpg, /home/zubin/Desktop/Self-driving-car-simulation/Data/IMG/left_2019_03_01_18_35_21_534.jpg, /home/zubin/Desktop/Self-driving-car-simulation/Data/IMG/right_2019_03_01_18_35_21_534.jpg, 0, 1, 0, 30.18674
/home/zubin/Desktop/Self-driving-car-simulation/Data/IMG/center_2019_03_01_18_35_21_653.jpg, /home/zubin/Desktop/Self-driving-car-simulation/Data/IMG/left_2019_03_01_18_35_21_653.jpg, /home/zubin/Desktop/Self-driving-car-simulation/Data/IMG/right_2019_03_01_18_35_21_653.jpg, 0, 1, 0, 30.18974
/home/zubin/Desktop/Self-driving-car-simulation/Data/IMG/center_2019_03_01_18_35_21_768.jpg, /home/zubin/Desktop/Self-driving-car-simulation/Data/IMG/left_2019_03_01_18_35_21_768.jpg, /home/zubin/Desktop/Self-driving-car-simulation/Data/IMG/right_2019_03_01_18_35_21_768.jpg, 0, 1, 0, 30.19021
/home/zubin/Desktop/Self-driving-car-simulation/Data/IMG/center_2019_03_01_18_35_21_883.jpg, /home/zubin/Desktop/Self-driving-car-simulation/Data/IMG/left_2019_03_01_18_35_21_883.jpg, /home/zubin/Desktop/Self-driving-car-simulation/Data/IMG/right_2019_03_01_18_35_21_883.jpg, 0, 1, 0, 30.1903
/home/zubin/Desktop/Self-driving-car-simulation/Data/IMG/center_2019_03_01_18_35_21_986.jpg, /home/zubin/Desktop/Self-driving-car-simulation/Data/IMG/left_2019_03_01_18_35_21_986.jpg, /home/zubin/Desktop/Self-driving-car-simulation/Data/IMG/right_2019_03_01_18_35_21_986.jpg, 0, 1, 0, 30.19041
/home/zubin/Desktop/Self-driving-car-simulation/Data/IMG/center_2019_03_01_18_35_22_099.jpg, /home/zubin/Desktop/Self-driving-car-simulation/Data/IMG/left_2019_03_01_18_35_22_099.jpg, /home/zubin/Desktop/Self-driving-car-simulation/Data/IMG/right_2019_03_01_18_35_22_099.jpg, 0, 1, 0, 30.19041
/home/zubin/Desktop/Self-driving-car-simulation/Data/IMG/center_2019_03_01_18_35_22_202.jpg, /home/zubin/Desktop/Self-driving-car-simulation/Data/IMG/left_2019_03_01_18_35_22_202.jpg, /home/zubin/Desktop/Self-driving-car-simulation/Data/IMG/right_2019_03_01_18_35_22_202.jpg, 0, 1, 0, 30.19036
/home/zubin/Desktop/Self-driving-car-simulation/Data/IMG/center_2019_03_01_18_35_22_318.jpg, /home/zubin/Desktop/Self-driving-car-simulation/Data/IMG/left_2019_03_01_18_35_22_318.jpg, /home/zubin/Desktop/Self-driving-car-simulation/Data/IMG/right_2019_03_01_18_35_22_318.jpg, 0, 1, 0, 30.19045
/home/zubin/Desktop/Self-driving-car-simulation/Data/IMG/center_2019_03_01_18_35_22_432.jpg, /home/zubin/Desktop/Self-driving-car-simulation/Data/IMG/left_2019_03_01_18_35_22_432.jpg, /home/zubin/Desktop/Self-driving-car-simulation/Data/IMG/right_2019_03_01_18_35_22_432.jpg, 0, 1, 0, 30.19062
/home/zubin/Desktop/Self-driving-car-simulation/Data/IMG/center_2019_03_01_18_35_22_549.jpg, /home/zubin/Desktop/Self-driving-car-simulation/Data/IMG/left_2019_03_01_18_35_22_549.jpg, /home/zubin/Desktop/Self-driving-car-simulation/Data/IMG/right_2019_03_01_18_35_22_549.jpg, -0.349509, 1, 0, 30.16183
/home/zubin/Desktop/Self-driving-car-simulation/Data/IMG/center_2019_03_01_18_35_22_665.jpg, /home/zubin/Desktop/Self-driving-car-simulation/Data/IMG/left_2019_03_01_18_35_22_665.jpg, /home/zubin/Desktop/Self-driving-car-simulation/Data/IMG/right_2019_03_01_18_35_22_665.jpg, -0.0009455681, 1, 0, 30.18984
/home/zubin/Desktop/Self-driving-car-simulation/Data/IMG/center_2019_03_01_18_35_22_767.jpg, /home/zubin/Desktop/Self-driving-car-simulation/Data/IMG/left_2019_03_01_18_35_22_767.jpg, /home/zubin/Desktop/Self-driving-car-simulation/Data/IMG/right_2019_03_01_18_35_22_767.jpg, 0, 1, 0, 30.19002
/home/zubin/Desktop/Self-driving-car-simulation/Data/IMG/center_2019_03_01_18_35_22_884.jpg, /home/zubin/Desktop/Self-driving-car-simulation/Data/IMG/left_2019_03_01_18_35_22_884.jpg, /home/zubin/Desktop/Self-driving-car-simulation/Data/IMG/right_2019_03_01_18_35_22_884.jpg, 0, 1, 0, 30.19024
/home/zubin/Desktop/Self-driving-car-simulation/Data/IMG/center_2019_03_01_18_35_22_997.jpg, /home/zubin/Desktop/Self-driving-car-simulation/Data/IMG/left_2019_03_01_18_35_22_997.jpg, /home/zubin/Desktop/Self-driving-car-simulation/Data/IMG/right_2019_03_01_18_35_22_997.jpg, 0, 1, 0, 30.19031
/home/zubin/Desktop/Self-driving-car-simulation/Data/IMG/center_2019_03_01_18_35_23_099.jpg, /home/zubin/Desktop/Self-driving-car-simulation/Data/IMG/left_2019_03_01_18_35_23_099.jpg, /home/zubin/Desktop/Self-driving-car-simulation/Data/IMG/right_2019_03_01_18_35_23_099.jpg, 0, 1, 0, 30.19031
/home/zubin/Desktop/Self-driving-car-simulation/Data/IMG/center_2019_03_01_18_35_23_216.jpg, /home/zubin/Desktop/Self-driving-car-simulation/Data/IMG/left_2019_03_01_18_35_23_216.jpg, /home/zubin/Desktop/Self-driving-car-simulation/Data/IMG/right_2019_03_01_18_35_23_216.jpg, -0.3490348, 1, 0, 30.16253
/home/zubin/Desktop/Self-driving-car-simulation/Data/IMG/center_2019_03_01_18_35_23_331.jpg, /home/zubin/Desktop/Self-driving-car-simulation/Data/IMG/left_2019_03_01_18_35_23_331.jpg, /home/zubin/Desktop/Self-driving-car-simulation/Data/IMG/right_2019_03_01_18_35_23_331.jpg, -0.4388845, 1, 0, 30.16908
/home/zubin/Desktop/Self-driving-car-simulation/Data/IMG/center_2019_03_01_18_35_23_431.jpg, /home/zubin/Desktop/Self-driving-car-simulation/Data/IMG/left_2019_03_01_18_35_23_431.jpg, /home/zubin/Desktop/Self-driving-car-simulation/Data/IMG/right_2019_03_01_18_35_23_431.jpg, -0.1393526, 1, 0, 30.19327
/home/zubin/Desktop/Self-driving-car-simulation/Data/IMG/center_2019_03_01_18_35_23_534.jpg, /home/zubin/Desktop/Self-driving-car-simulation/Data/IMG/left_2019_03_01_18_35_23_534.jpg, /home/zubin/Desktop/Self-driving-car-simulation/Data/IMG/right_2019_03_01_18_35_23_534.jpg, 0, 1, 0, 30.1888
/home/zubin/Desktop/Self-driving-car-simulation/Data/IMG/center_2019_03_01_18_35_23_648.jpg, /home/zubin/Desktop/Self-driving-car-simulation/Data/IMG/left_2019_03_01_18_35_23_648.jpg, /home/zubin/Desktop/Self-driving-car-simulation/Data/IMG/right_2019_03_01_18_35_23_648.jpg, 0, 1, 0, 30.18996
/home/zubin/Desktop/Self-driving-car-simulation/Data/IMG/center_2019_03_01_18_35_23_748.jpg, /home/zubin/Desktop/Self-driving-car-simulation/Data/IMG/left_2019_03_01_18_35_23_748.jpg, /home/zubin/Desktop/Self-driving-car-simulation/Data/IMG/right_2019_03_01_18_35_23_748.jpg, 0, 1, 0, 30.18995
/home/zubin/Desktop/Self-driving-car-simulation/Data/IMG/center_2019_03_01_18_35_23_850.jpg, /home/zubin/Desktop/Self-driving-car-simulation/Data/IMG/left_2019_03_01_18_35_23_850.jpg, /home/zubin/Desktop/Self-driving-car-simulation/Data/IMG/right_2019_03_01_18_35_23_850.jpg, 0, 1, 0, 30.19002
/home/zubin/Desktop/Self-driving-car-simulation/Data/IMG/center_2019_03_01_18_35_23_965.jpg, /home/zubin/Desktop/Self-driving-car-simulation/Data/IMG/left_2019_03_01_18_35_23_965.jpg, /home/zubin/Desktop/Self-driving-car-simulation/Data/IMG/right_2019_03_01_18_35_23_965.jpg, 0, 1, 0, 30.19071
/home/zubin/Desktop/Self-driving-car-simulation/Data/IMG/center_2019_03_01_18_35_24_066.jpg, /home/zubin/Desktop/Self-driving-car-simulation/Data/IMG/left_2019_03_01_18_35_24_066.jpg, /home/zubin/Desktop/Self-driving-car-simulation/Data/IMG/right_2019_03_01_18_35_24_066.jpg, -0.1773992, 1, 0, 30.18078
/home/zubin/Desktop/Self-driving-car-simulation/Data/IMG/center_2019_03_01_18_35_24_182.jpg, /home/zubin/Desktop/Self-driving-car-simulation/Data/IMG/left_2019_03_01_18_35_24_182.jpg, /home/zubin/Desktop/Self-driving-car-simulation/Data/IMG/right_2019_03_01_18_35_24_182.jpg, -0.09170008, 1, 0, 30.19099
/home/zubin/Desktop/Self-driving-car-simulation/Data/IMG/center_2019_03_01_18_35_24_283.jpg, /home/zubin/Desktop/Self-driving-car-simulation/Data/IMG/left_2019_03_01_18_35_24_283.jpg, /home/zubin/Desktop/Self-driving-car-simulation/Data/IMG/right_2019_03_01_18_35_24_283.jpg, 0, 1, 0, 30.18999
/home/zubin/Desktop/Self-driving-car-simulation/Data/IMG/center_2019_03_01_18_35_24_399.jpg, /home/zubin/Desktop/Self-driving-car-simulation/Data/IMG/left_2019_03_01_18_35_24_399.jpg, /home/zubin/Desktop/Self-driving-car-simulation/Data/IMG/right_2019_03_01_18_35_24_399.jpg, 0, 1, 0, 30.19027
/home/zubin/Desktop/Self-driving-car-simulation/Data/IMG/center_2019_03_01_18_35_24_513.jpg, /home/zubin/Desktop/Self-driving-car-simulation/Data/IMG/left_2019_03_01_18_35_24_513.jpg, /home/zubin/Desktop/Self-driving-car-simulation/Data/IMG/right_2019_03_01_18_35_24_513.jpg, 0, 1, 0, 30.19026
/home/zubin/Desktop/Self-driving-car-simulation/Data/IMG/center_2019_03_01_18_35_24_615.jpg, /home/zubin/Desktop/Self-driving-car-simulation/Data/IMG/left_2019_03_01_18_35_24_615.jpg, /home/zubin/Desktop/Self-driving-car-simulation/Data/IMG/right_2019_03_01_18_35_24_615.jpg, -0.0516479, 1, 0, 30.19093
/home/zubin/Desktop/Self-driving-car-simulation/Data/IMG/center_2019_03_01_18_35_24_729.jpg, /home/zubin/Desktop/Self-driving-car-simulation/Data/IMG/left_2019_03_01_18_35_24_729.jpg, /home/zubin/Desktop/Self-driving-car-simulation/Data/IMG/right_2019_03_01_18_35_24_729.jpg, -0.3510597, 1, 0, 30.16168
/home/zubin/Desktop/Self-driving-car-simulation/Data/IMG/center_2019_03_01_18_35_24_830.jpg, /home/zubin/Desktop/Self-driving-car-simulation/Data/IMG/left_2019_03_01_18_35_24_830.jpg, /home/zubin/Desktop/Self-driving-car-simulation/Data/IMG/right_2019_03_01_18_35_24_830.jpg, -0.5331509, 1, 0, 30.14503
/home/zubin/Desktop/Self-driving-car-simulation/Data/IMG/center_2019_03_01_18_35_24_947.jpg, /home/zubin/Desktop/Self-driving-car-simulation/Data/IMG/left_2019_03_01_18_35_24_947.jpg, /home/zubin/Desktop/Self-driving-car-simulation/Data/IMG/right_2019_03_01_18_35_24_947.jpg, -0.1371145, 1, 0, 30.19403
/home/zubin/Desktop/Self-driving-car-simulation/Data/IMG/center_2019_03_01_18_35_25_047.jpg, /home/zubin/Desktop/Self-driving-car-simulation/Data/IMG/left_2019_03_01_18_35_25_047.jpg, /home/zubin/Desktop/Self-driving-car-simulation/Data/IMG/right_2019_03_01_18_35_25_047.jpg, 0, 1, 0, 30.18826
/home/zubin/Desktop/Self-driving-car-simulation/Data/IMG/center_2019_03_01_18_35_25_163.jpg, /home/zubin/Desktop/Self-driving-car-simulation/Data/IMG/left_2019_03_01_18_35_25_163.jpg, /home/zubin/Desktop/Self-driving-car-simulation/Data/IMG/right_2019_03_01_18_35_25_163.jpg, 0, 1, 0, 30.18986
/home/zubin/Desktop/Self-driving-car-simulation/Data/IMG/center_2019_03_01_18_35_25_279.jpg, /home/zubin/Desktop/Self-driving-car-simulation/Data/IMG/left_2019_03_01_18_35_25_279.jpg, /home/zubin/Desktop/Self-driving-car-simulation/Data/IMG/right_2019_03_01_18_35_25_279.jpg, 0, 1, 0, 30.19101
/home/zubin/Desktop/Self-driving-car-simulation/Data/IMG/center_2019_03_01_18_35_25_380.jpg, /home/zubin/Desktop/Self-driving-car-simulation/Data/IMG/left_2019_03_01_18_35_25_380.jpg, /home/zubin/Desktop/Self-driving-car-simulation/Data/IMG/right_2019_03_01_18_35_25_380.jpg, -0.0986073, 1, 0, 30.18797
/home/zubin/Desktop/Self-driving-car-simulation/Data/IMG/center_2019_03_01_18_35_25_496.jpg, /home/zubin/Desktop/Self-driving-car-simulation/Data/IMG/left_2019_03_01_18_35_25_496.jpg, /home/zubin/Desktop/Self-driving-car-simulation/Data/IMG/right_2019_03_01_18_35_25_496.jpg, -0.06286454, 1, 0, 30.19184
/home/zubin/Desktop/Self-driving-car-simulation/Data/IMG/center_2019_03_01_18_35_25_614.jpg, /home/zubin/Desktop/Self-driving-car-simulation/Data/IMG/left_2019_03_01_18_35_25_614.jpg, /home/zubin/Desktop/Self-driving-car-simulation/Data/IMG/right_2019_03_01_18_35_25_614.jpg, 0, 1, 0, 30.19022
/home/zubin/Desktop/Self-driving-car-simulation/Data/IMG/center_2019_03_01_18_35_25_727.jpg, /home/zubin/Desktop/Self-driving-car-simulation/Data/IMG/left_2019_03_01_18_35_25_727.jpg, /home/zubin/Desktop/Self-driving-car-simulation/Data/IMG/right_2019_03_01_18_35_25_727.jpg, 0, 1, 0, 30.19022
/home/zubin/Desktop/Self-driving-car-simulation/Data/IMG/center_2019_03_01_18_35_25_829.jpg, /home/zubin/Desktop/Self-driving-car-simulation/Data/IMG/left_2019_03_01_18_35_25_829.jpg, /home/zubin/Desktop/Self-driving-car-simulation/Data/IMG/right_2019_03_01_18_35_25_829.jpg, 0, 1, 0, 30.19022
/home/zubin/Desktop/Self-driving-car-simulation/Data/IMG/center_2019_03_01_18_35_25_930.jpg, /home/zubin/Desktop/Self-driving-car-simulation/Data/IMG/left_2019_03_01_18_35_25_930.jpg, /home/zubin/Desktop/Self-driving-car-simulation/Data/IMG/right_2019_03_01_18_35_25_930.jpg, -0.1829131, 1, 0, 30.18131
/home/zubin/Desktop/Self-driving-car-simulation/Data/IMG/center_2019_03_01_18_35_26_046.jpg, /home/zubin/Desktop/Self-driving-car-simulation/Data/IMG/left_2019_03_01_18_35_26_046.jpg, /home/zubin/Desktop/Self-driving-car-simulation/Data/IMG/right_2019_03_01_18_35_26_046.jpg, -0.2245202, 1, 0, 30.18633
/home/zubin/Desktop/Self-driving-car-simulation/Data/IMG/center_2019_03_01_18_35_26_164.jpg, /home/zubin/Desktop/Self-driving-car-simulation/Data/IMG/left_2019_03_01_18_35_26_164.jpg, /home/zubin/Desktop/Self-driving-car-simulation/Data/IMG/right_2019_03_01_18_35_26_164.jpg, 0, 1, 0, 30.19017
/home/zubin/Desktop/Self-driving-car-simulation/Data/IMG/center_2019_03_01_18_35_26_264.jpg, /home/zubin/Desktop/Self-driving-car-simulation/Data/IMG/left_2019_03_01_18_35_26_264.jpg, /home/zubin/Desktop/Self-driving-car-simulation/Data/IMG/right_2019_03_01_18_35_26_264.jpg, 0, 1, 0, 30.19033
/home/zubin/Desktop/Self-driving-car-simulation/Data/IMG/center_2019_03_01_18_35_26_380.jpg, /home/zubin/Desktop/Self-driving-car-simulation/Data/IMG/left_2019_03_01_18_35_26_380.jpg, /home/zubin/Desktop/Self-driving-car-simulation/Data/IMG/right_2019_03_01_18_35_26_380.jpg, 0, 1, 0, 30.19033
/home/zubin/Desktop/Self-driving-car-simulation/Data/IMG/center_2019_03_01_18_35_26_495.jpg, /home/zubin/Desktop/Self-driving-car-simulation/Data/IMG/left_2019_03_01_18_35_26_495.jpg, /home/zubin/Desktop/Self-driving-car-simulation/Data/IMG/right_2019_03_01_18_35_26_495.jpg, 0, 1, 0, 30.19035
/home/zubin/Desktop/Self-driving-car-simulation/Data/IMG/center_2019_03_01_18_35_26_610.jpg, /home/zubin/Desktop/Self-driving-car-simulation/Data/IMG/left_2019_03_01_18_35_26_610.jpg, /home/zubin/Desktop/Self-driving-car-simulation/Data/IMG/right_2019_03_01_18_35_26_610.jpg, -0.1007309, 1, 0, 30.1879
/home/zubin/Desktop/Self-driving-car-simulation/Data/IMG/center_2019_03_01_18_35_26_711.jpg, /home/zubin/Desktop/Self-driving-car-simulation/Data/IMG/left_2019_03_01_18_35_26_711.jpg, /home/zubin/Desktop/Self-driving-car-simulation/Data/IMG/right_2019_03_01_18_35_26_711.jpg, -0.2977195, 1, 0, 30.17198
/home/zubin/Desktop/Self-driving-car-simulation/Data/IMG/center_2019_03_01_18_35_26_812.jpg, /home/zubin/Desktop/Self-driving-car-simulation/Data/IMG/left_2019_03_01_18_35_26_812.jpg, /home/zubin/Desktop/Self-driving-car-simulation/Data/IMG/right_2019_03_01_18_35_26_812.jpg, -0.0001430511, 1, 0, 30.19025
/home/zubin/Desktop/Self-driving-car-simulation/Data/IMG/center_2019_03_01_18_35_26_913.jpg, /home/zubin/Desktop/Self-driving-car-simulation/Data/IMG/left_2019_03_01_18_35_26_913.jpg, /home/zubin/Desktop/Self-driving-car-simulation/Data/IMG/right_2019_03_01_18_35_26_913.jpg, 0, 1, 0, 30.19057
/home/zubin/Desktop/Self-driving-car-simulation/Data/IMG/center_2019_03_01_18_35_27_028.jpg, /home/zubin/Desktop/Self-driving-car-simulation/Data/IMG/left_2019_03_01_18_35_27_028.jpg, /home/zubin/Desktop/Self-driving-car-simulation/Data/IMG/right_2019_03_01_18_35_27_028.jpg, 0, 1, 0, 30.19033
/home/zubin/Desktop/Self-driving-car-simulation/Data/IMG/center_2019_03_01_18_35_27_128.jpg, /home/zubin/Desktop/Self-driving-car-simulation/Data/IMG/left_2019_03_01_18_35_27_128.jpg, /home/zubin/Desktop/Self-driving-car-simulation/Data/IMG/right_2019_03_01_18_35_27_128.jpg, -0.09817815, 1, 0, 30.18873
/home/zubin/Desktop/Self-driving-car-simulation/Data/IMG/center_2019_03_01_18_35_27_231.jpg, /home/zubin/Desktop/Self-driving-car-simulation/Data/IMG/left_2019_03_01_18_35_27_231.jpg, /home/zubin/Desktop/Self-driving-car-simulation/Data/IMG/right_2019_03_01_18_35_27_231.jpg, -0.4061523, 1, 0, 30.15523
/home/zubin/Desktop/Self-driving-car-simulation/Data/IMG/center_2019_03_01_18_35_27_345.jpg, /home/zubin/Desktop/Self-driving-car-simulation/Data/IMG/left_2019_03_01_18_35_27_345.jpg, /home/zubin/Desktop/Self-driving-car-simulation/Data/IMG/right_2019_03_01_18_35_27_345.jpg, -0.3218379, 1, 0, 30.18813
/home/zubin/Desktop/Self-driving-car-simulation/Data/IMG/center_2019_03_01_18_35_27_447.jpg, /home/zubin/Desktop/Self-driving-car-simulation/Data/IMG/left_2019_03_01_18_35_27_447.jpg, /home/zubin/Desktop/Self-driving-car-simulation/Data/IMG/right_2019_03_01_18_35_27_447.jpg, -0.01705885, 1, 0, 30.18626
/home/zubin/Desktop/Self-driving-car-simulation/Data/IMG/center_2019_03_01_18_35_27_562.jpg, /home/zubin/Desktop/Self-driving-car-simulation/Data/IMG/left_2019_03_01_18_35_27_562.jpg, /home/zubin/Desktop/Self-driving-car-simulation/Data/IMG/right_2019_03_01_18_35_27_562.jpg, 0, 1, 0, 30.18984
/home/zubin/Desktop/Self-driving-car-simulation/Data/IMG/center_2019_03_01_18_35_27_663.jpg, /home/zubin/Desktop/Self-driving-car-simulation/Data/IMG/left_2019_03_01_18_35_27_663.jpg, /home/zubin/Desktop/Self-driving-car-simulation/Data/IMG/right_2019_03_01_18_35_27_663.jpg, 0, 1, 0, 30.19029
/home/zubin/Desktop/Self-driving-car-simulation/Data/IMG/center_2019_03_01_18_35_27_777.jpg, /home/zubin/Desktop/Self-driving-car-simulation/Data/IMG/left_2019_03_01_18_35_27_777.jpg, /home/zubin/Desktop/Self-driving-car-simulation/Data/IMG/right_2019_03_01_18_35_27_777.jpg, 0, 1, 0, 30.19028
/home/zubin/Desktop/Self-driving-car-simulation/Data/IMG/center_2019_03_01_18_35_27_880.jpg, /home/zubin/Desktop/Self-driving-car-simulation/Data/IMG/left_2019_03_01_18_35_27_880.jpg, /home/zubin/Desktop/Self-driving-car-simulation/Data/IMG/right_2019_03_01_18_35_27_880.jpg, 0, 1, 0, 30.19013
/home/zubin/Desktop/Self-driving-car-simulation/Data/IMG/center_2019_03_01_18_35_27_997.jpg, /home/zubin/Desktop/Self-driving-car-simulation/Data/IMG/left_2019_03_01_18_35_27_997.jpg, /home/zubin/Desktop/Self-driving-car-simulation/Data/IMG/right_2019_03_01_18_35_27_997.jpg, -0.1609855, 1, 0, 30.18359
/home/zubin/Desktop/Self-driving-car-simulation/Data/IMG/center_2019_03_01_18_35_28_112.jpg, /home/zubin/Desktop/Self-driving-car-simulation/Data/IMG/left_2019_03_01_18_35_28_112.jpg, /home/zubin/Desktop/Self-driving-car-simulation/Data/IMG/right_2019_03_01_18_35_28_112.jpg, -0.3581908, 1, 0, 30.16433
/home/zubin/Desktop/Self-driving-car-simulation/Data/IMG/center_2019_03_01_18_35_28_213.jpg, /home/zubin/Desktop/Self-driving-car-simulation/Data/IMG/left_2019_03_01_18_35_28_213.jpg, /home/zubin/Desktop/Self-driving-car-simulation/Data/IMG/right_2019_03_01_18_35_28_213.jpg, -0.05885983, 1, 0, 30.19081
/home/zubin/Desktop/Self-driving-car-simulation/Data/IMG/center_2019_03_01_18_35_28_330.jpg, /home/zubin/Desktop/Self-driving-car-simulation/Data/IMG/left_2019_03_01_18_35_28_330.jpg, /home/zubin/Desktop/Self-driving-car-simulation/Data/IMG/right_2019_03_01_18_35_28_330.jpg, 0, 1, 0, 30.18968
/home/zubin/Desktop/Self-driving-car-simulation/Data/IMG/center_2019_03_01_18_35_28_445.jpg, /home/zubin/Desktop/Self-driving-car-simulation/Data/IMG/left_2019_03_01_18_35_28_445.jpg, /home/zubin/Desktop/Self-driving-car-simulation/Data/IMG/right_2019_03_01_18_35_28_445.jpg, 0, 1, 0, 30.19001
/home/zubin/Desktop/Self-driving-car-simulation/Data/IMG/center_2019_03_01_18_35_28_564.jpg, /home/zubin/Desktop/Self-driving-car-simulation/Data/IMG/left_2019_03_01_18_35_28_564.jpg, /home/zubin/Desktop/Self-driving-car-simulation/Data/IMG/right_2019_03_01_18_35_28_564.jpg, 0, 1, 0, 30.19003
/home/zubin/Desktop/Self-driving-car-simulation/Data/IMG/center_2019_03_01_18_35_28_679.jpg, /home/zubin/Desktop/Self-driving-car-simulation/Data/IMG/left_2019_03_01_18_35_28_679.jpg, /home/zubin/Desktop/Self-driving-car-simulation/Data/IMG/right_2019_03_01_18_35_28_679.jpg, 0, 1, 0, 30.19033
/home/zubin/Desktop/Self-driving-car-simulation/Data/IMG/center_2019_03_01_18_35_28_781.jpg, /home/zubin/Desktop/Self-driving-car-simulation/Data/IMG/left_2019_03_01_18_35_28_781.jpg, /home/zubin/Desktop/Self-driving-car-simulation/Data/IMG/right_2019_03_01_18_35_28_781.jpg, -0.1848421, 1, 0, 30.1807
/home/zubin/Desktop/Self-driving-car-simulation/Data/IMG/center_2019_03_01_18_35_28_894.jpg, /home/zubin/Desktop/Self-driving-car-simulation/Data/IMG/left_2019_03_01_18_35_28_894.jpg, /home/zubin/Desktop/Self-driving-car-simulation/Data/IMG/right_2019_03_01_18_35_28_894.jpg, -0.01662254, 1, 0, 30.19052
/home/zubin/Desktop/Self-driving-car-simulation/Data/IMG/center_2019_03_01_18_35_28_994.jpg, /home/zubin/Desktop/Self-driving-car-simulation/Data/IMG/left_2019_03_01_18_35_28_994.jpg, /home/zubin/Desktop/Self-driving-car-simulation/Data/IMG/right_2019_03_01_18_35_28_994.jpg, 0, 1, 0, 30.18999
/home/zubin/Desktop/Self-driving-car-simulation/Data/IMG/center_2019_03_01_18_35_29_095.jpg, /home/zubin/Desktop/Self-driving-car-simulation/Data/IMG/left_2019_03_01_18_35_29_095.jpg, /home/zubin/Desktop/Self-driving-car-simulation/Data/IMG/right_2019_03_01_18_35_29_095.jpg, 0, 1, 0, 30.1901
/home/zubin/Desktop/Self-driving-car-simulation/Data/IMG/center_2019_03_01_18_35_29_211.jpg, /home/zubin/Desktop/Self-driving-car-simulation/Data/IMG/left_2019_03_01_18_35_29_211.jpg, /home/zubin/Desktop/Self-driving-car-simulation/Data/IMG/right_2019_03_01_18_35_29_211.jpg, 0, 1, 0, 30.19016
/home/zubin/Desktop/Self-driving-car-simulation/Data/IMG/center_2019_03_01_18_35_29_313.jpg, /home/zubin/Desktop/Self-driving-car-simulation/Data/IMG/left_2019_03_01_18_35_29_313.jpg, /home/zubin/Desktop/Self-driving-car-simulation/Data/IMG/right_2019_03_01_18_35_29_313.jpg, 0, 1, 0, 30.19013
/home/zubin/Desktop/Self-driving-car-simulation/Data/IMG/center_2019_03_01_18_35_29_429.jpg, /home/zubin/Desktop/Self-driving-car-simulation/Data/IMG/left_2019_03_01_18_35_29_429.jpg, /home/zubin/Desktop/Self-driving-car-simulation/Data/IMG/right_2019_03_01_18_35_29_429.jpg, 0, 1, 0, 30.19042
/home/zubin/Desktop/Self-driving-car-simulation/Data/IMG/center_2019_03_01_18_35_29_543.jpg, /home/zubin/Desktop/Self-driving-car-simulation/Data/IMG/left_2019_03_01_18_35_29_543.jpg, /home/zubin/Desktop/Self-driving-car-simulation/Data/IMG/right_2019_03_01_18_35_29_543.jpg, 0, 1, 0, 30.19025
/home/zubin/Desktop/Self-driving-car-simulation/Data/IMG/center_2019_03_01_18_35_29_662.jpg, /home/zubin/Desktop/Self-driving-car-simulation/Data/IMG/left_2019_03_01_18_35_29_662.jpg, /home/zubin/Desktop/Self-driving-car-simulation/Data/IMG/right_2019_03_01_18_35_29_662.jpg, 0, 1, 0, 30.19052
/home/zubin/Desktop/Self-driving-car-simulation/Data/IMG/center_2019_03_01_18_35_29_777.jpg, /home/zubin/Desktop/Self-driving-car-simulation/Data/IMG/left_2019_03_01_18_35_29_777.jpg, /home/zubin/Desktop/Self-driving-car-simulation/Data/IMG/right_2019_03_01_18_35_29_777.jpg, -0.2485592, 1, 0, 30.17389
/home/zubin/Desktop/Self-driving-car-simulation/Data/IMG/center_2019_03_01_18_35_29_877.jpg, /home/zubin/Desktop/Self-driving-car-simulation/Data/IMG/left_2019_03_01_18_35_29_877.jpg, /home/zubin/Desktop/Self-driving-car-simulation/Data/IMG/right_2019_03_01_18_35_29_877.jpg, 0, 1, 0, 30.18952
/home/zubin/Desktop/Self-driving-car-simulation/Data/IMG/center_2019_03_01_18_35_29_994.jpg, /home/zubin/Desktop/Self-driving-car-simulation/Data/IMG/left_2019_03_01_18_35_29_994.jpg, /home/zubin/Desktop/Self-driving-car-simulation/Data/IMG/right_2019_03_01_18_35_29_994.jpg, 0, 1, 0, 30.19018
/home/zubin/Desktop/Self-driving-car-simulation/Data/IMG/center_2019_03_01_18_35_30_111.jpg, /home/zubin/Desktop/Self-driving-car-simulation/Data/IMG/left_2019_03_01_18_35_30_111.jpg, /home/zubin/Desktop/Self-driving-car-simulation/Data/IMG/right_2019_03_01_18_35_30_111.jpg, 0, 1, 0, 30.19026
/home/zubin/Desktop/Self-driving-car-simulation/Data/IMG/center_2019_03_01_18_35_30_227.jpg, /home/zubin/Desktop/Self-driving-car-simulation/Data/IMG/left_2019_03_01_18_35_30_227.jpg, /home/zubin/Desktop/Self-driving-car-simulation/Data/IMG/right_2019_03_01_18_35_30_227.jpg, 0, 1, 0, 30.19047
/home/zubin/Desktop/Self-driving-car-simulation/Data/IMG/center_2019_03_01_18_35_30_344.jpg, /home/zubin/Desktop/Self-driving-car-simulation/Data/IMG/left_2019_03_01_18_35_30_344.jpg, /home/zubin/Desktop/Self-driving-car-simulation/Data/IMG/right_2019_03_01_18_35_30_344.jpg, 0, 1, 0, 30.18942
/home/zubin/Desktop/Self-driving-car-simulation/Data/IMG/center_2019_03_01_18_35_30_461.jpg, /home/zubin/Desktop/Self-driving-car-simulation/Data/IMG/left_2019_03_01_18_35_30_461.jpg, /home/zubin/Desktop/Self-driving-car-simulation/Data/IMG/right_2019_03_01_18_35_30_461.jpg, 0, 1, 0, 30.1905
/home/zubin/Desktop/Self-driving-car-simulation/Data/IMG/center_2019_03_01_18_35_30_575.jpg, /home/zubin/Desktop/Self-driving-car-simulation/Data/IMG/left_2019_03_01_18_35_30_575.jpg, /home/zubin/Desktop/Self-driving-car-simulation/Data/IMG/right_2019_03_01_18_35_30_575.jpg, 0, 1, 0, 30.19046
/home/zubin/Desktop/Self-driving-car-simulation/Data/IMG/center_2019_03_01_18_35_30_692.jpg, /home/zubin/Desktop/Self-driving-car-simulation/Data/IMG/left_2019_03_01_18_35_30_692.jpg, /home/zubin/Desktop/Self-driving-car-simulation/Data/IMG/right_2019_03_01_18_35_30_692.jpg, 0, 1, 0, 30.19047
/home/zubin/Desktop/Self-driving-car-simulation/Data/IMG/center_2019_03_01_18_35_30_812.jpg, /home/zubin/Desktop/Self-driving-car-simulation/Data/IMG/left_2019_03_01_18_35_30_812.jpg, /home/zubin/Desktop/Self-driving-car-simulation/Data/IMG/right_2019_03_01_18_35_30_812.jpg, 0, 1, 0, 30.19045
/home/zubin/Desktop/Self-driving-car-simulation/Data/IMG/center_2019_03_01_18_35_30_928.jpg, /home/zubin/Desktop/Self-driving-car-simulation/Data/IMG/left_2019_03_01_18_35_30_928.jpg, /home/zubin/Desktop/Self-driving-car-simulation/Data/IMG/right_2019_03_01_18_35_30_928.jpg, -0.2304418, 1, 0, 30.17417
/home/zubin/Desktop/Self-driving-car-simulation/Data/IMG/center_2019_03_01_18_35_31_043.jpg, /home/zubin/Desktop/Self-driving-car-simulation/Data/IMG/left_2019_03_01_18_35_31_043.jpg, /home/zubin/Desktop/Self-driving-car-simulation/Data/IMG/right_2019_03_01_18_35_31_043.jpg, 0, 1, 0, 30.19033
/home/zubin/Desktop/Self-driving-car-simulation/Data/IMG/center_2019_03_01_18_35_31_156.jpg, /home/zubin/Desktop/Self-driving-car-simulation/Data/IMG/left_2019_03_01_18_35_31_156.jpg, /home/zubin/Desktop/Self-driving-car-simulation/Data/IMG/right_2019_03_01_18_35_31_156.jpg, 0, 1, 0, 30.19027
/home/zubin/Desktop/Self-driving-car-simulation/Data/IMG/center_2019_03_01_18_35_31_257.jpg, /home/zubin/Desktop/Self-driving-car-simulation/Data/IMG/left_2019_03_01_18_35_31_257.jpg, /home/zubin/Desktop/Self-driving-car-simulation/Data/IMG/right_2019_03_01_18_35_31_257.jpg, 0, 1, 0, 30.1904
/home/zubin/Desktop/Self-driving-car-simulation/Data/IMG/center_2019_03_01_18_35_31_375.jpg, /home/zubin/Desktop/Self-driving-car-simulation/Data/IMG/left_2019_03_01_18_35_31_375.jpg, /home/zubin/Desktop/Self-driving-car-simulation/Data/IMG/right_2019_03_01_18_35_31_375.jpg, 0, 1, 0, 30.18987
/home/zubin/Desktop/Self-driving-car-simulation/Data/IMG/center_2019_03_01_18_35_31_475.jpg, /home/zubin/Desktop/Self-driving-car-simulation/Data/IMG/left_2019_03_01_18_35_31_475.jpg, /home/zubin/Desktop/Self-driving-car-simulation/Data/IMG/right_2019_03_01_18_35_31_475.jpg, 0, 1, 0, 30.19028
/home/zubin/Desktop/Self-driving-car-simulation/Data/IMG/center_2019_03_01_18_35_31_577.jpg, /home/zubin/Desktop/Self-driving-car-simulation/Data/IMG/left_2019_03_01_18_35_31_577.jpg, /home/zubin/Desktop/Self-driving-car-simulation/Data/IMG/right_2019_03_01_18_35_31_577.jpg, 0, 1, 0, 30.19027
/home/zubin/Desktop/Self-driving-car-simulation/Data/IMG/center_2019_03_01_18_35_31_688.jpg, /home/zubin/Desktop/Self-driving-car-simulation/Data/IMG/left_2019_03_01_18_35_31_688.jpg, /home/zubin/Desktop/Self-driving-car-simulation/Data/IMG/right_2019_03_01_18_35_31_688.jpg, 0, 1, 0, 30.19033
/home/zubin/Desktop/Self-driving-car-simulation/Data/IMG/center_2019_03_01_18_35_31_790.jpg, /home/zubin/Desktop/Self-driving-car-simulation/Data/IMG/left_2019_03_01_18_35_31_790.jpg, /home/zubin/Desktop/Self-driving-car-simulation/Data/IMG/right_2019_03_01_18_35_31_790.jpg, -0.3045294, 1, 0, 30.16796
/home/zubin/Desktop/Self-driving-car-simulation/Data/IMG/center_2019_03_01_18_35_31_891.jpg, /home/zubin/Desktop/Self-driving-car-simulation/Data/IMG/left_2019_03_01_18_35_31_891.jpg, /home/zubin/Desktop/Self-driving-car-simulation/Data/IMG/right_2019_03_01_18_35_31_891.jpg, -0.5556507, 1, 0, 30.13735
/home/zubin/Desktop/Self-driving-car-simulation/Data/IMG/center_2019_03_01_18_35_32_006.jpg, /home/zubin/Desktop/Self-driving-car-simulation/Data/IMG/left_2019_03_01_18_35_32_006.jpg, /home/zubin/Desktop/Self-driving-car-simulation/Data/IMG/right_2019_03_01_18_35_32_006.jpg, -0.1605656, 1, 0, 30.194
/home/zubin/Desktop/Self-driving-car-simulation/Data/IMG/center_2019_03_01_18_35_32_126.jpg, /home/zubin/Desktop/Self-driving-car-simulation/Data/IMG/left_2019_03_01_18_35_32_126.jpg, /home/zubin/Desktop/Self-driving-car-simulation/Data/IMG/right_2019_03_01_18_35_32_126.jpg, 0, 1, 0, 30.18858
/home/zubin/Desktop/Self-driving-car-simulation/Data/IMG/center_2019_03_01_18_35_32_242.jpg, /home/zubin/Desktop/Self-driving-car-simulation/Data/IMG/left_2019_03_01_18_35_32_242.jpg, /home/zubin/Desktop/Self-driving-car-simulation/Data/IMG/right_2019_03_01_18_35_32_242.jpg, 0, 1, 0, 30.1902
/home/zubin/Desktop/Self-driving-car-simulation/Data/IMG/center_2019_03_01_18_35_32_356.jpg, /home/zubin/Desktop/Self-driving-car-simulation/Data/IMG/left_2019_03_01_18_35_32_356.jpg, /home/zubin/Desktop/Self-driving-car-simulation/Data/IMG/right_2019_03_01_18_35_32_356.jpg, 0, 1, 0, 30.18982
/home/zubin/Desktop/Self-driving-car-simulation/Data/IMG/center_2019_03_01_18_35_32_457.jpg, /home/zubin/Desktop/Self-driving-car-simulation/Data/IMG/left_2019_03_01_18_35_32_457.jpg, /home/zubin/Desktop/Self-driving-car-simulation/Data/IMG/right_2019_03_01_18_35_32_457.jpg, 0, 1, 0, 30.19
/home/zubin/Desktop/Self-driving-car-simulation/Data/IMG/center_2019_03_01_18_35_32_576.jpg, /home/zubin/Desktop/Self-driving-car-simulation/Data/IMG/left_2019_03_01_18_35_32_576.jpg, /home/zubin/Desktop/Self-driving-car-simulation/Data/IMG/right_2019_03_01_18_35_32_576.jpg, 0.1105649, 1, 0, 30.18645
/home/zubin/Desktop/Self-driving-car-simulation/Data/IMG/center_2019_03_01_18_35_32_692.jpg, /home/zubin/Desktop/Self-driving-car-simulation/Data/IMG/left_2019_03_01_18_35_32_692.jpg, /home/zubin/Desktop/Self-driving-car-simulation/Data/IMG/right_2019_03_01_18_35_32_692.jpg, 0.2522671, 1, 0, 30.17635
/home/zubin/Desktop/Self-driving-car-simulation/Data/IMG/center_2019_03_01_18_35_32_805.jpg, /home/zubin/Desktop/Self-driving-car-simulation/Data/IMG/left_2019_03_01_18_35_32_805.jpg, /home/zubin/Desktop/Self-driving-car-simulation/Data/IMG/right_2019_03_01_18_35_32_805.jpg, 0, 1, 0, 30.18787
/home/zubin/Desktop/Self-driving-car-simulation/Data/IMG/center_2019_03_01_18_35_32_908.jpg, /home/zubin/Desktop/Self-driving-car-simulation/Data/IMG/left_2019_03_01_18_35_32_908.jpg, /home/zubin/Desktop/Self-driving-car-simulation/Data/IMG/right_2019_03_01_18_35_32_908.jpg, 0, 1, 0, 30.19009
/home/zubin/Desktop/Self-driving-car-simulation/Data/IMG/center_2019_03_01_18_35_33_021.jpg, /home/zubin/Desktop/Self-driving-car-simulation/Data/IMG/left_2019_03_01_18_35_33_021.jpg, /home/zubin/Desktop/Self-driving-car-simulation/Data/IMG/right_2019_03_01_18_35_33_021.jpg, 0, 1, 0, 30.19023
/home/zubin/Desktop/Self-driving-car-simulation/Data/IMG/center_2019_03_01_18_35_33_141.jpg, /home/zubin/Desktop/Self-driving-car-simulation/Data/IMG/left_2019_03_01_18_35_33_141.jpg, /home/zubin/Desktop/Self-driving-car-simulation/Data/IMG/right_2019_03_01_18_35_33_141.jpg, 0, 1, 0, 30.19031
/home/zubin/Desktop/Self-driving-car-simulation/Data/IMG/center_2019_03_01_18_35_33_257.jpg, /home/zubin/Desktop/Self-driving-car-simulation/Data/IMG/left_2019_03_01_18_35_33_257.jpg, /home/zubin/Desktop/Self-driving-car-simulation/Data/IMG/right_2019_03_01_18_35_33_257.jpg, 0, 1, 0, 30.19028
/home/zubin/Desktop/Self-driving-car-simulation/Data/IMG/center_2019_03_01_18_35_33_372.jpg, /home/zubin/Desktop/Self-driving-car-simulation/Data/IMG/left_2019_03_01_18_35_33_372.jpg, /home/zubin/Desktop/Self-driving-car-simulation/Data/IMG/right_2019_03_01_18_35_33_372.jpg, 0, 1, 0, 30.19032
/home/zubin/Desktop/Self-driving-car-simulation/Data/IMG/center_2019_03_01_18_35_33_490.jpg, /home/zubin/Desktop/Self-driving-car-simulation/Data/IMG/left_2019_03_01_18_35_33_490.jpg, /home/zubin/Desktop/Self-driving-car-simulation/Data/IMG/right_2019_03_01_18_35_33_490.jpg, 0, 0.595603, 0, 30.11114
/home/zubin/Desktop/Self-driving-car-simulation/Data/IMG/center_2019_03_01_18_35_33_607.jpg, /home/zubin/Desktop/Self-driving-car-simulation/Data/IMG/left_2019_03_01_18_35_33_607.jpg, /home/zubin/Desktop/Self-driving-car-simulation/Data/IMG/right_2019_03_01_18_35_33_607.jpg, 0, 0.2474802, 0, 30.00599
/home/zubin/Desktop/Self-driving-car-simulation/Data/IMG/center_2019_03_01_18_35_33_724.jpg, /home/zubin/Desktop/Self-driving-car-simulation/Data/IMG/left_2019_03_01_18_35_33_724.jpg, /home/zubin/Desktop/Self-driving-car-simulation/Data/IMG/right_2019_03_01_18_35_33_724.jpg, 0, 0, 0, 29.78584
/home/zubin/Desktop/Self-driving-car-simulation/Data/IMG/center_2019_03_01_18_35_33_840.jpg, /home/zubin/Desktop/Self-driving-car-simulation/Data/IMG/left_2019_03_01_18_35_33_840.jpg, /home/zubin/Desktop/Self-driving-car-simulation/Data/IMG/right_2019_03_01_18_35_33_840.jpg, 0, 0, 0, 29.42759
/home/zubin/Desktop/Self-driving-car-simulation/Data/IMG/center_2019_03_01_18_35_33_957.jpg, /home/zubin/Desktop/Self-driving-car-simulation/Data/IMG/left_2019_03_01_18_35_33_957.jpg, /home/zubin/Desktop/Self-driving-car-simulation/Data/IMG/right_2019_03_01_18_35_33_957.jpg, 0, 0, 0, 29.07418
/home/zubin/Desktop/Self-driving-car-simulation/Data/IMG/center_2019_03_01_18_35_34_073.jpg, /home/zubin/Desktop/Self-driving-car-simulation/Data/IMG/left_2019_03_01_18_35_34_073.jpg, /home/zubin/Desktop/Self-driving-car-simulation/Data/IMG/right_2019_03_01_18_35_34_073.jpg, -0.1959958, 0, 0, 28.76322
/home/zubin/Desktop/Self-driving-car-simulation/Data/IMG/center_2019_03_01_18_35_34_188.jpg, /home/zubin/Desktop/Self-driving-car-simulation/Data/IMG/left_2019_03_01_18_35_34_188.jpg, /home/zubin/Desktop/Self-driving-car-simulation/Data/IMG/right_2019_03_01_18_35_34_188.jpg, -0.183903, 0, 0, 28.29571
/home/zubin/Desktop/Self-driving-car-simulation/Data/IMG/center_2019_03_01_18_35_34_288.jpg, /home/zubin/Desktop/Self-driving-car-simulation/Data/IMG/left_2019_03_01_18_35_34_288.jpg, /home/zubin/Desktop/Self-driving-car-simulation/Data/IMG/right_2019_03_01_18_35_34_288.jpg, 0, 0, 0, 28.00863
/home/zubin/Desktop/Self-driving-car-simulation/Data/IMG/center_2019_03_01_18_35_34_390.jpg, /home/zubin/Desktop/Self-driving-car-simulation/Data/IMG/left_2019_03_01_18_35_34_390.jpg, /home/zubin/Desktop/Self-driving-car-simulation/Data/IMG/right_2019_03_01_18_35_34_390.jpg, 0, 0, 0, 27.72399
/home/zubin/Desktop/Self-driving-car-simulation/Data/IMG/center_2019_03_01_18_35_34_504.jpg, /home/zubin/Desktop/Self-driving-car-simulation/Data/IMG/left_2019_03_01_18_35_34_504.jpg, /home/zubin/Desktop/Self-driving-car-simulation/Data/IMG/right_2019_03_01_18_35_34_504.jpg, 0, 0, 0, 27.38919
/home/zubin/Desktop/Self-driving-car-simulation/Data/IMG/center_2019_03_01_18_35_34_622.jpg, /home/zubin/Desktop/Self-driving-car-simulation/Data/IMG/left_2019_03_01_18_35_34_622.jpg, /home/zubin/Desktop/Self-driving-car-simulation/Data/IMG/right_2019_03_01_18_35_34_622.jpg, 0, 0, 0, 27.05864
/home/zubin/Desktop/Self-driving-car-simulation/Data/IMG/center_2019_03_01_18_35_34_739.jpg, /home/zubin/Desktop/Self-driving-car-simulation/Data/IMG/left_2019_03_01_18_35_34_739.jpg, /home/zubin/Desktop/Self-driving-car-simulation/Data/IMG/right_2019_03_01_18_35_34_739.jpg, 0, 0, 0, 26.73221
/home/zubin/Desktop/Self-driving-car-simulation/Data/IMG/center_2019_03_01_18_35_34_857.jpg, /home/zubin/Desktop/Self-driving-car-simulation/Data/IMG/left_2019_03_01_18_35_34_857.jpg, /home/zubin/Desktop/Self-driving-car-simulation/Data/IMG/right_2019_03_01_18_35_34_857.jpg, 0, 0, 0, 26.40967
/home/zubin/Desktop/Self-driving-car-simulation/Data/IMG/center_2019_03_01_18_35_34_973.jpg, /home/zubin/Desktop/Self-driving-car-simulation/Data/IMG/left_2019_03_01_18_35_34_973.jpg, /home/zubin/Desktop/Self-driving-car-simulation/Data/IMG/right_2019_03_01_18_35_34_973.jpg, 0, 0, 0, 26.14385
/home/zubin/Desktop/Self-driving-car-simulation/Data/IMG/center_2019_03_01_18_35_35_089.jpg, /home/zubin/Desktop/Self-driving-car-simulation/Data/IMG/left_2019_03_01_18_35_35_089.jpg, /home/zubin/Desktop/Self-driving-car-simulation/Data/IMG/right_2019_03_01_18_35_35_089.jpg, 0, 0, 0, 25.82837
/home/zubin/Desktop/Self-driving-car-simulation/Data/IMG/center_2019_03_01_18_35_35_189.jpg, /home/zubin/Desktop/Self-driving-car-simulation/Data/IMG/left_2019_03_01_18_35_35_189.jpg, /home/zubin/Desktop/Self-driving-car-simulation/Data/IMG/right_2019_03_01_18_35_35_189.jpg, 0, 0, 0, 25.57211
/home/zubin/Desktop/Self-driving-car-simulation/Data/IMG/center_2019_03_01_18_35_35_306.jpg, /home/zubin/Desktop/Self-driving-car-simulation/Data/IMG/left_2019_03_01_18_35_35_306.jpg, /home/zubin/Desktop/Self-driving-car-simulation/Data/IMG/right_2019_03_01_18_35_35_306.jpg, 0, 0, 0, 25.25377
/home/zubin/Desktop/Self-driving-car-simulation/Data/IMG/center_2019_03_01_18_35_35_423.jpg, /home/zubin/Desktop/Self-driving-car-simulation/Data/IMG/left_2019_03_01_18_35_35_423.jpg, /home/zubin/Desktop/Self-driving-car-simulation/Data/IMG/right_2019_03_01_18_35_35_423.jpg, 0, 0, 0, 24.94643
/home/zubin/Desktop/Self-driving-car-simulation/Data/IMG/center_2019_03_01_18_35_35_540.jpg, /home/zubin/Desktop/Self-driving-car-simulation/Data/IMG/left_2019_03_01_18_35_35_540.jpg, /home/zubin/Desktop/Self-driving-car-simulation/Data/IMG/right_2019_03_01_18_35_35_540.jpg, 0, 0, 0, 24.64189
/home/zubin/Desktop/Self-driving-car-simulation/Data/IMG/center_2019_03_01_18_35_35_654.jpg, /home/zubin/Desktop/Self-driving-car-simulation/Data/IMG/left_2019_03_01_18_35_35_654.jpg, /home/zubin/Desktop/Self-driving-car-simulation/Data/IMG/right_2019_03_01_18_35_35_654.jpg, 0, 0, 0, 24.34235
/home/zubin/Desktop/Self-driving-car-simulation/Data/IMG/center_2019_03_01_18_35_35_772.jpg, /home/zubin/Desktop/Self-driving-car-simulation/Data/IMG/left_2019_03_01_18_35_35_772.jpg, /home/zubin/Desktop/Self-driving-car-simulation/Data/IMG/right_2019_03_01_18_35_35_772.jpg, 0, 0, 0, 24.09606
/home/zubin/Desktop/Self-driving-car-simulation/Data/IMG/center_2019_03_01_18_35_35_873.jpg, /home/zubin/Desktop/Self-driving-car-simulation/Data/IMG/left_2019_03_01_18_35_35_873.jpg, /home/zubin/Desktop/Self-driving-car-simulation/Data/IMG/right_2019_03_01_18_35_35_873.jpg, 0, 0, 0, 23.85219
/home/zubin/Desktop/Self-driving-car-simulation/Data/IMG/center_2019_03_01_18_35_35_988.jpg, /home/zubin/Desktop/Self-driving-car-simulation/Data/IMG/left_2019_03_01_18_35_35_988.jpg, /home/zubin/Desktop/Self-driving-car-simulation/Data/IMG/right_2019_03_01_18_35_35_988.jpg, 0, 0, 0, 23.56273
/home/zubin/Desktop/Self-driving-car-simulation/Data/IMG/center_2019_03_01_18_35_36_089.jpg, /home/zubin/Desktop/Self-driving-car-simulation/Data/IMG/left_2019_03_01_18_35_36_089.jpg, /home/zubin/Desktop/Self-driving-car-simulation/Data/IMG/right_2019_03_01_18_35_36_089.jpg, 0, 0, 0, 23.32418
/home/zubin/Desktop/Self-driving-car-simulation/Data/IMG/center_2019_03_01_18_35_36_205.jpg, /home/zubin/Desktop/Self-driving-car-simulation/Data/IMG/left_2019_03_01_18_35_36_205.jpg, /home/zubin/Desktop/Self-driving-car-simulation/Data/IMG/right_2019_03_01_18_35_36_205.jpg, 0, 0, 0, 23.04107
/home/zubin/Desktop/Self-driving-car-simulation/Data/IMG/center_2019_03_01_18_35_36_307.jpg, /home/zubin/Desktop/Self-driving-car-simulation/Data/IMG/left_2019_03_01_18_35_36_307.jpg, /home/zubin/Desktop/Self-driving-car-simulation/Data/IMG/right_2019_03_01_18_35_36_307.jpg, 0, 0, 0, 22.80775
/home/zubin/Desktop/Self-driving-car-simulation/Data/IMG/center_2019_03_01_18_35_36_422.jpg, /home/zubin/Desktop/Self-driving-car-simulation/Data/IMG/left_2019_03_01_18_35_36_422.jpg, /home/zubin/Desktop/Self-driving-car-simulation/Data/IMG/right_2019_03_01_18_35_36_422.jpg, 0, 0, 0, 22.53086
/home/zubin/Desktop/Self-driving-car-simulation/Data/IMG/center_2019_03_01_18_35_36_537.jpg, /home/zubin/Desktop/Self-driving-car-simulation/Data/IMG/left_2019_03_01_18_35_36_537.jpg, /home/zubin/Desktop/Self-driving-car-simulation/Data/IMG/right_2019_03_01_18_35_36_537.jpg, 0, 0, 0, 22.2573
/home/zubin/Desktop/Self-driving-car-simulation/Data/IMG/center_2019_03_01_18_35_36_637.jpg, /home/zubin/Desktop/Self-driving-car-simulation/Data/IMG/left_2019_03_01_18_35_36_637.jpg, /home/zubin/Desktop/Self-driving-car-simulation/Data/IMG/right_2019_03_01_18_35_36_637.jpg, 0, 0, 0, 22.03185
/home/zubin/Desktop/Self-driving-car-simulation/Data/IMG/center_2019_03_01_18_35_36_754.jpg, /home/zubin/Desktop/Self-driving-car-simulation/Data/IMG/left_2019_03_01_18_35_36_754.jpg, /home/zubin/Desktop/Self-driving-car-simulation/Data/IMG/right_2019_03_01_18_35_36_754.jpg, 0, 0, 0, 21.76431
/home/zubin/Desktop/Self-driving-car-simulation/Data/IMG/center_2019_03_01_18_35_36_854.jpg, /home/zubin/Desktop/Self-driving-car-simulation/Data/IMG/left_2019_03_01_18_35_36_854.jpg, /home/zubin/Desktop/Self-driving-car-simulation/Data/IMG/right_2019_03_01_18_35_36_854.jpg, 0, 0, 0, 21.54383
/home/zubin/Desktop/Self-driving-car-simulation/Data/IMG/center_2019_03_01_18_35_36_970.jpg, /home/zubin/Desktop/Self-driving-car-simulation/Data/IMG/left_2019_03_01_18_35_36_970.jpg, /home/zubin/Desktop/Self-driving-car-simulation/Data/IMG/right_2019_03_01_18_35_36_970.jpg, 0, 0, 0, 21.32555
/home/zubin/Desktop/Self-driving-car-simulation/Data/IMG/center_2019_03_01_18_35_37_090.jpg, /home/zubin/Desktop/Self-driving-car-simulation/Data/IMG/left_2019_03_01_18_35_37_090.jpg, /home/zubin/Desktop/Self-driving-car-simulation/Data/IMG/right_2019_03_01_18_35_37_090.jpg, 0, 0, 0, 21.06651
/home/zubin/Desktop/Self-driving-car-simulation/Data/IMG/center_2019_03_01_18_35_37_204.jpg, /home/zubin/Desktop/Self-driving-car-simulation/Data/IMG/left_2019_03_01_18_35_37_204.jpg, /home/zubin/Desktop/Self-driving-car-simulation/Data/IMG/right_2019_03_01_18_35_37_204.jpg, 0, 0, 0, 20.8106
/home/zubin/Desktop/Self-driving-car-simulation/Data/IMG/center_2019_03_01_18_35_37_322.jpg, /home/zubin/Desktop/Self-driving-car-simulation/Data/IMG/left_2019_03_01_18_35_37_322.jpg, /home/zubin/Desktop/Self-driving-car-simulation/Data/IMG/right_2019_03_01_18_35_37_322.jpg, 0, 0, 0, 20.55776
/home/zubin/Desktop/Self-driving-car-simulation/Data/IMG/center_2019_03_01_18_35_37_422.jpg, /home/zubin/Desktop/Self-driving-car-simulation/Data/IMG/left_2019_03_01_18_35_37_422.jpg, /home/zubin/Desktop/Self-driving-car-simulation/Data/IMG/right_2019_03_01_18_35_37_422.jpg, 0, 0, 0, 20.34939
/home/zubin/Desktop/Self-driving-car-simulation/Data/IMG/center_2019_03_01_18_35_37_538.jpg, /home/zubin/Desktop/Self-driving-car-simulation/Data/IMG/left_2019_03_01_18_35_37_538.jpg, /home/zubin/Desktop/Self-driving-car-simulation/Data/IMG/right_2019_03_01_18_35_37_538.jpg, 0, 0, 0, 20.10211
/home/zubin/Desktop/Self-driving-car-simulation/Data/IMG/center_2019_03_01_18_35_37_653.jpg, /home/zubin/Desktop/Self-driving-car-simulation/Data/IMG/left_2019_03_01_18_35_37_653.jpg, /home/zubin/Desktop/Self-driving-car-simulation/Data/IMG/right_2019_03_01_18_35_37_653.jpg, 0, 0, 0, 19.89831
/home/zubin/Desktop/Self-driving-car-simulation/Data/IMG/center_2019_03_01_18_35_37_754.jpg, /home/zubin/Desktop/Self-driving-car-simulation/Data/IMG/left_2019_03_01_18_35_37_754.jpg, /home/zubin/Desktop/Self-driving-car-simulation/Data/IMG/right_2019_03_01_18_35_37_754.jpg, 0, 0, 0, 19.65646
/home/zubin/Desktop/Self-driving-car-simulation/Data/IMG/center_2019_03_01_18_35_37_868.jpg, /home/zubin/Desktop/Self-driving-car-simulation/Data/IMG/left_2019_03_01_18_35_37_868.jpg, /home/zubin/Desktop/Self-driving-car-simulation/Data/IMG/right_2019_03_01_18_35_37_868.jpg, 0, 0, 0, 19.45714
/home/zubin/Desktop/Self-driving-car-simulation/Data/IMG/center_2019_03_01_18_35_37_969.jpg, /home/zubin/Desktop/Self-driving-car-simulation/Data/IMG/left_2019_03_01_18_35_37_969.jpg, /home/zubin/Desktop/Self-driving-car-simulation/Data/IMG/right_2019_03_01_18_35_37_969.jpg, 0, 0, 0, 19.25982
/home/zubin/Desktop/Self-driving-car-simulation/Data/IMG/center_2019_03_01_18_35_38_088.jpg, /home/zubin/Desktop/Self-driving-car-simulation/Data/IMG/left_2019_03_01_18_35_38_088.jpg, /home/zubin/Desktop/Self-driving-car-simulation/Data/IMG/right_2019_03_01_18_35_38_088.jpg, 0, 0, 0, 19.02566
/home/zubin/Desktop/Self-driving-car-simulation/Data/IMG/center_2019_03_01_18_35_38_204.jpg, /home/zubin/Desktop/Self-driving-car-simulation/Data/IMG/left_2019_03_01_18_35_38_204.jpg, /home/zubin/Desktop/Self-driving-car-simulation/Data/IMG/right_2019_03_01_18_35_38_204.jpg, 0, 0, 0, 18.7943
/home/zubin/Desktop/Self-driving-car-simulation/Data/IMG/center_2019_03_01_18_35_38_320.jpg, /home/zubin/Desktop/Self-driving-car-simulation/Data/IMG/left_2019_03_01_18_35_38_320.jpg, /home/zubin/Desktop/Self-driving-car-simulation/Data/IMG/right_2019_03_01_18_35_38_320.jpg, 0, 0, 0.1912379, 17.98927
/home/zubin/Desktop/Self-driving-car-simulation/Data/IMG/center_2019_03_01_18_35_38_446.jpg, /home/zubin/Desktop/Self-driving-car-simulation/Data/IMG/left_2019_03_01_18_35_38_446.jpg, /home/zubin/Desktop/Self-driving-car-simulation/Data/IMG/right_2019_03_01_18_35_38_446.jpg, 0, 0, 0.2399733, 16.05247
/home/zubin/Desktop/Self-driving-car-simulation/Data/IMG/center_2019_03_01_18_35_38_552.jpg, /home/zubin/Desktop/Self-driving-car-simulation/Data/IMG/left_2019_03_01_18_35_38_552.jpg, /home/zubin/Desktop/Self-driving-car-simulation/Data/IMG/right_2019_03_01_18_35_38_552.jpg, 0, 0, 0, 14.23674
/home/zubin/Desktop/Self-driving-car-simulation/Data/IMG/center_2019_03_01_18_35_38_655.jpg, /home/zubin/Desktop/Self-driving-car-simulation/Data/IMG/left_2019_03_01_18_35_38_655.jpg, /home/zubin/Desktop/Self-driving-car-simulation/Data/IMG/right_2019_03_01_18_35_38_655.jpg, 0, 0, 0, 14.03565
/home/zubin/Desktop/Self-driving-car-simulation/Data/IMG/center_2019_03_01_18_35_38_769.jpg, /home/zubin/Desktop/Self-driving-car-simulation/Data/IMG/left_2019_03_01_18_35_38_769.jpg, /home/zubin/Desktop/Self-driving-car-simulation/Data/IMG/right_2019_03_01_18_35_38_769.jpg, 0, 0, 0, 14.39084
/home/zubin/Desktop/Self-driving-car-simulation/Data/IMG/center_2019_03_01_18_35_38_871.jpg, /home/zubin/Desktop/Self-driving-car-simulation/Data/IMG/left_2019_03_01_18_35_38_871.jpg, /home/zubin/Desktop/Self-driving-car-simulation/Data/IMG/right_2019_03_01_18_35_38_871.jpg, 0, 0, 0, 13.70745
/home/zubin/Desktop/Self-driving-car-simulation/Data/IMG/center_2019_03_01_18_35_38_996.jpg, /home/zubin/Desktop/Self-driving-car-simulation/Data/IMG/left_2019_03_01_18_35_38_996.jpg, /home/zubin/Desktop/Self-driving-car-simulation/Data/IMG/right_2019_03_01_18_35_38_996.jpg, 0, 0, 0, 13.50534
/home/zubin/Desktop/Self-driving-car-simulation/Data/IMG/center_2019_03_01_18_35_39_102.jpg, /home/zubin/Desktop/Self-driving-car-simulation/Data/IMG/left_2019_03_01_18_35_39_102.jpg, /home/zubin/Desktop/Self-driving-car-simulation/Data/IMG/right_2019_03_01_18_35_39_102.jpg, 0, 0, 0, 13.3878
/home/zubin/Desktop/Self-driving-car-simulation/Data/IMG/center_2019_03_01_18_35_39_212.jpg, /home/zubin/Desktop/Self-driving-car-simulation/Data/IMG/left_2019_03_01_18_35_39_212.jpg, /home/zubin/Desktop/Self-driving-car-simulation/Data/IMG/right_2019_03_01_18_35_39_212.jpg, 0, 0, 0, 13.74689
/home/zubin/Desktop/Self-driving-car-simulation/Data/IMG/center_2019_03_01_18_35_39_329.jpg, /home/zubin/Desktop/Self-driving-car-simulation/Data/IMG/left_2019_03_01_18_35_39_329.jpg, /home/zubin/Desktop/Self-driving-car-simulation/Data/IMG/right_2019_03_01_18_35_39_329.jpg, 0, 0, 0, 13.54032
/home/zubin/Desktop/Self-driving-car-simulation/Data/IMG/center_2019_03_01_18_35_39_428.jpg, /home/zubin/Desktop/Self-driving-car-simulation/Data/IMG/left_2019_03_01_18_35_39_428.jpg, /home/zubin/Desktop/Self-driving-car-simulation/Data/IMG/right_2019_03_01_18_35_39_428.jpg, 0, 0, 0, 12.83984
/home/zubin/Desktop/Self-driving-car-simulation/Data/IMG/center_2019_03_01_18_35_39_546.jpg, /home/zubin/Desktop/Self-driving-car-simulation/Data/IMG/left_2019_03_01_18_35_39_546.jpg, /home/zubin/Desktop/Self-driving-car-simulation/Data/IMG/right_2019_03_01_18_35_39_546.jpg, 0, 0, 0.2628543, 11.69023
/home/zubin/Desktop/Self-driving-car-simulation/Data/IMG/center_2019_03_01_18_35_39_654.jpg, /home/zubin/Desktop/Self-driving-car-simulation/Data/IMG/left_2019_03_01_18_35_39_654.jpg, /home/zubin/Desktop/Self-driving-car-simulation/Data/IMG/right_2019_03_01_18_35_39_654.jpg, 0, 0, 0, 10.04443
/home/zubin/Desktop/Self-driving-car-simulation/Data/IMG/center_2019_03_01_18_35_39_754.jpg, /home/zubin/Desktop/Self-driving-car-simulation/Data/IMG/left_2019_03_01_18_35_39_754.jpg, /home/zubin/Desktop/Self-driving-car-simulation/Data/IMG/right_2019_03_01_18_35_39_754.jpg, 0, 0, 0, 9.942186
/home/zubin/Desktop/Self-driving-car-simulation/Data/IMG/center_2019_03_01_18_35_39_869.jpg, /home/zubin/Desktop/Self-driving-car-simulation/Data/IMG/left_2019_03_01_18_35_39_869.jpg, /home/zubin/Desktop/Self-driving-car-simulation/Data/IMG/right_2019_03_01_18_35_39_869.jpg, 0, 0, 0, 9.840385
/home/zubin/Desktop/Self-driving-car-simulation/Data/IMG/center_2019_03_01_18_35_39_986.jpg, /home/zubin/Desktop/Self-driving-car-simulation/Data/IMG/left_2019_03_01_18_35_39_986.jpg, /home/zubin/Desktop/Self-driving-car-simulation/Data/IMG/right_2019_03_01_18_35_39_986.jpg, 0, 0, 0, 9.719585
/home/zubin/Desktop/Self-driving-car-simulation/Data/IMG/center_2019_03_01_18_35_40_101.jpg, /home/zubin/Desktop/Self-driving-car-simulation/Data/IMG/left_2019_03_01_18_35_40_101.jpg, /home/zubin/Desktop/Self-driving-car-simulation/Data/IMG/right_2019_03_01_18_35_40_101.jpg, 0, 0, 0, 9.600252
/home/zubin/Desktop/Self-driving-car-simulation/Data/IMG/center_2019_03_01_18_35_40_202.jpg, /home/zubin/Desktop/Self-driving-car-simulation/Data/IMG/left_2019_03_01_18_35_40_202.jpg, /home/zubin/Desktop/Self-driving-car-simulation/Data/IMG/right_2019_03_01_18_35_40_202.jpg, 0, 0, 0, 9.501907
/home/zubin/Desktop/Self-driving-car-simulation/Data/IMG/center_2019_03_01_18_35_40_318.jpg, /home/zubin/Desktop/Self-driving-car-simulation/Data/IMG/left_2019_03_01_18_35_40_318.jpg, /home/zubin/Desktop/Self-driving-car-simulation/Data/IMG/right_2019_03_01_18_35_40_318.jpg, 0, 0, 0, 9.385197
/home/zubin/Desktop/Self-driving-car-simulation/Data/IMG/center_2019_03_01_18_35_40_419.jpg, /home/zubin/Desktop/Self-driving-car-simulation/Data/IMG/left_2019_03_01_18_35_40_419.jpg, /home/zubin/Desktop/Self-driving-car-simulation/Data/IMG/right_2019_03_01_18_35_40_419.jpg, 0, 0, 0, 9.289008
/home/zubin/Desktop/Self-driving-car-simulation/Data/IMG/center_2019_03_01_18_35_40_536.jpg, /home/zubin/Desktop/Self-driving-car-simulation/Data/IMG/left_2019_03_01_18_35_40_536.jpg, /home/zubin/Desktop/Self-driving-car-simulation/Data/IMG/right_2019_03_01_18_35_40_536.jpg, 0, 0, 0, 9.174854
/home/zubin/Desktop/Self-driving-car-simulation/Data/IMG/center_2019_03_01_18_35_40_637.jpg, /home/zubin/Desktop/Self-driving-car-simulation/Data/IMG/left_2019_03_01_18_35_40_637.jpg, /home/zubin/Desktop/Self-driving-car-simulation/Data/IMG/right_2019_03_01_18_35_40_637.jpg, 0, 0, 0, 9.080779
/home/zubin/Desktop/Self-driving-car-simulation/Data/IMG/center_2019_03_01_18_35_40_737.jpg, /home/zubin/Desktop/Self-driving-car-simulation/Data/IMG/left_2019_03_01_18_35_40_737.jpg, /home/zubin/Desktop/Self-driving-car-simulation/Data/IMG/right_2019_03_01_18_35_40_737.jpg, 0, 0, 0, 8.987648
/home/zubin/Desktop/Self-driving-car-simulation/Data/IMG/center_2019_03_01_18_35_40_850.jpg, /home/zubin/Desktop/Self-driving-car-simulation/Data/IMG/left_2019_03_01_18_35_40_850.jpg, /home/zubin/Desktop/Self-driving-car-simulation/Data/IMG/right_2019_03_01_18_35_40_850.jpg, 0, 0, 0, 8.895452
/home/zubin/Desktop/Self-driving-car-simulation/Data/IMG/center_2019_03_01_18_35_40_968.jpg, /home/zubin/Desktop/Self-driving-car-simulation/Data/IMG/left_2019_03_01_18_35_40_968.jpg, /home/zubin/Desktop/Self-driving-car-simulation/Data/IMG/right_2019_03_01_18_35_40_968.jpg, 0, 0, 0, 8.786043
/home/zubin/Desktop/Self-driving-car-simulation/Data/IMG/center_2019_03_01_18_35_41_068.jpg, /home/zubin/Desktop/Self-driving-car-simulation/Data/IMG/left_2019_03_01_18_35_41_068.jpg, /home/zubin/Desktop/Self-driving-car-simulation/Data/IMG/right_2019_03_01_18_35_41_068.jpg, 0, 0, 0.138495, 8.053061
/home/zubin/Desktop/Self-driving-car-simulation/Data/IMG/center_2019_03_01_18_35_41_177.jpg, /home/zubin/Desktop/Self-driving-car-simulation/Data/IMG/left_2019_03_01_18_35_41_177.jpg, /home/zubin/Desktop/Self-driving-car-simulation/Data/IMG/right_2019_03_01_18_35_41_177.jpg, 0, 0, 0.1892009, 6.577868
/home/zubin/Desktop/Self-driving-car-simulation/Data/IMG/center_2019_03_01_18_35_41_283.jpg, /home/zubin/Desktop/Self-driving-car-simulation/Data/IMG/left_2019_03_01_18_35_41_283.jpg, /home/zubin/Desktop/Self-driving-car-simulation/Data/IMG/right_2019_03_01_18_35_41_283.jpg, 0, 0, 0, 5.449206
/home/zubin/Desktop/Self-driving-car-simulation/Data/IMG/center_2019_03_01_18_35_41_384.jpg, /home/zubin/Desktop/Self-driving-car-simulation/Data/IMG/left_2019_03_01_18_35_41_384.jpg, /home/zubin/Desktop/Self-driving-car-simulation/Data/IMG/right_2019_03_01_18_35_41_384.jpg, 0, 0, 0, 5.392509
/home/zubin/Desktop/Self-driving-car-simulation/Data/IMG/center_2019_03_01_18_35_41_485.jpg, /home/zubin/Desktop/Self-driving-car-simulation/Data/IMG/left_2019_03_01_18_35_41_485.jpg, /home/zubin/Desktop/Self-driving-car-simulation/Data/IMG/right_2019_03_01_18_35_41_485.jpg, 0, 0, 0, 5.336397
/home/zubin/Desktop/Self-driving-car-simulation/Data/IMG/center_2019_03_01_18_35_41_599.jpg, /home/zubin/Desktop/Self-driving-car-simulation/Data/IMG/left_2019_03_01_18_35_41_599.jpg, /home/zubin/Desktop/Self-driving-car-simulation/Data/IMG/right_2019_03_01_18_35_41_599.jpg, 0, 0, 0, 5.269813
/home/zubin/Desktop/Self-driving-car-simulation/Data/IMG/center_2019_03_01_18_35_41_699.jpg, /home/zubin/Desktop/Self-driving-car-simulation/Data/IMG/left_2019_03_01_18_35_41_699.jpg, /home/zubin/Desktop/Self-driving-car-simulation/Data/IMG/right_2019_03_01_18_35_41_699.jpg, 0, 0, 0, 5.214941
/home/zubin/Desktop/Self-driving-car-simulation/Data/IMG/center_2019_03_01_18_35_41_800.jpg, /home/zubin/Desktop/Self-driving-car-simulation/Data/IMG/left_2019_03_01_18_35_41_800.jpg, /home/zubin/Desktop/Self-driving-car-simulation/Data/IMG/right_2019_03_01_18_35_41_800.jpg, 0, 0, 0, 5.160618
/home/zubin/Desktop/Self-driving-car-simulation/Data/IMG/center_2019_03_01_18_35_41_900.jpg, /home/zubin/Desktop/Self-driving-car-simulation/Data/IMG/left_2019_03_01_18_35_41_900.jpg, /home/zubin/Desktop/Self-driving-car-simulation/Data/IMG/right_2019_03_01_18_35_41_900.jpg, 0, 0, 0, 5.106841
/home/zubin/Desktop/Self-driving-car-simulation/Data/IMG/center_2019_03_01_18_35_42_001.jpg, /home/zubin/Desktop/Self-driving-car-simulation/Data/IMG/left_2019_03_01_18_35_42_001.jpg, /home/zubin/Desktop/Self-driving-car-simulation/Data/IMG/right_2019_03_01_18_35_42_001.jpg, 0, 0, 0.301893, 4.626831
/home/zubin/Desktop/Self-driving-car-simulation/Data/IMG/center_2019_03_01_18_35_42_116.jpg, /home/zubin/Desktop/Self-driving-car-simulation/Data/IMG/left_2019_03_01_18_35_42_116.jpg, /home/zubin/Desktop/Self-driving-car-simulation/Data/IMG/right_2019_03_01_18_35_42_116.jpg, 0, 0, 0, 4.523228
/home/zubin/Desktop/Self-driving-car-simulation/Data/IMG/center_2019_03_01_18_35_42_217.jpg, /home/zubin/Desktop/Self-driving-car-simulation/Data/IMG/left_2019_03_01_18_35_42_217.jpg, /home/zubin/Desktop/Self-driving-car-simulation/Data/IMG/right_2019_03_01_18_35_42_217.jpg, 0, 0, 0, 4.475846
/home/zubin/Desktop/Self-driving-car-simulation/Data/IMG/center_2019_03_01_18_35_42_331.jpg, /home/zubin/Desktop/Self-driving-car-simulation/Data/IMG/left_2019_03_01_18_35_42_331.jpg, /home/zubin/Desktop/Self-driving-car-simulation/Data/IMG/right_2019_03_01_18_35_42_331.jpg, 0, 0, 0, 4.428942
/home/zubin/Desktop/Self-driving-car-simulation/Data/IMG/center_2019_03_01_18_35_42_432.jpg, /home/zubin/Desktop/Self-driving-car-simulation/Data/IMG/left_2019_03_01_18_35_42_432.jpg, /home/zubin/Desktop/Self-driving-car-simulation/Data/IMG/right_2019_03_01_18_35_42_432.jpg, 0, 0, 0, 4.382509
/home/zubin/Desktop/Self-driving-car-simulation/Data/IMG/center_2019_03_01_18_35_42_549.jpg, /home/zubin/Desktop/Self-driving-car-simulation/Data/IMG/left_2019_03_01_18_35_42_549.jpg, /home/zubin/Desktop/Self-driving-car-simulation/Data/IMG/right_2019_03_01_18_35_42_549.jpg, 0, 0, 0, 4.327405
/home/zubin/Desktop/Self-driving-car-simulation/Data/IMG/center_2019_03_01_18_35_42_665.jpg, /home/zubin/Desktop/Self-driving-car-simulation/Data/IMG/left_2019_03_01_18_35_42_665.jpg, /home/zubin/Desktop/Self-driving-car-simulation/Data/IMG/right_2019_03_01_18_35_42_665.jpg, 0, 0, 0, 4.272961
/home/zubin/Desktop/Self-driving-car-simulation/Data/IMG/center_2019_03_01_18_35_42_765.jpg, /home/zubin/Desktop/Self-driving-car-simulation/Data/IMG/left_2019_03_01_18_35_42_765.jpg, /home/zubin/Desktop/Self-driving-car-simulation/Data/IMG/right_2019_03_01_18_35_42_765.jpg, 0, 0, 0, 4.228094
/home/zubin/Desktop/Self-driving-car-simulation/Data/IMG/center_2019_03_01_18_35_42_867.jpg, /home/zubin/Desktop/Self-driving-car-simulation/Data/IMG/left_2019_03_01_18_35_42_867.jpg, /home/zubin/Desktop/Self-driving-car-simulation/Data/IMG/right_2019_03_01_18_35_42_867.jpg, 0, 0, 0, 4.183676
/home/zubin/Desktop/Self-driving-car-simulation/Data/IMG/center_2019_03_01_18_35_42_981.jpg, /home/zubin/Desktop/Self-driving-car-simulation/Data/IMG/left_2019_03_01_18_35_42_981.jpg, /home/zubin/Desktop/Self-driving-car-simulation/Data/IMG/right_2019_03_01_18_35_42_981.jpg, 0, 0, 0, 4.130962
/home/zubin/Desktop/Self-driving-car-simulation/Data/IMG/center_2019_03_01_18_35_43_082.jpg, /home/zubin/Desktop/Self-driving-car-simulation/Data/IMG/left_2019_03_01_18_35_43_082.jpg, /home/zubin/Desktop/Self-driving-car-simulation/Data/IMG/right_2019_03_01_18_35_43_082.jpg, 0, 0, 0.1641569, 4.066287
/home/zubin/Desktop/Self-driving-car-simulation/Data/IMG/center_2019_03_01_18_35_43_182.jpg, /home/zubin/Desktop/Self-driving-car-simulation/Data/IMG/left_2019_03_01_18_35_43_182.jpg, /home/zubin/Desktop/Self-driving-car-simulation/Data/IMG/right_2019_03_01_18_35_43_182.jpg, 0, 0, 0.04403043, 3.964885
/home/zubin/Desktop/Self-driving-car-simulation/Data/IMG/center_2019_03_01_18_35_43_282.jpg, /home/zubin/Desktop/Self-driving-car-simulation/Data/IMG/left_2019_03_01_18_35_43_282.jpg, /home/zubin/Desktop/Self-driving-car-simulation/Data/IMG/right_2019_03_01_18_35_43_282.jpg, 0, 0, 0, 3.922753
/home/zubin/Desktop/Self-driving-car-simulation/Data/IMG/center_2019_03_01_18_35_43_382.jpg, /home/zubin/Desktop/Self-driving-car-simulation/Data/IMG/left_2019_03_01_18_35_43_382.jpg, /home/zubin/Desktop/Self-driving-car-simulation/Data/IMG/right_2019_03_01_18_35_43_382.jpg, 0, 0, 0, 3.8814
/home/zubin/Desktop/Self-driving-car-simulation/Data/IMG/center_2019_03_01_18_35_43_497.jpg, /home/zubin/Desktop/Self-driving-car-simulation/Data/IMG/left_2019_03_01_18_35_43_497.jpg, /home/zubin/Desktop/Self-driving-car-simulation/Data/IMG/right_2019_03_01_18_35_43_497.jpg, 0, 0, 0, 3.832323
/home/zubin/Desktop/Self-driving-car-simulation/Data/IMG/center_2019_03_01_18_35_43_597.jpg, /home/zubin/Desktop/Self-driving-car-simulation/Data/IMG/left_2019_03_01_18_35_43_597.jpg, /home/zubin/Desktop/Self-driving-car-simulation/Data/IMG/right_2019_03_01_18_35_43_597.jpg, 0, 0, 0, 3.791877
/home/zubin/Desktop/Self-driving-car-simulation/Data/IMG/center_2019_03_01_18_35_43_698.jpg, /home/zubin/Desktop/Self-driving-car-simulation/Data/IMG/left_2019_03_01_18_35_43_698.jpg, /home/zubin/Desktop/Self-driving-car-simulation/Data/IMG/right_2019_03_01_18_35_43_698.jpg, 0, 0, 0, 3.751838
/home/zubin/Desktop/Self-driving-car-simulation/Data/IMG/center_2019_03_01_18_35_43_814.jpg, /home/zubin/Desktop/Self-driving-car-simulation/Data/IMG/left_2019_03_01_18_35_43_814.jpg, /home/zubin/Desktop/Self-driving-car-simulation/Data/IMG/right_2019_03_01_18_35_43_814.jpg, 0, 0, 0, 3.70432
/home/zubin/Desktop/Self-driving-car-simulation/Data/IMG/center_2019_03_01_18_35_43_931.jpg, /home/zubin/Desktop/Self-driving-car-simulation/Data/IMG/left_2019_03_01_18_35_43_931.jpg, /home/zubin/Desktop/Self-driving-car-simulation/Data/IMG/right_2019_03_01_18_35_43_931.jpg, 0, 0, 0.1009469, 3.654733
/home/zubin/Desktop/Self-driving-car-simulation/Data/IMG/center_2019_03_01_18_35_44_032.jpg, /home/zubin/Desktop/Self-driving-car-simulation/Data/IMG/left_2019_03_01_18_35_44_032.jpg, /home/zubin/Desktop/Self-driving-car-simulation/Data/IMG/right_2019_03_01_18_35_44_032.jpg, 0, 0, 0.2020447, 3.524919
/home/zubin/Desktop/Self-driving-car-simulation/Data/IMG/center_2019_03_01_18_35_44_147.jpg, /home/zubin/Desktop/Self-driving-car-simulation/Data/IMG/left_2019_03_01_18_35_44_147.jpg, /home/zubin/Desktop/Self-driving-car-simulation/Data/IMG/right_2019_03_01_18_35_44_147.jpg, 0, 0, 0, 3.45496
/home/zubin/Desktop/Self-driving-car-simulation/Data/IMG/center_2019_03_01_18_35_44_249.jpg, /home/zubin/Desktop/Self-driving-car-simulation/Data/IMG/left_2019_03_01_18_35_44_249.jpg, /home/zubin/Desktop/Self-driving-car-simulation/Data/IMG/right_2019_03_01_18_35_44_249.jpg, 0, 0, 0, 3.418301
/home/zubin/Desktop/Self-driving-car-simulation/Data/IMG/center_2019_03_01_18_35_44_363.jpg, /home/zubin/Desktop/Self-driving-car-simulation/Data/IMG/left_2019_03_01_18_35_44_363.jpg, /home/zubin/Desktop/Self-driving-car-simulation/Data/IMG/right_2019_03_01_18_35_44_363.jpg, 0, 0, 0, 3.374796
/home/zubin/Desktop/Self-driving-car-simulation/Data/IMG/center_2019_03_01_18_35_44_480.jpg, /home/zubin/Desktop/Self-driving-car-simulation/Data/IMG/left_2019_03_01_18_35_44_480.jpg, /home/zubin/Desktop/Self-driving-car-simulation/Data/IMG/right_2019_03_01_18_35_44_480.jpg, 0, 0, 0, 3.331815
/home/zubin/Desktop/Self-driving-car-simulation/Data/IMG/center_2019_03_01_18_35_44_581.jpg, /home/zubin/Desktop/Self-driving-car-simulation/Data/IMG/left_2019_03_01_18_35_44_581.jpg, /home/zubin/Desktop/Self-driving-car-simulation/Data/IMG/right_2019_03_01_18_35_44_581.jpg, 0, 0, 0, 3.296393
/home/zubin/Desktop/Self-driving-car-simulation/Data/IMG/center_2019_03_01_18_35_44_699.jpg, /home/zubin/Desktop/Self-driving-car-simulation/Data/IMG/left_2019_03_01_18_35_44_699.jpg, /home/zubin/Desktop/Self-driving-car-simulation/Data/IMG/right_2019_03_01_18_35_44_699.jpg, 0, 0, 0, 3.254354
/home/zubin/Desktop/Self-driving-car-simulation/Data/IMG/center_2019_03_01_18_35_44_812.jpg, /home/zubin/Desktop/Self-driving-car-simulation/Data/IMG/left_2019_03_01_18_35_44_812.jpg, /home/zubin/Desktop/Self-driving-car-simulation/Data/IMG/right_2019_03_01_18_35_44_812.jpg, 0, 0, 0.2948456, 3.132478
/home/zubin/Desktop/Self-driving-car-simulation/Data/IMG/center_2019_03_01_18_35_44_913.jpg, /home/zubin/Desktop/Self-driving-car-simulation/Data/IMG/left_2019_03_01_18_35_44_913.jpg, /home/zubin/Desktop/Self-driving-car-simulation/Data/IMG/right_2019_03_01_18_35_44_913.jpg, 0, 0, 0.09477353, 3.031258
/home/zubin/Desktop/Self-driving-car-simulation/Data/IMG/center_2019_03_01_18_35_45_015.jpg, /home/zubin/Desktop/Self-driving-car-simulation/Data/IMG/left_2019_03_01_18_35_45_015.jpg, /home/zubin/Desktop/Self-driving-car-simulation/Data/IMG/right_2019_03_01_18_35_45_015.jpg, 0, 0, 0, 3.014175
/home/zubin/Desktop/Self-driving-car-simulation/Data/IMG/center_2019_03_01_18_35_45_131.jpg, /home/zubin/Desktop/Self-driving-car-simulation/Data/IMG/left_2019_03_01_18_35_45_131.jpg, /home/zubin/Desktop/Self-driving-car-simulation/Data/IMG/right_2019_03_01_18_35_45_131.jpg, 0, 0, 0, 2.981941
/home/zubin/Desktop/Self-driving-car-simulation/Data/IMG/center_2019_03_01_18_35_45_247.jpg, /home/zubin/Desktop/Self-driving-car-simulation/Data/IMG/left_2019_03_01_18_35_45_247.jpg, /home/zubin/Desktop/Self-driving-car-simulation/Data/IMG/right_2019_03_01_18_35_45_247.jpg, 0, 0, 0, 2.943686
/home/zubin/Desktop/Self-driving-car-simulation/Data/IMG/center_2019_03_01_18_35_45_362.jpg, /home/zubin/Desktop/Self-driving-car-simulation/Data/IMG/left_2019_03_01_18_35_45_362.jpg, /home/zubin/Desktop/Self-driving-car-simulation/Data/IMG/right_2019_03_01_18_35_45_362.jpg, 0, 0, 0, 2.905892
/home/zubin/Desktop/Self-driving-car-simulation/Data/IMG/center_2019_03_01_18_35_45_463.jpg, /home/zubin/Desktop/Self-driving-car-simulation/Data/IMG/left_2019_03_01_18_35_45_463.jpg, /home/zubin/Desktop/Self-driving-car-simulation/Data/IMG/right_2019_03_01_18_35_45_463.jpg, 0, 0, 0, 2.874744
/home/zubin/Desktop/Self-driving-car-simulation/Data/IMG/center_2019_03_01_18_35_45_563.jpg, /home/zubin/Desktop/Self-driving-car-simulation/Data/IMG/left_2019_03_01_18_35_45_563.jpg, /home/zubin/Desktop/Self-driving-car-simulation/Data/IMG/right_2019_03_01_18_35_45_563.jpg, 0, 0, 0, 2.843909
/home/zubin/Desktop/Self-driving-car-simulation/Data/IMG/center_2019_03_01_18_35_45_680.jpg, /home/zubin/Desktop/Self-driving-car-simulation/Data/IMG/left_2019_03_01_18_35_45_680.jpg, /home/zubin/Desktop/Self-driving-car-simulation/Data/IMG/right_2019_03_01_18_35_45_680.jpg, 0, 0, 0.0551548, 2.804769
/home/zubin/Desktop/Self-driving-car-simulation/Data/IMG/center_2019_03_01_18_35_45_796.jpg, /home/zubin/Desktop/Self-driving-car-simulation/Data/IMG/left_2019_03_01_18_35_45_796.jpg, /home/zubin/Desktop/Self-driving-car-simulation/Data/IMG/right_2019_03_01_18_35_45_796.jpg, 0, 0, 0.09316707, 2.658634
/home/zubin/Desktop/Self-driving-car-simulation/Data/IMG/center_2019_03_01_18_35_45_910.jpg, /home/zubin/Desktop/Self-driving-car-simulation/Data/IMG/left_2019_03_01_18_35_45_910.jpg, /home/zubin/Desktop/Self-driving-car-simulation/Data/IMG/right_2019_03_01_18_35_45_910.jpg, 0, 0, 0, 2.66592
/home/zubin/Desktop/Self-driving-car-simulation/Data/IMG/center_2019_03_01_18_35_46_012.jpg, /home/zubin/Desktop/Self-driving-car-simulation/Data/IMG/left_2019_03_01_18_35_46_012.jpg, /home/zubin/Desktop/Self-driving-car-simulation/Data/IMG/right_2019_03_01_18_35_46_012.jpg, 0, 0, 0, 2.637181
/home/zubin/Desktop/Self-driving-car-simulation/Data/IMG/center_2019_03_01_18_35_46_127.jpg, /home/zubin/Desktop/Self-driving-car-simulation/Data/IMG/left_2019_03_01_18_35_46_127.jpg, /home/zubin/Desktop/Self-driving-car-simulation/Data/IMG/right_2019_03_01_18_35_46_127.jpg, 0, 0, 0, 2.603074
/home/zubin/Desktop/Self-driving-car-simulation/Data/IMG/center_2019_03_01_18_35_46_228.jpg, /home/zubin/Desktop/Self-driving-car-simulation/Data/IMG/left_2019_03_01_18_35_46_228.jpg, /home/zubin/Desktop/Self-driving-car-simulation/Data/IMG/right_2019_03_01_18_35_46_228.jpg, 0, 0, 0, 2.574965
/home/zubin/Desktop/Self-driving-car-simulation/Data/IMG/center_2019_03_01_18_35_46_346.jpg, /home/zubin/Desktop/Self-driving-car-simulation/Data/IMG/left_2019_03_01_18_35_46_346.jpg, /home/zubin/Desktop/Self-driving-car-simulation/Data/IMG/right_2019_03_01_18_35_46_346.jpg, 0, 0, 0.05550313, 2.54027
/home/zubin/Desktop/Self-driving-car-simulation/Data/IMG/center_2019_03_01_18_35_46_462.jpg, /home/zubin/Desktop/Self-driving-car-simulation/Data/IMG/left_2019_03_01_18_35_46_462.jpg, /home/zubin/Desktop/Self-driving-car-simulation/Data/IMG/right_2019_03_01_18_35_46_462.jpg, 0, 0, 0.02641869, 2.478019
/home/zubin/Desktop/Self-driving-car-simulation/Data/IMG/center_2019_03_01_18_35_46_562.jpg, /home/zubin/Desktop/Self-driving-car-simulation/Data/IMG/left_2019_03_01_18_35_46_562.jpg, /home/zubin/Desktop/Self-driving-car-simulation/Data/IMG/right_2019_03_01_18_35_46_562.jpg, 0, 0, 0, 2.423501
/home/zubin/Desktop/Self-driving-car-simulation/Data/IMG/center_2019_03_01_18_35_46_680.jpg, /home/zubin/Desktop/Self-driving-car-simulation/Data/IMG/left_2019_03_01_18_35_46_680.jpg, /home/zubin/Desktop/Self-driving-car-simulation/Data/IMG/right_2019_03_01_18_35_46_680.jpg, 0, 0, 0, 2.391965
/home/zubin/Desktop/Self-driving-car-simulation/Data/IMG/center_2019_03_01_18_35_46_795.jpg, /home/zubin/Desktop/Self-driving-car-simulation/Data/IMG/left_2019_03_01_18_35_46_795.jpg, /home/zubin/Desktop/Self-driving-car-simulation/Data/IMG/right_2019_03_01_18_35_46_795.jpg, 0, 0, 0, 2.360808
/home/zubin/Desktop/Self-driving-car-simulation/Data/IMG/center_2019_03_01_18_35_46_911.jpg, /home/zubin/Desktop/Self-driving-car-simulation/Data/IMG/left_2019_03_01_18_35_46_911.jpg, /home/zubin/Desktop/Self-driving-car-simulation/Data/IMG/right_2019_03_01_18_35_46_911.jpg, 0, 0, 0, 2.33513
/home/zubin/Desktop/Self-driving-car-simulation/Data/IMG/center_2019_03_01_18_35_47_012.jpg, /home/zubin/Desktop/Self-driving-car-simulation/Data/IMG/left_2019_03_01_18_35_47_012.jpg, /home/zubin/Desktop/Self-driving-car-simulation/Data/IMG/right_2019_03_01_18_35_47_012.jpg, 0, 0, 0, 2.309711
/home/zubin/Desktop/Self-driving-car-simulation/Data/IMG/center_2019_03_01_18_35_47_130.jpg, /home/zubin/Desktop/Self-driving-car-simulation/Data/IMG/left_2019_03_01_18_35_47_130.jpg, /home/zubin/Desktop/Self-driving-car-simulation/Data/IMG/right_2019_03_01_18_35_47_130.jpg, 0, 0, 0, 2.279543
/home/zubin/Desktop/Self-driving-car-simulation/Data/IMG/center_2019_03_01_18_35_47_245.jpg, /home/zubin/Desktop/Self-driving-car-simulation/Data/IMG/left_2019_03_01_18_35_47_245.jpg, /home/zubin/Desktop/Self-driving-car-simulation/Data/IMG/right_2019_03_01_18_35_47_245.jpg, 0, 0, 0, 2.249739
/home/zubin/Desktop/Self-driving-car-simulation/Data/IMG/center_2019_03_01_18_35_47_345.jpg, /home/zubin/Desktop/Self-driving-car-simulation/Data/IMG/left_2019_03_01_18_35_47_345.jpg, /home/zubin/Desktop/Self-driving-car-simulation/Data/IMG/right_2019_03_01_18_35_47_345.jpg, 0, 0, 0, 2.225176
/home/zubin/Desktop/Self-driving-car-simulation/Data/IMG/center_2019_03_01_18_35_47_461.jpg, /home/zubin/Desktop/Self-driving-car-simulation/Data/IMG/left_2019_03_01_18_35_47_461.jpg, /home/zubin/Desktop/Self-driving-car-simulation/Data/IMG/right_2019_03_01_18_35_47_461.jpg, 0, 0, 0, 2.196025
/home/zubin/Desktop/Self-driving-car-simulation/Data/IMG/center_2019_03_01_18_35_47_577.jpg, /home/zubin/Desktop/Self-driving-car-simulation/Data/IMG/left_2019_03_01_18_35_47_577.jpg, /home/zubin/Desktop/Self-driving-car-simulation/Data/IMG/right_2019_03_01_18_35_47_577.jpg, 0, 0, 0, 2.167225
/home/zubin/Desktop/Self-driving-car-simulation/Data/IMG/center_2019_03_01_18_35_47_680.jpg, /home/zubin/Desktop/Self-driving-car-simulation/Data/IMG/left_2019_03_01_18_35_47_680.jpg, /home/zubin/Desktop/Self-driving-car-simulation/Data/IMG/right_2019_03_01_18_35_47_680.jpg, 0, 0, 0, 2.143489
/home/zubin/Desktop/Self-driving-car-simulation/Data/IMG/center_2019_03_01_18_35_47_793.jpg, /home/zubin/Desktop/Self-driving-car-simulation/Data/IMG/left_2019_03_01_18_35_47_793.jpg, /home/zubin/Desktop/Self-driving-car-simulation/Data/IMG/right_2019_03_01_18_35_47_793.jpg, 0, 0, 0, 2.119993
/home/zubin/Desktop/Self-driving-car-simulation/Data/IMG/center_2019_03_01_18_35_47_896.jpg, /home/zubin/Desktop/Self-driving-car-simulation/Data/IMG/left_2019_03_01_18_35_47_896.jpg, /home/zubin/Desktop/Self-driving-car-simulation/Data/IMG/right_2019_03_01_18_35_47_896.jpg, 0, 0, 0, 2.092108
/home/zubin/Desktop/Self-driving-car-simulation/Data/IMG/center_2019_03_01_18_35_48_012.jpg, /home/zubin/Desktop/Self-driving-car-simulation/Data/IMG/left_2019_03_01_18_35_48_012.jpg, /home/zubin/Desktop/Self-driving-car-simulation/Data/IMG/right_2019_03_01_18_35_48_012.jpg, 0, 0, 0, 2.069127
/home/zubin/Desktop/Self-driving-car-simulation/Data/IMG/center_2019_03_01_18_35_48_127.jpg, /home/zubin/Desktop/Self-driving-car-simulation/Data/IMG/left_2019_03_01_18_35_48_127.jpg, /home/zubin/Desktop/Self-driving-car-simulation/Data/IMG/right_2019_03_01_18_35_48_127.jpg, 0, 0, 0, 2.041854
/home/zubin/Desktop/Self-driving-car-simulation/Data/IMG/center_2019_03_01_18_35_48_228.jpg, /home/zubin/Desktop/Self-driving-car-simulation/Data/IMG/left_2019_03_01_18_35_48_228.jpg, /home/zubin/Desktop/Self-driving-car-simulation/Data/IMG/right_2019_03_01_18_35_48_228.jpg, 0, 0, 0, 2.019377
/home/zubin/Desktop/Self-driving-car-simulation/Data/IMG/center_2019_03_01_18_35_48_343.jpg, /home/zubin/Desktop/Self-driving-car-simulation/Data/IMG/left_2019_03_01_18_35_48_343.jpg, /home/zubin/Desktop/Self-driving-car-simulation/Data/IMG/right_2019_03_01_18_35_48_343.jpg, 0, 0, 0, 1.992703
/home/zubin/Desktop/Self-driving-car-simulation/Data/IMG/center_2019_03_01_18_35_48_445.jpg, /home/zubin/Desktop/Self-driving-car-simulation/Data/IMG/left_2019_03_01_18_35_48_445.jpg, /home/zubin/Desktop/Self-driving-car-simulation/Data/IMG/right_2019_03_01_18_35_48_445.jpg, 0, 0, 0, 1.97072
/home/zubin/Desktop/Self-driving-car-simulation/Data/IMG/center_2019_03_01_18_35_48_559.jpg, /home/zubin/Desktop/Self-driving-car-simulation/Data/IMG/left_2019_03_01_18_35_48_559.jpg, /home/zubin/Desktop/Self-driving-car-simulation/Data/IMG/right_2019_03_01_18_35_48_559.jpg, 0, 0, 0, 1.944631
/home/zubin/Desktop/Self-driving-car-simulation/Data/IMG/center_2019_03_01_18_35_48_661.jpg, /home/zubin/Desktop/Self-driving-car-simulation/Data/IMG/left_2019_03_01_18_35_48_661.jpg, /home/zubin/Desktop/Self-driving-car-simulation/Data/IMG/right_2019_03_01_18_35_48_661.jpg, 0, 0, 0, 1.923131
/home/zubin/Desktop/Self-driving-car-simulation/Data/IMG/center_2019_03_01_18_35_48_776.jpg, /home/zubin/Desktop/Self-driving-car-simulation/Data/IMG/left_2019_03_01_18_35_48_776.jpg, /home/zubin/Desktop/Self-driving-car-simulation/Data/IMG/right_2019_03_01_18_35_48_776.jpg, 0, 0, 0, 1.897614
/home/zubin/Desktop/Self-driving-car-simulation/Data/IMG/center_2019_03_01_18_35_48_893.jpg, /home/zubin/Desktop/Self-driving-car-simulation/Data/IMG/left_2019_03_01_18_35_48_893.jpg, /home/zubin/Desktop/Self-driving-car-simulation/Data/IMG/right_2019_03_01_18_35_48_893.jpg, 0, 0, 0, 1.876585
/home/zubin/Desktop/Self-driving-car-simulation/Data/IMG/center_2019_03_01_18_35_49_011.jpg, /home/zubin/Desktop/Self-driving-car-simulation/Data/IMG/left_2019_03_01_18_35_49_011.jpg, /home/zubin/Desktop/Self-driving-car-simulation/Data/IMG/right_2019_03_01_18_35_49_011.jpg, 0, 0, 0, 1.851629
/home/zubin/Desktop/Self-driving-car-simulation/Data/IMG/center_2019_03_01_18_35_49_125.jpg, /home/zubin/Desktop/Self-driving-car-simulation/Data/IMG/left_2019_03_01_18_35_49_125.jpg, /home/zubin/Desktop/Self-driving-car-simulation/Data/IMG/right_2019_03_01_18_35_49_125.jpg, 0, 0, 0, 1.826972
/home/zubin/Desktop/Self-driving-car-simulation/Data/IMG/center_2019_03_01_18_35_49_226.jpg, /home/zubin/Desktop/Self-driving-car-simulation/Data/IMG/left_2019_03_01_18_35_49_226.jpg, /home/zubin/Desktop/Self-driving-car-simulation/Data/IMG/right_2019_03_01_18_35_49_226.jpg, 0, 0, 0, 1.806653
/home/zubin/Desktop/Self-driving-car-simulation/Data/IMG/center_2019_03_01_18_35_49_341.jpg, /home/zubin/Desktop/Self-driving-car-simulation/Data/IMG/left_2019_03_01_18_35_49_341.jpg, /home/zubin/Desktop/Self-driving-car-simulation/Data/IMG/right_2019_03_01_18_35_49_341.jpg, 0, 0, 0, 1.782537
/home/zubin/Desktop/Self-driving-car-simulation/Data/IMG/center_2019_03_01_18_35_49_443.jpg, /home/zubin/Desktop/Self-driving-car-simulation/Data/IMG/left_2019_03_01_18_35_49_443.jpg, /home/zubin/Desktop/Self-driving-car-simulation/Data/IMG/right_2019_03_01_18_35_49_443.jpg, 0, 0, 0, 1.762663
/home/zubin/Desktop/Self-driving-car-simulation/Data/IMG/center_2019_03_01_18_35_49_560.jpg, /home/zubin/Desktop/Self-driving-car-simulation/Data/IMG/left_2019_03_01_18_35_49_560.jpg, /home/zubin/Desktop/Self-driving-car-simulation/Data/IMG/right_2019_03_01_18_35_49_560.jpg, 0, 0, 0, 1.739077
/home/zubin/Desktop/Self-driving-car-simulation/Data/IMG/center_2019_03_01_18_35_49_675.jpg, /home/zubin/Desktop/Self-driving-car-simulation/Data/IMG/left_2019_03_01_18_35_49_675.jpg, /home/zubin/Desktop/Self-driving-car-simulation/Data/IMG/right_2019_03_01_18_35_49_675.jpg, 0, 0, 0, 1.715775
/home/zubin/Desktop/Self-driving-car-simulation/Data/IMG/center_2019_03_01_18_35_49_775.jpg, /home/zubin/Desktop/Self-driving-car-simulation/Data/IMG/left_2019_03_01_18_35_49_775.jpg, /home/zubin/Desktop/Self-driving-car-simulation/Data/IMG/right_2019_03_01_18_35_49_775.jpg, 0, 0, 0, 1.696571
/home/zubin/Desktop/Self-driving-car-simulation/Data/IMG/center_2019_03_01_18_35_49_890.jpg, /home/zubin/Desktop/Self-driving-car-simulation/Data/IMG/left_2019_03_01_18_35_49_890.jpg, /home/zubin/Desktop/Self-driving-car-simulation/Data/IMG/right_2019_03_01_18_35_49_890.jpg, 0, 0, 0, 1.677559
/home/zubin/Desktop/Self-driving-car-simulation/Data/IMG/center_2019_03_01_18_35_49_992.jpg, /home/zubin/Desktop/Self-driving-car-simulation/Data/IMG/left_2019_03_01_18_35_49_992.jpg, /home/zubin/Desktop/Self-driving-car-simulation/Data/IMG/right_2019_03_01_18_35_49_992.jpg, 0, 0, 0, 1.658739
/home/zubin/Desktop/Self-driving-car-simulation/Data/IMG/center_2019_03_01_18_35_50_108.jpg, /home/zubin/Desktop/Self-driving-car-simulation/Data/IMG/left_2019_03_01_18_35_50_108.jpg, /home/zubin/Desktop/Self-driving-car-simulation/Data/IMG/right_2019_03_01_18_35_50_108.jpg, 0, 0, 0, 1.636403
/home/zubin/Desktop/Self-driving-car-simulation/Data/IMG/center_2019_03_01_18_35_50_209.jpg, /home/zubin/Desktop/Self-driving-car-simulation/Data/IMG/left_2019_03_01_18_35_50_209.jpg, /home/zubin/Desktop/Self-driving-car-simulation/Data/IMG/right_2019_03_01_18_35_50_209.jpg, 0, 0, 0, 1.617996
/home/zubin/Desktop/Self-driving-car-simulation/Data/IMG/center_2019_03_01_18_35_50_325.jpg, /home/zubin/Desktop/Self-driving-car-simulation/Data/IMG/left_2019_03_01_18_35_50_325.jpg, /home/zubin/Desktop/Self-driving-car-simulation/Data/IMG/right_2019_03_01_18_35_50_325.jpg, 0, 0, 0, 1.59615
/home/zubin/Desktop/Self-driving-car-simulation/Data/IMG/center_2019_03_01_18_35_50_440.jpg, /home/zubin/Desktop/Self-driving-car-simulation/Data/IMG/left_2019_03_01_18_35_50_440.jpg, /home/zubin/Desktop/Self-driving-car-simulation/Data/IMG/right_2019_03_01_18_35_50_440.jpg, 0, 0, 0, 1.574568
/home/zubin/Desktop/Self-driving-car-simulation/Data/IMG/center_2019_03_01_18_35_50_558.jpg, /home/zubin/Desktop/Self-driving-car-simulation/Data/IMG/left_2019_03_01_18_35_50_558.jpg, /home/zubin/Desktop/Self-driving-car-simulation/Data/IMG/right_2019_03_01_18_35_50_558.jpg, 0, 0, 0, 1.553245
/home/zubin/Desktop/Self-driving-car-simulation/Data/IMG/center_2019_03_01_18_35_50_674.jpg, /home/zubin/Desktop/Self-driving-car-simulation/Data/IMG/left_2019_03_01_18_35_50_674.jpg, /home/zubin/Desktop/Self-driving-car-simulation/Data/IMG/right_2019_03_01_18_35_50_674.jpg, 0, 0, 0, 1.532178
/home/zubin/Desktop/Self-driving-car-simulation/Data/IMG/center_2019_03_01_18_35_50_789.jpg, /home/zubin/Desktop/Self-driving-car-simulation/Data/IMG/left_2019_03_01_18_35_50_789.jpg, /home/zubin/Desktop/Self-driving-car-simulation/Data/IMG/right_2019_03_01_18_35_50_789.jpg, 0, 0, 0, 1.514817
/home/zubin/Desktop/Self-driving-car-simulation/Data/IMG/center_2019_03_01_18_35_50_890.jpg, /home/zubin/Desktop/Self-driving-car-simulation/Data/IMG/left_2019_03_01_18_35_50_890.jpg, /home/zubin/Desktop/Self-driving-car-simulation/Data/IMG/right_2019_03_01_18_35_50_890.jpg, 0, 0, 0, 1.497629
/home/zubin/Desktop/Self-driving-car-simulation/Data/IMG/center_2019_03_01_18_35_51_008.jpg, /home/zubin/Desktop/Self-driving-car-simulation/Data/IMG/left_2019_03_01_18_35_51_008.jpg, /home/zubin/Desktop/Self-driving-car-simulation/Data/IMG/right_2019_03_01_18_35_51_008.jpg, 0, 0, 0, 1.477232
/home/zubin/Desktop/Self-driving-car-simulation/Data/IMG/center_2019_03_01_18_35_51_124.jpg, /home/zubin/Desktop/Self-driving-car-simulation/Data/IMG/left_2019_03_01_18_35_51_124.jpg, /home/zubin/Desktop/Self-driving-car-simulation/Data/IMG/right_2019_03_01_18_35_51_124.jpg, 0, 0, 0, 1.45708
/home/zubin/Desktop/Self-driving-car-simulation/Data/IMG/center_2019_03_01_18_35_51_239.jpg, /home/zubin/Desktop/Self-driving-car-simulation/Data/IMG/left_2019_03_01_18_35_51_239.jpg, /home/zubin/Desktop/Self-driving-car-simulation/Data/IMG/right_2019_03_01_18_35_51_239.jpg, 0, 0, 0, 1.43717
/home/zubin/Desktop/Self-driving-car-simulation/Data/IMG/center_2019_03_01_18_35_51_339.jpg, /home/zubin/Desktop/Self-driving-car-simulation/Data/IMG/left_2019_03_01_18_35_51_339.jpg, /home/zubin/Desktop/Self-driving-car-simulation/Data/IMG/right_2019_03_01_18_35_51_339.jpg, 0, 0, 0, 1.420762
/home/zubin/Desktop/Self-driving-car-simulation/Data/IMG/center_2019_03_01_18_35_51_455.jpg, /home/zubin/Desktop/Self-driving-car-simulation/Data/IMG/left_2019_03_01_18_35_51_455.jpg, /home/zubin/Desktop/Self-driving-car-simulation/Data/IMG/right_2019_03_01_18_35_51_455.jpg, 0, 0, 0, 1.401289
/home/zubin/Desktop/Self-driving-car-simulation/Data/IMG/center_2019_03_01_18_35_51_557.jpg, /home/zubin/Desktop/Self-driving-car-simulation/Data/IMG/left_2019_03_01_18_35_51_557.jpg, /home/zubin/Desktop/Self-driving-car-simulation/Data/IMG/right_2019_03_01_18_35_51_557.jpg, 0, 0, 0, 1.385242
/home/zubin/Desktop/Self-driving-car-simulation/Data/IMG/center_2019_03_01_18_35_51_657.jpg, /home/zubin/Desktop/Self-driving-car-simulation/Data/IMG/left_2019_03_01_18_35_51_657.jpg, /home/zubin/Desktop/Self-driving-car-simulation/Data/IMG/right_2019_03_01_18_35_51_657.jpg, 0, 0, 0, 1.369354
/home/zubin/Desktop/Self-driving-car-simulation/Data/IMG/center_2019_03_01_18_35_51_771.jpg, /home/zubin/Desktop/Self-driving-car-simulation/Data/IMG/left_2019_03_01_18_35_51_771.jpg, /home/zubin/Desktop/Self-driving-car-simulation/Data/IMG/right_2019_03_01_18_35_51_771.jpg, 0, 0, 0, 1.353627
/home/zubin/Desktop/Self-driving-car-simulation/Data/IMG/center_2019_03_01_18_35_51_871.jpg, /home/zubin/Desktop/Self-driving-car-simulation/Data/IMG/left_2019_03_01_18_35_51_871.jpg, /home/zubin/Desktop/Self-driving-car-simulation/Data/IMG/right_2019_03_01_18_35_51_871.jpg, 0, 0, 0, 1.338057
/home/zubin/Desktop/Self-driving-car-simulation/Data/IMG/center_2019_03_01_18_35_51_991.jpg, /home/zubin/Desktop/Self-driving-car-simulation/Data/IMG/left_2019_03_01_18_35_51_991.jpg, /home/zubin/Desktop/Self-driving-car-simulation/Data/IMG/right_2019_03_01_18_35_51_991.jpg, 0, 0, 0, 1.319579
/home/zubin/Desktop/Self-driving-car-simulation/Data/IMG/center_2019_03_01_18_35_52_105.jpg, /home/zubin/Desktop/Self-driving-car-simulation/Data/IMG/left_2019_03_01_18_35_52_105.jpg, /home/zubin/Desktop/Self-driving-car-simulation/Data/IMG/right_2019_03_01_18_35_52_105.jpg, 0, 0, 0, 1.301324
/home/zubin/Desktop/Self-driving-car-simulation/Data/IMG/center_2019_03_01_18_35_52_206.jpg, /home/zubin/Desktop/Self-driving-car-simulation/Data/IMG/left_2019_03_01_18_35_52_206.jpg, /home/zubin/Desktop/Self-driving-car-simulation/Data/IMG/right_2019_03_01_18_35_52_206.jpg, 0, 0, 0, 1.286279
/home/zubin/Desktop/Self-driving-car-simulation/Data/IMG/center_2019_03_01_18_35_52_307.jpg, /home/zubin/Desktop/Self-driving-car-simulation/Data/IMG/left_2019_03_01_18_35_52_307.jpg, /home/zubin/Desktop/Self-driving-car-simulation/Data/IMG/right_2019_03_01_18_35_52_307.jpg, 0, 0, 0, 1.271385
/home/zubin/Desktop/Self-driving-car-simulation/Data/IMG/center_2019_03_01_18_35_52_422.jpg, /home/zubin/Desktop/Self-driving-car-simulation/Data/IMG/left_2019_03_01_18_35_52_422.jpg, /home/zubin/Desktop/Self-driving-car-simulation/Data/IMG/right_2019_03_01_18_35_52_422.jpg, 0, 0, 0, 1.25371
/home/zubin/Desktop/Self-driving-car-simulation/Data/IMG/center_2019_03_01_18_35_52_539.jpg, /home/zubin/Desktop/Self-driving-car-simulation/Data/IMG/left_2019_03_01_18_35_52_539.jpg, /home/zubin/Desktop/Self-driving-car-simulation/Data/IMG/right_2019_03_01_18_35_52_539.jpg, 0, 0, 0, 1.236247
/home/zubin/Desktop/Self-driving-car-simulation/Data/IMG/center_2019_03_01_18_35_52_654.jpg, /home/zubin/Desktop/Self-driving-car-simulation/Data/IMG/left_2019_03_01_18_35_52_654.jpg, /home/zubin/Desktop/Self-driving-car-simulation/Data/IMG/right_2019_03_01_18_35_52_654.jpg, 0, 0, 0, 1.218994
/home/zubin/Desktop/Self-driving-car-simulation/Data/IMG/center_2019_03_01_18_35_52_755.jpg, /home/zubin/Desktop/Self-driving-car-simulation/Data/IMG/left_2019_03_01_18_35_52_755.jpg, /home/zubin/Desktop/Self-driving-car-simulation/Data/IMG/right_2019_03_01_18_35_52_755.jpg, 0, 0, 0, 1.204776
/home/zubin/Desktop/Self-driving-car-simulation/Data/IMG/center_2019_03_01_18_35_52_873.jpg, /home/zubin/Desktop/Self-driving-car-simulation/Data/IMG/left_2019_03_01_18_35_52_873.jpg, /home/zubin/Desktop/Self-driving-car-simulation/Data/IMG/right_2019_03_01_18_35_52_873.jpg, 0, 0, 0, 1.1907
/home/zubin/Desktop/Self-driving-car-simulation/Data/IMG/center_2019_03_01_18_35_52_987.jpg, /home/zubin/Desktop/Self-driving-car-simulation/Data/IMG/left_2019_03_01_18_35_52_987.jpg, /home/zubin/Desktop/Self-driving-car-simulation/Data/IMG/right_2019_03_01_18_35_52_987.jpg, 0, 0, 0, 1.173995
/home/zubin/Desktop/Self-driving-car-simulation/Data/IMG/center_2019_03_01_18_35_53_089.jpg, /home/zubin/Desktop/Self-driving-car-simulation/Data/IMG/left_2019_03_01_18_35_53_089.jpg, /home/zubin/Desktop/Self-driving-car-simulation/Data/IMG/right_2019_03_01_18_35_53_089.jpg, 0, 0, 0, 1.160228
/home/zubin/Desktop/Self-driving-car-simulation/Data/IMG/center_2019_03_01_18_35_53_204.jpg, /home/zubin/Desktop/Self-driving-car-simulation/Data/IMG/left_2019_03_01_18_35_53_204.jpg, /home/zubin/Desktop/Self-driving-car-simulation/Data/IMG/right_2019_03_01_18_35_53_204.jpg, 0, 0, 0, 1.14389
/home/zubin/Desktop/Self-driving-car-simulation/Data/IMG/center_2019_03_01_18_35_53_306.jpg, /home/zubin/Desktop/Self-driving-car-simulation/Data/IMG/left_2019_03_01_18_35_53_306.jpg, /home/zubin/Desktop/Self-driving-car-simulation/Data/IMG/right_2019_03_01_18_35_53_306.jpg, 0, 0, 0, 1.130425
/home/zubin/Desktop/Self-driving-car-simulation/Data/IMG/center_2019_03_01_18_35_53_419.jpg, /home/zubin/Desktop/Self-driving-car-simulation/Data/IMG/left_2019_03_01_18_35_53_419.jpg, /home/zubin/Desktop/Self-driving-car-simulation/Data/IMG/right_2019_03_01_18_35_53_419.jpg, 0, 0, 0, 1.114445
/home/zubin/Desktop/Self-driving-car-simulation/Data/IMG/center_2019_03_01_18_35_53_522.jpg, /home/zubin/Desktop/Self-driving-car-simulation/Data/IMG/left_2019_03_01_18_35_53_522.jpg, /home/zubin/Desktop/Self-driving-car-simulation/Data/IMG/right_2019_03_01_18_35_53_522.jpg, 0, 0, 0, 1.101276
/home/zubin/Desktop/Self-driving-car-simulation/Data/IMG/center_2019_03_01_18_35_53_622.jpg, /home/zubin/Desktop/Self-driving-car-simulation/Data/IMG/left_2019_03_01_18_35_53_622.jpg, /home/zubin/Desktop/Self-driving-car-simulation/Data/IMG/right_2019_03_01_18_35_53_622.jpg, 0, 0, 0, 1.088239
/home/zubin/Desktop/Self-driving-car-simulation/Data/IMG/center_2019_03_01_18_35_53_735.jpg, /home/zubin/Desktop/Self-driving-car-simulation/Data/IMG/left_2019_03_01_18_35_53_735.jpg, /home/zubin/Desktop/Self-driving-car-simulation/Data/IMG/right_2019_03_01_18_35_53_735.jpg, 0, 0, 0, 1.072766
/home/zubin/Desktop/Self-driving-car-simulation/Data/IMG/center_2019_03_01_18_35_53_839.jpg, /home/zubin/Desktop/Self-driving-car-simulation/Data/IMG/left_2019_03_01_18_35_53_839.jpg, /home/zubin/Desktop/Self-driving-car-simulation/Data/IMG/right_2019_03_01_18_35_53_839.jpg, 0, 0, 0, 1.060015
/home/zubin/Desktop/Self-driving-car-simulation/Data/IMG/center_2019_03_01_18_35_53_954.jpg, /home/zubin/Desktop/Self-driving-car-simulation/Data/IMG/left_2019_03_01_18_35_53_954.jpg, /home/zubin/Desktop/Self-driving-car-simulation/Data/IMG/right_2019_03_01_18_35_53_954.jpg, 0, 0, 0, 1.044882
/home/zubin/Desktop/Self-driving-car-simulation/Data/IMG/center_2019_03_01_18_35_54_071.jpg, /home/zubin/Desktop/Self-driving-car-simulation/Data/IMG/left_2019_03_01_18_35_54_071.jpg, /home/zubin/Desktop/Self-driving-car-simulation/Data/IMG/right_2019_03_01_18_35_54_071.jpg, 0, 0, 0, 1.032411
/home/zubin/Desktop/Self-driving-car-simulation/Data/IMG/center_2019_03_01_18_35_54_189.jpg, /home/zubin/Desktop/Self-driving-car-simulation/Data/IMG/left_2019_03_01_18_35_54_189.jpg, /home/zubin/Desktop/Self-driving-car-simulation/Data/IMG/right_2019_03_01_18_35_54_189.jpg, 0, 0, 0, 1.017611
/home/zubin/Desktop/Self-driving-car-simulation/Data/IMG/center_2019_03_01_18_35_54_302.jpg, /home/zubin/Desktop/Self-driving-car-simulation/Data/IMG/left_2019_03_01_18_35_54_302.jpg, /home/zubin/Desktop/Self-driving-car-simulation/Data/IMG/right_2019_03_01_18_35_54_302.jpg, 0, 0, 0, 1.002988
/home/zubin/Desktop/Self-driving-car-simulation/Data/IMG/center_2019_03_01_18_35_54_403.jpg, /home/zubin/Desktop/Self-driving-car-simulation/Data/IMG/left_2019_03_01_18_35_54_403.jpg, /home/zubin/Desktop/Self-driving-car-simulation/Data/IMG/right_2019_03_01_18_35_54_403.jpg, 0, 0, 0, 0.9909372
/home/zubin/Desktop/Self-driving-car-simulation/Data/IMG/center_2019_03_01_18_35_54_503.jpg, /home/zubin/Desktop/Self-driving-car-simulation/Data/IMG/left_2019_03_01_18_35_54_503.jpg, /home/zubin/Desktop/Self-driving-car-simulation/Data/IMG/right_2019_03_01_18_35_54_503.jpg, 0, 0, 0, 0.9790068
/home/zubin/Desktop/Self-driving-car-simulation/Data/IMG/center_2019_03_01_18_35_54_618.jpg, /home/zubin/Desktop/Self-driving-car-simulation/Data/IMG/left_2019_03_01_18_35_54_618.jpg, /home/zubin/Desktop/Self-driving-car-simulation/Data/IMG/right_2019_03_01_18_35_54_618.jpg, 0, 0, 0, 0.9648486
/home/zubin/Desktop/Self-driving-car-simulation/Data/IMG/center_2019_03_01_18_35_54_721.jpg, /home/zubin/Desktop/Self-driving-car-simulation/Data/IMG/left_2019_03_01_18_35_54_721.jpg, /home/zubin/Desktop/Self-driving-car-simulation/Data/IMG/right_2019_03_01_18_35_54_721.jpg, 0, 0, 0, 0.9531805
/home/zubin/Desktop/Self-driving-car-simulation/Data/IMG/center_2019_03_01_18_35_54_836.jpg, /home/zubin/Desktop/Self-driving-car-simulation/Data/IMG/left_2019_03_01_18_35_54_836.jpg, /home/zubin/Desktop/Self-driving-car-simulation/Data/IMG/right_2019_03_01_18_35_54_836.jpg, 0, 0, 0, 0.9393333
/home/zubin/Desktop/Self-driving-car-simulation/Data/IMG/center_2019_03_01_18_35_54_952.jpg, /home/zubin/Desktop/Self-driving-car-simulation/Data/IMG/left_2019_03_01_18_35_54_952.jpg, /home/zubin/Desktop/Self-driving-car-simulation/Data/IMG/right_2019_03_01_18_35_54_952.jpg, 0, 0, 0, 0.9279213
/home/zubin/Desktop/Self-driving-car-simulation/Data/IMG/center_2019_03_01_18_35_55_053.jpg, /home/zubin/Desktop/Self-driving-car-simulation/Data/IMG/left_2019_03_01_18_35_55_053.jpg, /home/zubin/Desktop/Self-driving-car-simulation/Data/IMG/right_2019_03_01_18_35_55_053.jpg, 0, 0, 0, 0.9166238
/home/zubin/Desktop/Self-driving-car-simulation/Data/IMG/center_2019_03_01_18_35_55_168.jpg, /home/zubin/Desktop/Self-driving-car-simulation/Data/IMG/left_2019_03_01_18_35_55_168.jpg, /home/zubin/Desktop/Self-driving-car-simulation/Data/IMG/right_2019_03_01_18_35_55_168.jpg, 0, 0, 0, 0.9032164
/home/zubin/Desktop/Self-driving-car-simulation/Data/IMG/center_2019_03_01_18_35_55_269.jpg, /home/zubin/Desktop/Self-driving-car-simulation/Data/IMG/left_2019_03_01_18_35_55_269.jpg, /home/zubin/Desktop/Self-driving-car-simulation/Data/IMG/right_2019_03_01_18_35_55_269.jpg, 0, 0, 0, 0.8921669
/home/zubin/Desktop/Self-driving-car-simulation/Data/IMG/center_2019_03_01_18_35_55_369.jpg, /home/zubin/Desktop/Self-driving-car-simulation/Data/IMG/left_2019_03_01_18_35_55_369.jpg, /home/zubin/Desktop/Self-driving-car-simulation/Data/IMG/right_2019_03_01_18_35_55_369.jpg, 0, 0, 0, 0.8812281
/home/zubin/Desktop/Self-driving-car-simulation/Data/IMG/center_2019_03_01_18_35_55_469.jpg, /home/zubin/Desktop/Self-driving-car-simulation/Data/IMG/left_2019_03_01_18_35_55_469.jpg, /home/zubin/Desktop/Self-driving-car-simulation/Data/IMG/right_2019_03_01_18_35_55_469.jpg, 0, 0, 0, 0.8703989
/home/zubin/Desktop/Self-driving-car-simulation/Data/IMG/center_2019_03_01_18_35_55_584.jpg, /home/zubin/Desktop/Self-driving-car-simulation/Data/IMG/left_2019_03_01_18_35_55_584.jpg, /home/zubin/Desktop/Self-driving-car-simulation/Data/IMG/right_2019_03_01_18_35_55_584.jpg, 0, 0, 0, 0.8575476
/home/zubin/Desktop/Self-driving-car-simulation/Data/IMG/center_2019_03_01_18_35_55_686.jpg, /home/zubin/Desktop/Self-driving-car-simulation/Data/IMG/left_2019_03_01_18_35_55_686.jpg, /home/zubin/Desktop/Self-driving-car-simulation/Data/IMG/right_2019_03_01_18_35_55_686.jpg, 0, 0, 0, 0.8469563
/home/zubin/Desktop/Self-driving-car-simulation/Data/IMG/center_2019_03_01_18_35_55_801.jpg, /home/zubin/Desktop/Self-driving-car-simulation/Data/IMG/left_2019_03_01_18_35_55_801.jpg, /home/zubin/Desktop/Self-driving-car-simulation/Data/IMG/right_2019_03_01_18_35_55_801.jpg, 0, 0, 0, 0.8343868
/home/zubin/Desktop/Self-driving-car-simulation/Data/IMG/center_2019_03_01_18_35_55_902.jpg, /home/zubin/Desktop/Self-driving-car-simulation/Data/IMG/left_2019_03_01_18_35_55_902.jpg, /home/zubin/Desktop/Self-driving-car-simulation/Data/IMG/right_2019_03_01_18_35_55_902.jpg, 0, 0, 0, 0.8240278
/home/zubin/Desktop/Self-driving-car-simulation/Data/IMG/center_2019_03_01_18_35_56_003.jpg, /home/zubin/Desktop/Self-driving-car-simulation/Data/IMG/left_2019_03_01_18_35_56_003.jpg, /home/zubin/Desktop/Self-driving-car-simulation/Data/IMG/right_2019_03_01_18_35_56_003.jpg, 0, 0, 0, 0.813773
/home/zubin/Desktop/Self-driving-car-simulation/Data/IMG/center_2019_03_01_18_35_56_120.jpg, /home/zubin/Desktop/Self-driving-car-simulation/Data/IMG/left_2019_03_01_18_35_56_120.jpg, /home/zubin/Desktop/Self-driving-car-simulation/Data/IMG/right_2019_03_01_18_35_56_120.jpg, 0, 0, 0, 0.8016029
/home/zubin/Desktop/Self-driving-car-simulation/Data/IMG/center_2019_03_01_18_35_56_235.jpg, /home/zubin/Desktop/Self-driving-car-simulation/Data/IMG/left_2019_03_01_18_35_56_235.jpg, /home/zubin/Desktop/Self-driving-car-simulation/Data/IMG/right_2019_03_01_18_35_56_235.jpg, 0, 0, 0, 0.7895792
/home/zubin/Desktop/Self-driving-car-simulation/Data/IMG/center_2019_03_01_18_35_56_352.jpg, /home/zubin/Desktop/Self-driving-car-simulation/Data/IMG/left_2019_03_01_18_35_56_352.jpg, /home/zubin/Desktop/Self-driving-car-simulation/Data/IMG/right_2019_03_01_18_35_56_352.jpg, 0, 0, 0, 0.7796699
/home/zubin/Desktop/Self-driving-car-simulation/Data/IMG/center_2019_03_01_18_35_56_470.jpg, /home/zubin/Desktop/Self-driving-car-simulation/Data/IMG/left_2019_03_01_18_35_56_470.jpg, /home/zubin/Desktop/Self-driving-car-simulation/Data/IMG/right_2019_03_01_18_35_56_470.jpg, 0, 0, 0, 0.76791
/home/zubin/Desktop/Self-driving-car-simulation/Data/IMG/center_2019_03_01_18_35_56_585.jpg, /home/zubin/Desktop/Self-driving-car-simulation/Data/IMG/left_2019_03_01_18_35_56_585.jpg, /home/zubin/Desktop/Self-driving-car-simulation/Data/IMG/right_2019_03_01_18_35_56_585.jpg, 0, 0, 0, 0.7562916
/home/zubin/Desktop/Self-driving-car-simulation/Data/IMG/center_2019_03_01_18_35_56_701.jpg, /home/zubin/Desktop/Self-driving-car-simulation/Data/IMG/left_2019_03_01_18_35_56_701.jpg, /home/zubin/Desktop/Self-driving-car-simulation/Data/IMG/right_2019_03_01_18_35_56_701.jpg, 0, 0, 0, 0.744813
/home/zubin/Desktop/Self-driving-car-simulation/Data/IMG/center_2019_03_01_18_35_56_802.jpg, /home/zubin/Desktop/Self-driving-car-simulation/Data/IMG/left_2019_03_01_18_35_56_802.jpg, /home/zubin/Desktop/Self-driving-car-simulation/Data/IMG/right_2019_03_01_18_35_56_802.jpg, 0, 0, 0, 0.7353532
/home/zubin/Desktop/Self-driving-car-simulation/Data/IMG/center_2019_03_01_18_35_56_918.jpg, /home/zubin/Desktop/Self-driving-car-simulation/Data/IMG/left_2019_03_01_18_35_56_918.jpg, /home/zubin/Desktop/Self-driving-car-simulation/Data/IMG/right_2019_03_01_18_35_56_918.jpg, 0, 0, 0, 0.7241264
/home/zubin/Desktop/Self-driving-car-simulation/Data/IMG/center_2019_03_01_18_35_57_019.jpg, /home/zubin/Desktop/Self-driving-car-simulation/Data/IMG/left_2019_03_01_18_35_57_019.jpg, /home/zubin/Desktop/Self-driving-car-simulation/Data/IMG/right_2019_03_01_18_35_57_019.jpg, 0, 0, 0, 0.7148742
/home/zubin/Desktop/Self-driving-car-simulation/Data/IMG/center_2019_03_01_18_35_57_132.jpg, /home/zubin/Desktop/Self-driving-car-simulation/Data/IMG/left_2019_03_01_18_35_57_132.jpg, /home/zubin/Desktop/Self-driving-car-simulation/Data/IMG/right_2019_03_01_18_35_57_132.jpg, 0, 0, 0, 0.7057146
/home/zubin/Desktop/Self-driving-car-simulation/Data/IMG/center_2019_03_01_18_35_57_235.jpg, /home/zubin/Desktop/Self-driving-car-simulation/Data/IMG/left_2019_03_01_18_35_57_235.jpg, /home/zubin/Desktop/Self-driving-car-simulation/Data/IMG/right_2019_03_01_18_35_57_235.jpg, 0, 0, 0, 0.6948446
/home/zubin/Desktop/Self-driving-car-simulation/Data/IMG/center_2019_03_01_18_35_57_349.jpg, /home/zubin/Desktop/Self-driving-car-simulation/Data/IMG/left_2019_03_01_18_35_57_349.jpg, /home/zubin/Desktop/Self-driving-car-simulation/Data/IMG/right_2019_03_01_18_35_57_349.jpg, 0, 0, 0, 0.6858861
/home/zubin/Desktop/Self-driving-car-simulation/Data/IMG/center_2019_03_01_18_35_57_467.jpg, /home/zubin/Desktop/Self-driving-car-simulation/Data/IMG/left_2019_03_01_18_35_57_467.jpg, /home/zubin/Desktop/Self-driving-car-simulation/Data/IMG/right_2019_03_01_18_35_57_467.jpg, 0, 0, 0, 0.6752547
/home/zubin/Desktop/Self-driving-car-simulation/Data/IMG/center_2019_03_01_18_35_57_582.jpg, /home/zubin/Desktop/Self-driving-car-simulation/Data/IMG/left_2019_03_01_18_35_57_582.jpg, /home/zubin/Desktop/Self-driving-car-simulation/Data/IMG/right_2019_03_01_18_35_57_582.jpg, 0, 0, 0, 0.6647509
/home/zubin/Desktop/Self-driving-car-simulation/Data/IMG/center_2019_03_01_18_35_57_685.jpg, /home/zubin/Desktop/Self-driving-car-simulation/Data/IMG/left_2019_03_01_18_35_57_685.jpg, /home/zubin/Desktop/Self-driving-car-simulation/Data/IMG/right_2019_03_01_18_35_57_685.jpg, 0, 0, 0, 0.6560944
/home/zubin/Desktop/Self-driving-car-simulation/Data/IMG/center_2019_03_01_18_35_57_799.jpg, /home/zubin/Desktop/Self-driving-car-simulation/Data/IMG/left_2019_03_01_18_35_57_799.jpg, /home/zubin/Desktop/Self-driving-car-simulation/Data/IMG/right_2019_03_01_18_35_57_799.jpg, 0, 0, 0, 0.6458213
/home/zubin/Desktop/Self-driving-car-simulation/Data/IMG/center_2019_03_01_18_35_57_901.jpg, /home/zubin/Desktop/Self-driving-car-simulation/Data/IMG/left_2019_03_01_18_35_57_901.jpg, /home/zubin/Desktop/Self-driving-car-simulation/Data/IMG/right_2019_03_01_18_35_57_901.jpg, 0, 0, 0, 0.6373546
/home/zubin/Desktop/Self-driving-car-simulation/Data/IMG/center_2019_03_01_18_35_58_015.jpg, /home/zubin/Desktop/Self-driving-car-simulation/Data/IMG/left_2019_03_01_18_35_58_015.jpg, /home/zubin/Desktop/Self-driving-car-simulation/Data/IMG/right_2019_03_01_18_35_58_015.jpg, 0, 0, 0, 0.6273068
/home/zubin/Desktop/Self-driving-car-simulation/Data/IMG/center_2019_03_01_18_35_58_116.jpg, /home/zubin/Desktop/Self-driving-car-simulation/Data/IMG/left_2019_03_01_18_35_58_116.jpg, /home/zubin/Desktop/Self-driving-car-simulation/Data/IMG/right_2019_03_01_18_35_58_116.jpg, 0, 0, 0, 0.6190261
/home/zubin/Desktop/Self-driving-car-simulation/Data/IMG/center_2019_03_01_18_35_58_234.jpg, /home/zubin/Desktop/Self-driving-car-simulation/Data/IMG/left_2019_03_01_18_35_58_234.jpg, /home/zubin/Desktop/Self-driving-car-simulation/Data/IMG/right_2019_03_01_18_35_58_234.jpg, 0, 0, 0, 0.6091992
/home/zubin/Desktop/Self-driving-car-simulation/Data/IMG/center_2019_03_01_18_35_58_348.jpg, /home/zubin/Desktop/Self-driving-car-simulation/Data/IMG/left_2019_03_01_18_35_58_348.jpg, /home/zubin/Desktop/Self-driving-car-simulation/Data/IMG/right_2019_03_01_18_35_58_348.jpg, 0, 0, 0, 0.6011003
/home/zubin/Desktop/Self-driving-car-simulation/Data/IMG/center_2019_03_01_18_35_58_467.jpg, /home/zubin/Desktop/Self-driving-car-simulation/Data/IMG/left_2019_03_01_18_35_58_467.jpg, /home/zubin/Desktop/Self-driving-car-simulation/Data/IMG/right_2019_03_01_18_35_58_467.jpg, 0, 0, 0, 0.5914888
/home/zubin/Desktop/Self-driving-car-simulation/Data/IMG/center_2019_03_01_18_35_58_583.jpg, /home/zubin/Desktop/Self-driving-car-simulation/Data/IMG/left_2019_03_01_18_35_58_583.jpg, /home/zubin/Desktop/Self-driving-car-simulation/Data/IMG/right_2019_03_01_18_35_58_583.jpg, 0, 0, 0, 0.5819927
/home/zubin/Desktop/Self-driving-car-simulation/Data/IMG/center_2019_03_01_18_35_58_699.jpg, /home/zubin/Desktop/Self-driving-car-simulation/Data/IMG/left_2019_03_01_18_35_58_699.jpg, /home/zubin/Desktop/Self-driving-car-simulation/Data/IMG/right_2019_03_01_18_35_58_699.jpg, 0, 0, 0, 0.5726112
/home/zubin/Desktop/Self-driving-car-simulation/Data/IMG/center_2019_03_01_18_35_58_817.jpg, /home/zubin/Desktop/Self-driving-car-simulation/Data/IMG/left_2019_03_01_18_35_58_817.jpg, /home/zubin/Desktop/Self-driving-car-simulation/Data/IMG/right_2019_03_01_18_35_58_817.jpg, 0, 0, 0, 0.5633423
/home/zubin/Desktop/Self-driving-car-simulation/Data/IMG/center_2019_03_01_18_35_58_931.jpg, /home/zubin/Desktop/Self-driving-car-simulation/Data/IMG/left_2019_03_01_18_35_58_931.jpg, /home/zubin/Desktop/Self-driving-car-simulation/Data/IMG/right_2019_03_01_18_35_58_931.jpg, 0, 0, 0, 0.5557035
/home/zubin/Desktop/Self-driving-car-simulation/Data/IMG/center_2019_03_01_18_35_59_032.jpg, /home/zubin/Desktop/Self-driving-car-simulation/Data/IMG/left_2019_03_01_18_35_59_032.jpg, /home/zubin/Desktop/Self-driving-car-simulation/Data/IMG/right_2019_03_01_18_35_59_032.jpg, 0, 0, 0, 0.5481414
/home/zubin/Desktop/Self-driving-car-simulation/Data/IMG/center_2019_03_01_18_35_59_132.jpg, /home/zubin/Desktop/Self-driving-car-simulation/Data/IMG/left_2019_03_01_18_35_59_132.jpg, /home/zubin/Desktop/Self-driving-car-simulation/Data/IMG/right_2019_03_01_18_35_59_132.jpg, 0, 0, 0, 0.5406551
/home/zubin/Desktop/Self-driving-car-simulation/Data/IMG/center_2019_03_01_18_35_59_233.jpg, /home/zubin/Desktop/Self-driving-car-simulation/Data/IMG/left_2019_03_01_18_35_59_233.jpg, /home/zubin/Desktop/Self-driving-car-simulation/Data/IMG/right_2019_03_01_18_35_59_233.jpg, 0, 0, 0, 0.5332439
/home/zubin/Desktop/Self-driving-car-simulation/Data/IMG/center_2019_03_01_18_35_59_333.jpg, /home/zubin/Desktop/Self-driving-car-simulation/Data/IMG/left_2019_03_01_18_35_59_333.jpg, /home/zubin/Desktop/Self-driving-car-simulation/Data/IMG/right_2019_03_01_18_35_59_333.jpg, 0, 0, 0, 0.5259072
/home/zubin/Desktop/Self-driving-car-simulation/Data/IMG/center_2019_03_01_18_35_59_446.jpg, /home/zubin/Desktop/Self-driving-car-simulation/Data/IMG/left_2019_03_01_18_35_59_446.jpg, /home/zubin/Desktop/Self-driving-car-simulation/Data/IMG/right_2019_03_01_18_35_59_446.jpg, 0, 0, 0, 0.5172003
/home/zubin/Desktop/Self-driving-car-simulation/Data/IMG/center_2019_03_01_18_35_59_549.jpg, /home/zubin/Desktop/Self-driving-car-simulation/Data/IMG/left_2019_03_01_18_35_59_549.jpg, /home/zubin/Desktop/Self-driving-car-simulation/Data/IMG/right_2019_03_01_18_35_59_549.jpg, 0, 0, 0, 0.5100246
/home/zubin/Desktop/Self-driving-car-simulation/Data/IMG/center_2019_03_01_18_35_59_665.jpg, /home/zubin/Desktop/Self-driving-car-simulation/Data/IMG/left_2019_03_01_18_35_59_665.jpg, /home/zubin/Desktop/Self-driving-car-simulation/Data/IMG/right_2019_03_01_18_35_59_665.jpg, 0, 0, 0, 0.5015087
/home/zubin/Desktop/Self-driving-car-simulation/Data/IMG/center_2019_03_01_18_35_59_780.jpg, /home/zubin/Desktop/Self-driving-car-simulation/Data/IMG/left_2019_03_01_18_35_59_780.jpg, /home/zubin/Desktop/Self-driving-car-simulation/Data/IMG/right_2019_03_01_18_35_59_780.jpg, 0, 0, 0, 0.4930953
/home/zubin/Desktop/Self-driving-car-simulation/Data/IMG/center_2019_03_01_18_35_59_901.jpg, /home/zubin/Desktop/Self-driving-car-simulation/Data/IMG/left_2019_03_01_18_35_59_901.jpg, /home/zubin/Desktop/Self-driving-car-simulation/Data/IMG/right_2019_03_01_18_35_59_901.jpg, 0, 0, 0, 0.4847831
/home/zubin/Desktop/Self-driving-car-simulation/Data/IMG/center_2019_03_01_18_36_00_014.jpg, /home/zubin/Desktop/Self-driving-car-simulation/Data/IMG/left_2019_03_01_18_36_00_014.jpg, /home/zubin/Desktop/Self-driving-car-simulation/Data/IMG/right_2019_03_01_18_36_00_014.jpg, 0, 0, 0, 0.476571
/home/zubin/Desktop/Self-driving-car-simulation/Data/IMG/center_2019_03_01_18_36_00_131.jpg, /home/zubin/Desktop/Self-driving-car-simulation/Data/IMG/left_2019_03_01_18_36_00_131.jpg, /home/zubin/Desktop/Self-driving-car-simulation/Data/IMG/right_2019_03_01_18_36_00_131.jpg, 0, 0, 0, 0.4698031
/home/zubin/Desktop/Self-driving-car-simulation/Data/IMG/center_2019_03_01_18_36_00_231.jpg, /home/zubin/Desktop/Self-driving-car-simulation/Data/IMG/left_2019_03_01_18_36_00_231.jpg, /home/zubin/Desktop/Self-driving-car-simulation/Data/IMG/right_2019_03_01_18_36_00_231.jpg, 0, 0, 0, 0.4631031
/home/zubin/Desktop/Self-driving-car-simulation/Data/IMG/center_2019_03_01_18_36_00_347.jpg, /home/zubin/Desktop/Self-driving-car-simulation/Data/IMG/left_2019_03_01_18_36_00_347.jpg, /home/zubin/Desktop/Self-driving-car-simulation/Data/IMG/right_2019_03_01_18_36_00_347.jpg, 0, 0, 0, 0.4551516
/home/zubin/Desktop/Self-driving-car-simulation/Data/IMG/center_2019_03_01_18_36_00_464.jpg, /home/zubin/Desktop/Self-driving-car-simulation/Data/IMG/left_2019_03_01_18_36_00_464.jpg, /home/zubin/Desktop/Self-driving-car-simulation/Data/IMG/right_2019_03_01_18_36_00_464.jpg, 0, 0, 0, 0.4472959
/home/zubin/Desktop/Self-driving-car-simulation/Data/IMG/center_2019_03_01_18_36_00_566.jpg, /home/zubin/Desktop/Self-driving-car-simulation/Data/IMG/left_2019_03_01_18_36_00_566.jpg, /home/zubin/Desktop/Self-driving-car-simulation/Data/IMG/right_2019_03_01_18_36_00_566.jpg, 0, 0, 0, 0.4408163
/home/zubin/Desktop/Self-driving-car-simulation/Data/IMG/center_2019_03_01_18_36_00_680.jpg, /home/zubin/Desktop/Self-driving-car-simulation/Data/IMG/left_2019_03_01_18_36_00_680.jpg, /home/zubin/Desktop/Self-driving-car-simulation/Data/IMG/right_2019_03_01_18_36_00_680.jpg, 0, 0, 0, 0.4331338
/home/zubin/Desktop/Self-driving-car-simulation/Data/IMG/center_2019_03_01_18_36_00_781.jpg, /home/zubin/Desktop/Self-driving-car-simulation/Data/IMG/left_2019_03_01_18_36_00_781.jpg, /home/zubin/Desktop/Self-driving-car-simulation/Data/IMG/right_2019_03_01_18_36_00_781.jpg, 0, 0, 0, 0.4268023
/home/zubin/Desktop/Self-driving-car-simulation/Data/IMG/center_2019_03_01_18_36_00_883.jpg, /home/zubin/Desktop/Self-driving-car-simulation/Data/IMG/left_2019_03_01_18_36_00_883.jpg, /home/zubin/Desktop/Self-driving-car-simulation/Data/IMG/right_2019_03_01_18_36_00_883.jpg, 0, 0, 0, 0.4205343
/home/zubin/Desktop/Self-driving-car-simulation/Data/IMG/center_2019_03_01_18_36_00_997.jpg, /home/zubin/Desktop/Self-driving-car-simulation/Data/IMG/left_2019_03_01_18_36_00_997.jpg, /home/zubin/Desktop/Self-driving-car-simulation/Data/IMG/right_2019_03_01_18_36_00_997.jpg, 0, 0, 0, 0.4130957
/home/zubin/Desktop/Self-driving-car-simulation/Data/IMG/center_2019_03_01_18_36_01_112.jpg, /home/zubin/Desktop/Self-driving-car-simulation/Data/IMG/left_2019_03_01_18_36_01_112.jpg, /home/zubin/Desktop/Self-driving-car-simulation/Data/IMG/right_2019_03_01_18_36_01_112.jpg, 0, 0, 0, 0.4069651
/home/zubin/Desktop/Self-driving-car-simulation/Data/IMG/center_2019_03_01_18_36_01_212.jpg, /home/zubin/Desktop/Self-driving-car-simulation/Data/IMG/left_2019_03_01_18_36_01_212.jpg, /home/zubin/Desktop/Self-driving-car-simulation/Data/IMG/right_2019_03_01_18_36_01_212.jpg, 0, 0, 0, 0.4008963
/home/zubin/Desktop/Self-driving-car-simulation/Data/IMG/center_2019_03_01_18_36_01_330.jpg, /home/zubin/Desktop/Self-driving-car-simulation/Data/IMG/left_2019_03_01_18_36_01_330.jpg, /home/zubin/Desktop/Self-driving-car-simulation/Data/IMG/right_2019_03_01_18_36_01_330.jpg, 0, 0, 0, 0.3936939
/home/zubin/Desktop/Self-driving-car-simulation/Data/IMG/center_2019_03_01_18_36_01_430.jpg, /home/zubin/Desktop/Self-driving-car-simulation/Data/IMG/left_2019_03_01_18_36_01_430.jpg, /home/zubin/Desktop/Self-driving-car-simulation/Data/IMG/right_2019_03_01_18_36_01_430.jpg, 0, 0, 0, 0.3877582
/home/zubin/Desktop/Self-driving-car-simulation/Data/IMG/center_2019_03_01_18_36_01_530.jpg, /home/zubin/Desktop/Self-driving-car-simulation/Data/IMG/left_2019_03_01_18_36_01_530.jpg, /home/zubin/Desktop/Self-driving-car-simulation/Data/IMG/right_2019_03_01_18_36_01_530.jpg, 0, 0, 0, 0.0008247236
/home/zubin/Desktop/Self-driving-car-simulation/Data/IMG/center_2019_03_01_18_36_01_646.jpg, /home/zubin/Desktop/Self-driving-car-simulation/Data/IMG/left_2019_03_01_18_36_01_646.jpg, /home/zubin/Desktop/Self-driving-car-simulation/Data/IMG/right_2019_03_01_18_36_01_646.jpg, 0, 0, 0, 0.001152926
/home/zubin/Desktop/Self-driving-car-simulation/Data/IMG/center_2019_03_01_18_36_01_748.jpg, /home/zubin/Desktop/Self-driving-car-simulation/Data/IMG/left_2019_03_01_18_36_01_748.jpg, /home/zubin/Desktop/Self-driving-car-simulation/Data/IMG/right_2019_03_01_18_36_01_748.jpg, 0, 0, 0, 0.0006230496
/home/zubin/Desktop/Self-driving-car-simulation/Data/IMG/center_2019_03_01_18_36_01_848.jpg, /home/zubin/Desktop/Self-driving-car-simulation/Data/IMG/left_2019_03_01_18_36_01_848.jpg, /home/zubin/Desktop/Self-driving-car-simulation/Data/IMG/right_2019_03_01_18_36_01_848.jpg, 0, 0, 0, 0.0001984433
/home/zubin/Desktop/Self-driving-car-simulation/Data/IMG/center_2019_03_01_18_36_01_962.jpg, /home/zubin/Desktop/Self-driving-car-simulation/Data/IMG/left_2019_03_01_18_36_01_962.jpg, /home/zubin/Desktop/Self-driving-car-simulation/Data/IMG/right_2019_03_01_18_36_01_962.jpg, 0, 0, 0, 2.643473E-05
/home/zubin/Desktop/Self-driving-car-simulation/Data/IMG/center_2019_03_01_18_36_02_064.jpg, /home/zubin/Desktop/Self-driving-car-simulation/Data/IMG/left_2019_03_01_18_36_02_064.jpg, /home/zubin/Desktop/Self-driving-car-simulation/Data/IMG/right_2019_03_01_18_36_02_064.jpg, 0, 0, 0, 4.069116E-05
/home/zubin/Desktop/Self-driving-car-simulation/Data/IMG/center_2019_03_01_18_36_02_180.jpg, /home/zubin/Desktop/Self-driving-car-simulation/Data/IMG/left_2019_03_01_18_36_02_180.jpg, /home/zubin/Desktop/Self-driving-car-simulation/Data/IMG/right_2019_03_01_18_36_02_180.jpg, 0, 0, 0, 3.201033E-05
/home/zubin/Desktop/Self-driving-car-simulation/Data/IMG/center_2019_03_01_18_36_02_295.jpg, /home/zubin/Desktop/Self-driving-car-simulation/Data/IMG/left_2019_03_01_18_36_02_295.jpg, /home/zubin/Desktop/Self-driving-car-simulation/Data/IMG/right_2019_03_01_18_36_02_295.jpg, 0, 0, 0, 2.490294E-05
/home/zubin/Desktop/Self-driving-car-simulation/Data/IMG/center_2019_03_01_18_36_02_395.jpg, /home/zubin/Desktop/Self-driving-car-simulation/Data/IMG/left_2019_03_01_18_36_02_395.jpg, /home/zubin/Desktop/Self-driving-car-simulation/Data/IMG/right_2019_03_01_18_36_02_395.jpg, 0, 0, 0, 2.526391E-05
/home/zubin/Desktop/Self-driving-car-simulation/Data/IMG/center_2019_03_01_18_36_02_497.jpg, /home/zubin/Desktop/Self-driving-car-simulation/Data/IMG/left_2019_03_01_18_36_02_497.jpg, /home/zubin/Desktop/Self-driving-car-simulation/Data/IMG/right_2019_03_01_18_36_02_497.jpg, 0, 0, 0, 2.355413E-05
/home/zubin/Desktop/Self-driving-car-simulation/Data/IMG/center_2019_03_01_18_36_02_611.jpg, /home/zubin/Desktop/Self-driving-car-simulation/Data/IMG/left_2019_03_01_18_36_02_611.jpg, /home/zubin/Desktop/Self-driving-car-simulation/Data/IMG/right_2019_03_01_18_36_02_611.jpg, 0, 0, 0, 2.514574E-05
/home/zubin/Desktop/Self-driving-car-simulation/Data/IMG/center_2019_03_01_18_36_02_728.jpg, /home/zubin/Desktop/Self-driving-car-simulation/Data/IMG/left_2019_03_01_18_36_02_728.jpg, /home/zubin/Desktop/Self-driving-car-simulation/Data/IMG/right_2019_03_01_18_36_02_728.jpg, 0, 0, 0, 2.19104E-05
/home/zubin/Desktop/Self-driving-car-simulation/Data/IMG/center_2019_03_01_18_36_02_829.jpg, /home/zubin/Desktop/Self-driving-car-simulation/Data/IMG/left_2019_03_01_18_36_02_829.jpg, /home/zubin/Desktop/Self-driving-car-simulation/Data/IMG/right_2019_03_01_18_36_02_829.jpg, 0, 0, 0, 2.162463E-05
/home/zubin/Desktop/Self-driving-car-simulation/Data/IMG/center_2019_03_01_18_36_02_946.jpg, /home/zubin/Desktop/Self-driving-car-simulation/Data/IMG/left_2019_03_01_18_36_02_946.jpg, /home/zubin/Desktop/Self-driving-car-simulation/Data/IMG/right_2019_03_01_18_36_02_946.jpg, 0, 0, 0, 2.221495E-05
/home/zubin/Desktop/Self-driving-car-simulation/Data/IMG/center_2019_03_01_18_36_03_046.jpg, /home/zubin/Desktop/Self-driving-car-simulation/Data/IMG/left_2019_03_01_18_36_03_046.jpg, /home/zubin/Desktop/Self-driving-car-simulation/Data/IMG/right_2019_03_01_18_36_03_046.jpg, 0, 0, 0, 2.270031E-05
/home/zubin/Desktop/Self-driving-car-simulation/Data/IMG/center_2019_03_01_18_36_03_161.jpg, /home/zubin/Desktop/Self-driving-car-simulation/Data/IMG/left_2019_03_01_18_36_03_161.jpg, /home/zubin/Desktop/Self-driving-car-simulation/Data/IMG/right_2019_03_01_18_36_03_161.jpg, 0, 0, 0, 2.199758E-05
/home/zubin/Desktop/Self-driving-car-simulation/Data/IMG/center_2019_03_01_18_36_03_261.jpg, /home/zubin/Desktop/Self-driving-car-simulation/Data/IMG/left_2019_03_01_18_36_03_261.jpg, /home/zubin/Desktop/Self-driving-car-simulation/Data/IMG/right_2019_03_01_18_36_03_261.jpg, 0, 0, 0, 2.241644E-05
/home/zubin/Desktop/Self-driving-car-simulation/Data/IMG/center_2019_03_01_18_36_03_361.jpg, /home/zubin/Desktop/Self-driving-car-simulation/Data/IMG/left_2019_03_01_18_36_03_361.jpg, /home/zubin/Desktop/Self-driving-car-simulation/Data/IMG/right_2019_03_01_18_36_03_361.jpg, 0, 0, 0, 2.525706E-05
/home/zubin/Desktop/Self-driving-car-simulation/Data/IMG/center_2019_03_01_18_36_03_478.jpg, /home/zubin/Desktop/Self-driving-car-simulation/Data/IMG/left_2019_03_01_18_36_03_478.jpg, /home/zubin/Desktop/Self-driving-car-simulation/Data/IMG/right_2019_03_01_18_36_03_478.jpg, 0, 0, 0, 2.184717E-05
/home/zubin/Desktop/Self-driving-car-simulation/Data/IMG/center_2019_03_01_18_36_03_593.jpg, /home/zubin/Desktop/Self-driving-car-simulation/Data/IMG/left_2019_03_01_18_36_03_593.jpg, /home/zubin/Desktop/Self-driving-car-simulation/Data/IMG/right_2019_03_01_18_36_03_593.jpg, 0, 0, 0, 2.220066E-05
/home/zubin/Desktop/Self-driving-car-simulation/Data/IMG/center_2019_03_01_18_36_03_695.jpg, /home/zubin/Desktop/Self-driving-car-simulation/Data/IMG/left_2019_03_01_18_36_03_695.jpg, /home/zubin/Desktop/Self-driving-car-simulation/Data/IMG/right_2019_03_01_18_36_03_695.jpg, 0, 0, 0, 2.573476E-05
/home/zubin/Desktop/Self-driving-car-simulation/Data/IMG/center_2019_03_01_18_36_03_810.jpg, /home/zubin/Desktop/Self-driving-car-simulation/Data/IMG/left_2019_03_01_18_36_03_810.jpg, /home/zubin/Desktop/Self-driving-car-simulation/Data/IMG/right_2019_03_01_18_36_03_810.jpg, 0, 0, 0, 2.186822E-05
/home/zubin/Desktop/Self-driving-car-simulation/Data/IMG/center_2019_03_01_18_36_03_912.jpg, /home/zubin/Desktop/Self-driving-car-simulation/Data/IMG/left_2019_03_01_18_36_03_912.jpg, /home/zubin/Desktop/Self-driving-car-simulation/Data/IMG/right_2019_03_01_18_36_03_912.jpg, 0, 0, 0, 2.234701E-05
/home/zubin/Desktop/Self-driving-car-simulation/Data/IMG/center_2019_03_01_18_36_04_026.jpg, /home/zubin/Desktop/Self-driving-car-simulation/Data/IMG/left_2019_03_01_18_36_04_026.jpg, /home/zubin/Desktop/Self-driving-car-simulation/Data/IMG/right_2019_03_01_18_36_04_026.jpg, 0, 0, 0, 2.318851E-05
/home/zubin/Desktop/Self-driving-car-simulation/Data/IMG/center_2019_03_01_18_36_04_128.jpg, /home/zubin/Desktop/Self-driving-car-simulation/Data/IMG/left_2019_03_01_18_36_04_128.jpg, /home/zubin/Desktop/Self-driving-car-simulation/Data/IMG/right_2019_03_01_18_36_04_128.jpg, 0, 0, 0, 2.441547E-05
/home/zubin/Desktop/Self-driving-car-simulation/Data/IMG/center_2019_03_01_18_36_04_242.jpg, /home/zubin/Desktop/Self-driving-car-simulation/Data/IMG/left_2019_03_01_18_36_04_242.jpg, /home/zubin/Desktop/Self-driving-car-simulation/Data/IMG/right_2019_03_01_18_36_04_242.jpg, 0, 0, 0, 2.574197E-05
/home/zubin/Desktop/Self-driving-car-simulation/Data/IMG/center_2019_03_01_18_36_04_343.jpg, /home/zubin/Desktop/Self-driving-car-simulation/Data/IMG/left_2019_03_01_18_36_04_343.jpg, /home/zubin/Desktop/Self-driving-car-simulation/Data/IMG/right_2019_03_01_18_36_04_343.jpg, 0, 0, 0, 2.160506E-05
